MSA	2008	2007	2006	2005	2004	2003	2002	2001	2000
Abilene, TX	1,415.2	1,368.1	1,354.0	1,228.3	1,175.3	1,098.1	1,065.1	1,066.7	942.4
Akron, OH	4,470.1	4,628.4	4,121.3	4,075.0	4,013.6	3,705.6	3,424.4	3,190.7	2,970.1
Albany, GA	1,508.7	1,257.2	1,250.0	1,347.2	1,090.9	1,141.8	1,048.2	981.7	926.0
Albany-Schenectady-Troy, NY	13,206.6	11,591.5	10,245.2	10,528.9	10,818.6	13,953.9	12,650.0	9,005.2	8,589.9
Albuquerque, NM	9,441.4	9,496.5	8,523.8	8,447.5	8,140.4	7,472.5	6,902.8	6,366.6	5,729.3
Alexandria, LA	1,346.7	1,270.9	1,280.8	1,202.7	1,082.3	1,091.6	990.5	936.1	818.6
Allentown-Bethlehem-Easton, PA-NJ	5,214.0	5,282.1	4,572.4	4,400.6	4,085.2	3,722.0	3,791.3	3,454.8	3,147.7
Altoona, PA	1,100.5	1,068.4	965.3	934.9	867.3	824.8	783.2	747.7	718.6
Amarillo, TX	4,704.5	3,948.6	2,566.0	1,807.0	2,344.6	1,468.1	1,538.1	1,179.0	1,866.4
Ames, IA	590.0	653.1	752.2	543.8	607.5	488.6	467.3	440.6	362.6
Anchorage, AK	4,313.1	4,306.8	4,097.6	3,790.1	3,244.4	3,379.0	3,199.0	2,809.0	2,443.6
Anderson, IN	945.6	866.9	899.1	888.2	747.6	710.0	694.9	677.4	608.8
Anderson, SC	993.4	988.2	908.9	853.6	801.1	770.0	737.6	707.4	631.7
Ann Arbor, MI	2,996.3	2,375.5	2,194.7	2,106.2	2,042.4	1,943.9	1,794.1	1,667.5	1,558.7
Anniston-Oxford, AL	1,628.0	1,647.7	1,307.8	1,312.3	1,111.2	1,071.0	980.8	938.3	919.5
Appleton, WI	991.3	925.3	864.9	810.1	752.2	746.2	668.4	611.2	552.1
Asheville, NC	3,206.3	2,912.0	2,763.3	2,635.4	2,448.7	2,242.9	2,149.2	2,036.8	1,864.0
Athens-Clarke County, GA	2,069.8	1,033.3	964.5	935.2	913.6	870.5	831.9	748.5	681.8
Atlanta-Sandy Springs-Marietta, GA	31,670.7	34,959.6	28,703.4	25,919.3	23,059.1	21,495.8	23,225.7	21,893.8	18,732.6
Atlantic City-Hammonton, NJ	2,391.0	1,944.1	1,916.6	1,839.7	1,783.0	1,601.4	1,721.1	1,408.4	1,361.5
Auburn-Opelika, AL	572.8	678.0	641.7	552.1	504.3	461.3	430.1	401.7	365.6
Augusta-Richmond County, GA-SC	5,866.3	5,992.7	5,746.5	5,309.2	5,393.5	4,863.6	4,684.7	4,519.2	4,140.7
Austin-Round Rock, TX	12,309.0	11,590.6	12,353.8	10,341.5	10,115.8	9,516.7	9,298.3	8,492.1	6,731.6
Bakersfield, CA	5,554.5	4,643.4	4,890.4	4,415.5	4,154.4	3,856.0	3,749.8	3,748.2	3,562.6
Baltimore-Towson, MD	32,444.3	28,252.9	26,487.3	25,030.8	24,733.0	22,638.7	19,681.4	19,616.3	18,779.0
Bangor, ME	1,354.6	1,175.7	1,103.4	1,074.6	1,019.7	963.2	908.2	864.3	795.9
Barnstable Town, MA	2,243.5	2,180.4	2,023.3	1,978.6	1,902.3	1,767.5	1,621.2	1,561.0	1,503.2
Baton Rouge, LA	9,583.7	11,623.0	20,781.2	8,194.7	4,540.0	4,459.7	4,486.1	4,000.4	3,438.3
Battle Creek, MI	1,340.7	1,156.3	1,198.8	1,106.4	1,026.5	971.2	918.5	852.3	800.1
Bay City, MI	787.4	671.3	653.6	618.0	573.3	582.9	541.1	507.5	476.9
Beaumont-Port Arthur, TX	2,999.0	2,754.7	2,908.8	2,612.7	3,120.5	2,342.2	2,169.9	2,255.2	2,035.9
Bellingham, WA	2,258.4	1,749.0	1,536.6	1,487.4	1,167.2	878.8	821.6	905.3	811.9
Bend, OR	754.5	774.3	681.6	611.7	581.2	532.1	495.3	482.0	412.1
Billings, MT	988.7	967.2	944.1	883.4	804.6	781.2	775.2	738.5	671.0
Binghamton, NY	2,664.9	2,805.5	2,976.1	2,552.3	1,995.8	1,889.8	1,691.7	1,593.9	1,669.3
Birmingham-Hoover, AL	8,371.1	8,366.6	7,485.1	7,059.3	6,709.4	6,440.5	5,964.0	5,747.9	5,277.7
Bismarck, ND	949.6	1,013.2	907.5	891.9	866.2	789.4	778.0	779.4	689.4
Blacksburg-Christiansburg-Radford, VA	1,181.8	995.4	940.1	961.0	862.1	789.5	792.4	747.7	626.7
Bloomington, IN	1,223.8	1,127.1	1,085.3	1,041.9	958.1	871.6	825.4	793.3	766.6
Bloomington-Normal, IL	695.0	761.8	664.9	591.7	552.7	529.3	603.3	552.4	435.5
Boise City-Nampa, ID	3,310.6	3,251.0	2,981.3	2,844.4	2,675.6	2,542.5	2,494.2	2,245.5	2,037.6
Boston-Cambridge-Quincy, MA-NH	50,008.7	43,231.5	40,190.6	39,049.4	36,792.6	35,269.1	32,281.3	30,526.9	28,586.7
Boulder, CO	2,257.9	2,101.2	2,072.7	2,015.8	1,940.2	1,864.1	1,732.4	1,569.6	1,499.2
Bowling Green, KY	809.0	634.0	610.4	565.4	526.4	539.2	625.4	576.6	446.0
Bradenton-Sarasota-Venice, FL	5,397.2	5,275.1	4,801.7	4,548.8	4,222.5	3,999.2	3,738.1	3,616.0	3,307.2
Bremerton-Silverdale, WA	3,190.9	3,450.4	3,285.6	2,870.2	2,917.5	2,809.5	2,430.6	2,341.9	2,366.8
Bridgeport-Stamford-Norwalk, CT	11,336.4	6,774.4	7,257.5	6,777.6	6,729.2	5,777.6	5,180.9	5,294.9	4,483.6
Brownsville-Harlingen, TX	2,574.6	2,029.8	2,034.8	1,899.8	1,793.3	1,665.3	1,585.3	1,472.3	1,354.5
Brunswick, GA	991.7	992.7	955.1	885.2	811.4	681.7	694.6	605.4	593.5
Buffalo-Niagara Falls, NY	9,594.8	8,819.5	8,556.8	8,320.2	7,764.0	7,531.8	7,005.2	6,691.8	6,472.4
Burlington, NC	819.5	773.6	749.3	670.1	639.4	584.6	551.1	527.7	481.3
Burlington-South Burlington, VT	1,928.9	2,161.1	2,074.8	1,643.4	1,539.9	1,538.3	1,332.1	1,240.5	1,134.7
Canton-Massillon, OH	2,539.1	2,698.7	2,322.5	2,437.6	2,124.5	1,994.1	1,861.4	1,787.1	1,676.7
Cape Coral-Fort Myers, FL	3,591.4	3,571.9	3,359.9	3,172.4	2,866.4	2,615.3	2,470.1	2,334.7	2,167.5
Carson City, NV	807.6	739.3	664.4	714.7	671.2	648.5	611.4	559.1	489.6
Casper, WY	432.5	434.2	397.2	372.0	356.0	351.1	318.0	303.9	317.2
Cedar Rapids, IA	2,383.7	2,305.1	2,115.2	1,899.7	1,716.0	1,458.0	1,405.6	1,383.3	1,474.9
Champaign-Urbana, IL	1,400.4	1,384.7	1,258.3	1,196.4	1,138.0	1,081.0	1,126.0	1,119.9	955.2
Charleston, WV	3,215.5	3,138.9	2,923.2	2,889.4	2,971.0	2,644.6	2,589.7	2,449.9	2,113.3
Charleston-North Charleston-Summerville, SC	7,936.4	7,664.6	5,815.7	5,782.7	5,144.3	4,368.1	4,012.0	3,944.8	3,622.7
Charlotte-Gastonia-Concord, NC-SC	7,820.9	7,833.4	6,970.2	6,574.3	5,936.2	5,579.9	5,187.1	5,024.2	4,616.3
Charlottesville, VA	1,872.6	1,601.0	1,384.5	1,235.9	1,162.7	1,106.4	1,041.9	918.2	875.3
Chattanooga, TN-GA	4,181.2	3,830.8	4,100.3	3,861.2	3,689.8	3,473.7	3,430.0	3,174.0	3,049.3
Cheyenne, WY	1,250.8	1,130.4	1,090.0	1,110.7	1,085.4	994.4	886.0	901.2	774.2
Chicago-Naperville-Joliet, IL-IN-WI	66,173.2	57,387.5	53,077.7	52,063.4	48,989.3	46,091.1	43,044.2	41,344.4	39,192.9
Chico, CA	1,661.3	1,389.1	1,413.9	1,437.8	1,266.9	1,190.7	1,148.7	1,096.4	997.1
Cincinnati-Middletown, OH-KY-IN	16,977.8	16,755.9	14,507.4	13,236.0	12,386.0	11,587.1	10,586.7	10,345.0	9,717.8
Clarksville, TN-KY	2,322.2	3,666.8	3,353.9	3,054.8	2,736.0	2,494.5	2,215.7	2,030.7	1,950.7
Cleveland, TN	771.3	652.7	629.7	578.2	527.8	493.8	464.0	440.4	397.3
Cleveland-Elyria-Mentor, OH	16,437.3	16,620.1	14,851.6	14,041.8	13,307.0	12,708.0	11,960.5	11,412.8	10,697.9
Coeur d'Alene, ID	965.3	927.7	780.9	710.2	678.0	607.8	631.4	468.0	428.8
College Station-Bryan, TX	1,317.7	1,110.7	991.5	1,049.2	1,144.8	2,029.2	870.8	830.0	753.4
Colorado Springs, CO	6,331.5	6,997.3	6,607.5	6,118.9	5,552.5	5,294.3	4,833.3	4,401.6	4,023.3
Columbia, MO	1,076.7	1,014.5	983.9	954.2	835.1	769.9	731.8	721.8	662.5
Columbia, SC	6,012.5	6,843.7	6,353.4	5,583.7	5,029.9	4,843.8	4,688.0	4,341.7	3,950.0
Columbus, GA-AL	2,836.0	3,803.2	3,363.7	3,019.0	2,835.1	2,562.4	2,346.5	2,218.9	2,141.1
Columbus, IN	467.3	470.9	424.7	428.3	386.1	369.7	342.2	320.1	282.4
Columbus, OH	13,333.1	13,757.1	11,476.4	11,787.6	10,847.8	10,399.2	10,084.9	8,826.7	8,153.0
Corpus Christi, TX	3,576.5	2,988.7	3,211.1	2,969.4	3,014.5	2,722.5	2,503.4	2,337.6	2,312.9
Corvallis, OR	546.5	521.9	482.3	486.4	449.6	393.4	359.9	353.3	319.9
Cumberland, MD-WV	1,141.7	914.3	890.4	873.5	778.0	713.2	646.6	671.1	665.2
Dallas-Fort Worth-Arlington, TX	59,451.5	40,741.7	39,923.9	31,895.0	33,364.4	32,528.1	24,933.9	20,589.9	22,214.4
Dalton, GA	590.4	554.2	524.2	498.2	469.6	436.0	426.7	398.9	370.2
Danville, IL	746.0	686.2	632.2	625.5	547.7	529.3	543.4	523.3	460.1
Danville, VA	746.1	642.2	714.8	664.0	632.5	611.4	599.4	551.6	501.8
Davenport-Moline-Rock Island, IA-IL	3,039.8	2,815.4	2,561.9	2,374.9	2,209.7	2,115.3	2,108.2	2,011.1	1,864.0
Dayton, OH	8,562.8	8,132.9	7,954.8	7,606.2	7,199.0	6,883.7	6,478.2	6,456.4	6,038.0
Decatur, AL	971.3	888.9	967.1	900.1	849.7	742.6	749.3	696.2	661.3
Decatur, IL	818.8	781.7	730.5	689.1	709.6	599.4	616.2	600.7	526.5
Deltona-Daytona Beach-Ormond Beach, FL	3,579.2	3,524.3	3,399.8	3,240.9	2,973.8	2,878.3	2,661.1	2,576.3	2,332.3
Denver-Aurora, CO	17,340.1	16,136.8	16,325.1	14,255.0	13,983.0	12,713.9	12,009.1	11,671.7	11,190.0
Des Moines-West Des Moines, IA	4,349.5	3,755.2	3,351.5	3,357.1	3,357.5	2,986.2	3,134.2	2,744.6	2,414.4
Detroit-Warren-Livonia, MI	36,793.2	31,779.3	29,942.3	28,777.6	25,834.5	24,589.7	23,510.5	22,636.9	20,612.1
Dothan, AL	1,013.9	1,005.5	938.4	925.9	902.1	879.3	754.8	750.3	670.2
Dover, DE	1,457.4	1,432.4	1,267.3	1,196.3	1,235.1	1,158.7	1,047.4	936.0	904.3
Dubuque, IA	529.9	509.8	498.0	475.8	443.5	438.3	429.8	402.8	355.3
Duluth, MN-WI	2,185.6	2,130.7	2,056.3	1,991.9	1,836.4	1,785.9	1,672.3	1,542.5	1,449.1
Durham, NC	5,267.0	4,238.5	3,918.2	3,813.2	3,494.8	3,391.3	3,120.5	2,821.1	2,555.9
Eau Claire, WI	875.6	817.8	801.6	793.9	744.8	701.9	655.4	616.8	556.2
El Centro, CA	1,237.1	913.5	980.8	917.4	867.7	765.9	740.3	676.4	648.1
Elizabethtown, KY	1,197.9	1,267.3	1,231.3	1,128.3	1,053.8	1,013.4	956.3	1,034.1	968.5
Elkhart-Goshen, IN	849.5	817.8	743.9	1,200.1	619.9	594.4	566.7	536.7	497.0
Elmira, NY	652.1	638.7	642.0	624.2	556.1	539.2	521.1	520.2	462.3
El Paso, TX	5,768.2	5,931.0	5,634.1	5,361.4	4,446.3	4,317.6	3,856.1	3,585.9	3,368.2
Erie, PA	1,886.2	1,933.2	1,774.6	1,637.8	1,552.7	1,512.9	1,401.1	1,325.4	1,268.2
Eugene-Springfield, OR	2,232.9	2,105.9	2,024.0	1,981.8	1,840.2	1,741.0	1,614.2	1,551.8	1,404.0
Evansville, IN-KY	2,517.8	2,259.7	2,157.5	2,191.9	1,910.6	1,888.2	1,813.0	1,689.0	1,584.6
Fairbanks, AK	1,086.6	1,592.6	1,539.5	1,503.7	1,441.7	1,142.2	1,156.0	972.9	915.8
Fargo, ND-MN	1,370.4	1,301.9	1,083.0	1,074.1	980.9	901.8	931.7	853.9	773.6
Farmington, NM	774.1	701.3	681.3	650.3	614.5	575.5	580.6	592.2	466.8
Fayetteville, NC	3,485.5	6,054.9	5,324.9	5,153.1	4,631.7	4,296.1	3,876.7	3,541.5	3,449.8
Fayetteville-Springdale-Rogers, AR-MO	2,041.8	2,187.4	1,938.2	1,737.6	1,556.6	1,396.1	1,328.4	1,271.2	1,168.3
Flagstaff, AZ	1,052.7	913.4	997.0	921.3	884.5	799.3	761.1	695.9	635.7
Flint, MI	3,262.9	2,736.3	2,707.0	2,580.2	2,401.1	2,292.2	2,202.5	2,080.4	1,941.7
Florence, SC	1,450.7	1,259.4	1,300.2	1,267.1	1,177.5	1,120.2	1,051.6	988.8	890.6
Florence-Muscle Shoals, AL	1,116.0	1,112.9	1,128.9	1,059.2	989.8	940.5	901.4	844.7	792.3
Fond du Lac, WI	574.1	501.4	498.1	462.1	443.4	423.8	395.8	381.4	356.6
Fort Collins-Loveland, CO	1,504.0	1,388.4	1,403.4	1,299.0	1,178.0	1,088.2	983.8	907.8	844.6
Fort Smith, AR-OK	1,939.9	1,957.1	1,836.7	1,677.6	1,551.2	1,482.5	1,427.3	1,357.2	1,203.0
Fort Walton Beach-Crestview-Destin, FL	3,436.9	3,268.0	2,872.7	3,042.8	2,766.7	2,939.9	2,591.6	2,219.6	2,143.5
Fort Wayne, IN	3,445.5	2,768.6	3,067.2	3,026.4	2,374.4	1,978.8	2,011.0	1,873.5	1,657.0
Fresno, CA	5,517.5	4,779.8	5,104.6	4,404.0	4,195.4	4,074.2	3,775.2	3,663.9	3,411.7
Gadsden, AL	818.2	780.6	748.2	705.5	666.5	627.0	591.4	565.8	520.1
Gainesville, FL	2,131.4	2,001.0	1,845.4	1,719.7	1,540.6	1,419.8	1,400.7	1,367.4	1,169.8
Gainesville, GA	1,064.5	906.6	768.3	684.0	615.0	565.8	543.0	501.3	430.4
Glens Falls, NY	822.5	809.6	765.5	702.4	666.2	636.3	587.2	548.5	522.6
Goldsboro, NC	1,100.5	1,114.3	1,064.6	1,071.3	1,026.3	903.9	873.5	807.8	763.3
Grand Forks, ND-MN	900.9	941.9	852.4	891.6	847.9	796.2	814.6	731.5	704.9
Grand Junction, CO	908.7	799.4	787.0	758.0	696.4	641.2	605.0	613.3	543.6
Grand Rapids-Wyoming, MI	4,097.3	3,705.8	3,442.0	3,302.0	3,107.1	2,935.8	2,922.8	2,704.7	2,547.5
Great Falls, MT	962.9	883.4	911.2	862.4	806.7	768.2	718.8	690.5	661.3
Greeley, CO	891.7	821.2	826.3	771.3	686.2	651.9	634.0	570.7	528.4
Green Bay, WI	1,526.6	2,689.1	1,387.5	1,317.9	1,187.0	1,141.8	1,170.4	1,121.5	995.3
Greensboro-High Point, NC	4,365.1	4,274.1	3,799.3	3,630.6	3,354.3	3,184.2	2,963.8	2,887.4	2,635.0
Greenville, NC	1,068.1	930.6	935.3	865.8	781.7	723.9	711.3	628.0	605.8
Greenville-Mauldin-Easley, SC	4,114.5	3,742.3	3,334.1	3,005.5	2,897.2	2,791.5	2,396.7	2,325.6	2,131.8
Gulfport-Biloxi, MS	3,205.1	3,993.8	6,112.9	3,142.6	2,539.3	2,462.4	2,311.0	2,198.7	2,100.8
Hagerstown-Martinsburg, MD-WV	1,881.0	1,854.5	1,690.2	1,576.0	1,500.2	1,326.1	1,176.9	1,164.1	1,150.2
Hanford-Corcoran, CA	902.7	839.5	801.5	749.7	843.2	776.8	718.5	701.5	677.0
Harrisburg-Carlisle, PA	6,943.3	6,831.8	5,981.5	6,382.7	6,655.4	5,971.9	5,951.5	5,275.4	4,659.7
Harrisonburg, VA	550.7	512.4	458.8	440.5	389.0	398.7	345.0	316.1	308.4
Hartford-West Hartford-East Hartford, CT	12,524.8	12,468.2	10,320.6	11,198.6	10,257.5	10,751.0	9,192.4	7,499.8	6,343.7
Hattiesburg, MS	913.5	1,002.1	1,351.2	967.9	787.5	663.5	663.4	611.6	557.3
Hickory-Lenoir-Morganton, NC	1,881.2	1,902.1	1,730.4	1,635.6	1,516.2	1,505.3	1,315.2	1,234.8	1,115.2
Hinesville-Fort Stewart, GA	379.7	1,235.5	1,177.6	1,058.0	1,048.7	339.7	301.6	284.4	247.9
Holland-Grand Haven, MI	1,144.3	1,187.4	995.7	989.1	913.9	801.3	761.6	708.0	684.7
Honolulu, HI	10,290.4	11,126.0	10,867.9	10,192.1	9,732.1	9,056.3	8,335.1	7,780.9	7,249.7
Hot Springs, AR	877.0	827.0	769.0	726.1	699.3	628.3	592.3	570.9	537.7
Houma-Bayou Cane-Thibodaux, LA	1,282.4	1,252.2	1,301.4	1,024.7	1,016.0	978.7	864.5	817.2	763.9
Houston-Sugar Land-Baytown, TX	33,539.4	29,405.9	27,560.2	26,561.1	21,275.5	24,184.0	21,195.6	20,630.0	19,689.3
Huntington-Ashland, WV-KY-OH	2,777.2	2,386.7	2,362.1	2,237.7	2,089.1	1,981.8	1,852.3	1,777.9	1,666.1
Huntsville, AL	9,609.1	9,691.7	8,415.3	7,951.8	7,980.7	7,123.9	6,390.4	5,058.6	5,019.9
Idaho Falls, ID	1,866.9	2,081.2	1,714.0	1,614.7	1,367.7	1,421.0	1,263.3	1,208.8	1,276.3
Indianapolis-Carmel, IN	11,980.9	11,641.5	10,526.3	10,282.6	9,799.7	9,500.1	8,902.5	8,577.6	7,520.6
Iowa City, IA	1,199.5	974.4	1,054.5	1,008.4	987.6	746.2	766.7	715.2	645.7
Ithaca, NY	788.4	715.8	682.3	671.2	664.6	607.2	594.0	515.8	513.3
Jackson, MI	1,060.5	940.2	860.0	824.2	757.4	722.6	704.4	665.0	617.4
Jackson, MS	5,320.3	6,444.9	12,787.5	5,075.3	4,102.5	3,792.0	3,702.6	3,426.2	3,091.9
Jackson, TN	833.8	677.4	718.2	687.7	653.2	577.7	549.6	516.1	481.5
Jacksonville, FL	9,907.1	10,723.5	10,232.5	9,215.8	8,495.0	8,596.7	7,297.0	6,969.5	6,603.9
Jacksonville, NC	2,165.0	3,080.0	2,859.7	2,667.5	2,394.7	2,079.2	1,747.6	1,624.9	1,592.6
Janesville, WI	1,012.4	943.1	910.5	896.6	795.9	745.5	712.7	652.4	582.1
Jefferson City, MO	2,279.6	2,101.3	1,689.2	1,810.6	1,980.9	1,792.9	1,809.7	1,457.3	1,308.6
Johnson City, TN	1,760.2	1,470.7	1,450.1	1,353.0	1,285.2	1,720.2	1,123.6	1,030.5	1,002.0
Johnstown, PA	2,204.9	1,588.2	1,459.8	1,408.9	1,322.6	1,203.8	1,140.1	1,084.2	1,061.8
Jonesboro, AR	789.3	749.1	746.5	715.1	654.7	623.1	681.5	624.9	532.5
Joplin, MO	1,052.9	1,002.2	938.2	946.6	844.4	951.7	937.2	1,040.7	963.8
Kalamazoo-Portage, MI	2,011.9	1,727.7	1,638.1	1,578.0	1,484.2	1,435.2	1,396.6	1,300.3	1,225.3
Kankakee-Bradley, IL	710.7	644.2	621.9	590.4	554.2	522.8	523.8	500.2	469.3
Kansas City, MO-KS	15,671.0	15,357.5	13,999.3	13,708.6	12,348.2	11,732.3	10,982.0	10,056.6	9,272.1
Kennewick-Pasco-Richland, WA	4,348.0	3,675.3	3,179.6	3,050.5	3,319.2	3,225.0	3,080.1	2,733.8	2,250.4
Killeen-Temple-Fort Hood, TX	3,217.5	5,570.7	4,972.8	4,372.6	4,144.2	3,881.6	3,418.5	3,127.8	3,093.5
Kingsport-Bristol-Bristol, TN-VA	2,488.3	2,234.8	2,698.1	2,018.7	1,919.4	1,775.8	1,798.8	1,573.7	1,404.7
Kingston, NY	1,133.0	1,041.3	1,018.7	986.8	917.6	863.2	806.4	762.2	705.3
Knoxville, TN	8,628.9	8,166.6	7,925.2	7,772.5	7,304.4	6,523.6	6,018.0	5,739.6	5,239.8
Kokomo, IN	661.1	615.5	595.9	577.8	523.0	485.1	491.4	470.5	415.6
La Crosse, WI-MN	754.7	823.4	742.9	660.0	627.3	629.7	554.8	529.8	479.8
Lafayette, IN	1,036.8	1,017.1	927.6	888.3	819.6	743.1	778.0	740.5	652.9
Lafayette, LA	1,343.8	1,338.9	1,323.5	1,162.9	1,110.0	1,030.2	987.1	934.2	843.6
Lake Charles, LA	1,207.5	1,311.0	1,836.0	1,258.9	1,140.6	1,075.7	950.9	852.9	748.7
Lake Havasu City-Kingman, AZ	1,359.2	1,322.4	1,143.6	1,114.4	1,044.5	962.9	884.6	820.1	747.8
Lakeland-Winter Haven, FL	3,291.7	3,281.1	3,135.5	2,971.6	2,770.0	2,549.2	2,323.8	2,238.3	2,037.4
Lancaster, PA	2,532.4	2,725.6	2,397.4	2,200.0	2,060.4	1,972.5	1,892.1	1,798.8	1,677.2
Lansing-East Lansing, MI	6,062.6	5,830.8	4,351.5	4,482.0	4,385.6	4,230.9	4,438.4	3,962.9	3,316.7
Laredo, TX	1,324.7	1,177.5	1,108.5	1,035.9	961.1	896.2	835.8	761.8	721.9
Las Cruces, NM	1,726.5	1,573.9	1,533.3	1,387.2	1,388.6	1,241.1	1,190.4	1,090.4	1,001.6
Las Vegas-Paradise, NV	10,595.8	9,837.1	9,170.1	8,963.1	8,002.2	7,170.4	6,472.2	5,905.6	5,311.4
Lawrence, KS	549.4	519.1	477.8	438.2	422.5	398.2	373.0	349.7	312.8
Lawton, OK	1,206.9	1,852.8	1,746.1	1,492.5	1,429.8	1,286.5	1,248.5	1,224.5	1,166.4
Lebanon, PA	1,008.3	1,030.0	1,009.3	916.9	779.5	746.9	680.9	630.4	575.8
Lewiston, ID-WA	561.3	848.4	443.4	475.9	446.7	373.5	381.4	346.9	314.5
Lewiston-Auburn, ME	738.0	694.0	690.8	680.6	646.9	597.3	547.9	537.9	507.0
Lexington-Fayette, KY	3,886.5	3,260.6	3,039.3	2,738.6	2,661.6	2,271.1	2,042.8	1,936.2	2,222.0
Lima, OH	922.2	4,804.9	792.4	803.2	745.1	711.3	673.4	646.2	596.9
Lincoln, NE	2,190.8	2,115.1	1,775.5	2,164.0	1,999.1	1,705.6	1,691.9	1,523.8	1,362.8
Little Rock-North Little Rock-Conway, AR	5,755.0	5,704.4	5,221.1	5,013.8	5,021.1	4,694.0	4,259.3	4,080.0	3,512.1
Logan, UT-ID	465.5	494.2	447.8	419.0	443.0	407.1	377.4	346.9	302.6
Longview, TX	1,361.0	1,211.7	1,173.1	1,103.3	1,046.1	992.1	934.4	875.2	854.0
Longview, WA	624.0	585.3	573.1	529.0	501.6	487.3	478.9	479.9	420.9
Los Angeles-Long Beach-Santa Ana, CA	93,933.9	81,158.4	80,011.9	75,947.6	73,021.0	68,977.7	63,783.2	59,950.1	56,535.0
Louisville/Jefferson County, KY-IN	12,686.0	8,747.1	10,946.3	9,580.2	7,886.4	8,223.1	7,342.9	5,969.7	5,445.9
Lubbock, TX	1,723.2	1,530.5	2,497.8	1,451.3	1,338.3	1,283.8	1,190.5	1,569.9	1,315.9
Lynchburg, VA	2,088.2	1,626.7	1,718.4	1,708.9	1,808.4	1,766.2	1,320.8	1,505.7	1,291.9
Macon, GA	1,901.7	1,577.4	1,714.1	1,544.4	1,496.0	1,420.3	1,321.2	1,235.5	1,143.1
Madera, CA	783.5	662.0	729.6	647.1	580.7	522.3	500.4	470.1	436.8
Madison, WI	5,111.9	4,285.6	4,113.6	4,146.1	4,112.1	3,794.9	3,791.5	3,365.1	2,952.1
Manchester-Nashua, NH	3,545.0	3,193.0	2,986.8	2,695.2	2,482.2	2,137.2	2,088.3	1,924.3	1,769.1
Mansfield, OH	814.6	843.2	740.5	723.9	653.6	635.3	614.7	587.0	533.7
McAllen-Edinburg-Mission, TX	3,432.5	2,870.4	2,946.3	2,884.6	2,683.8	2,608.3	2,353.2	2,161.1	1,940.3
Medford, OR	1,306.6	1,235.9	1,231.5	1,110.1	1,071.2	1,013.2	958.9	929.9	851.8
Memphis, TN-MS-AR	11,798.4	9,835.8	9,991.7	9,472.1	8,722.2	8,480.1	7,388.5	6,951.9	6,731.6
Merced, CA	1,336.6	1,150.2	1,245.1	1,061.2	975.3	964.5	891.4	846.3	815.8
Miami-Fort Lauderdale-Pompano Beach, FL	28,921.8	34,915.0	37,541.9	33,839.5	31,769.2	29,054.8	26,673.5	27,208.1	25,359.5
Michigan City-La Porte, IN	653.2	628.0	615.2	572.5	532.3	494.0	488.6	463.7	419.3
Midland, TX	562.3	513.7	499.9	473.6	459.3	427.6	408.9	392.0	353.5
Milwaukee-Waukesha-West Allis, WI	10,011.7	9,119.7	9,017.1	8,701.1	8,108.4	7,963.1	7,475.2	7,189.2	6,783.3
Minneapolis-St. Paul-Bloomington, MN-WI	20,475.4	19,609.8	16,853.9	16,513.6	15,394.0	14,802.0	14,151.7	13,243.1	12,495.1
Missoula, MT	686.8	682.1	626.4	631.5	554.0	540.5	498.3	467.1	451.1
Mobile, AL	3,201.7	4,129.2	3,323.6	3,097.2	2,458.0	2,320.3	2,234.9	2,570.7	2,016.9
Modesto, CA	2,794.4	2,311.6	2,453.3	2,243.2	2,119.4	2,046.9	1,889.9	1,783.0	1,650.5
Monroe, LA	1,161.8	1,092.5	1,123.6	1,022.7	936.6	897.7	846.6	800.4	748.4
Monroe, MI	798.7	742.2	675.8	651.8	591.1	574.9	551.4	507.5	471.3
Montgomery, AL	4,224.2	4,546.4	4,683.9	4,318.2	4,050.9	3,741.8	3,677.3	3,353.1	3,084.4
Morgantown, WV	1,063.0	1,053.1	957.0	879.8	749.5	783.9	725.2	688.6	762.9
Morristown, TN	993.2	850.1	888.8	833.6	755.7	666.5	631.8	586.3	534.8
Mount Vernon-Anacortes, WA	720.3	689.7	662.3	625.1	581.6	539.0	548.3	493.2	451.9
Muncie, IN	747.0	688.4	721.7	662.2	615.7	596.1	561.4	540.2	489.8
Muskegon-Norton Shores, MI	1,234.8	984.5	994.7	996.2	924.2	877.4	1,004.3	841.1	742.1
Myrtle Beach-North Myrtle Beach-Conway, SC	1,421.8	1,384.6	1,241.7	1,200.2	1,078.2	1,023.4	935.4	879.8	848.7
Napa, CA	922.5	831.4	834.7	761.7	749.9	702.1	630.9	602.8	563.3
Naples-Marco Island, FL	1,677.2	1,724.0	1,553.6	1,456.0	1,332.3	1,224.6	1,173.6	1,083.3	996.0
Nashville-Davidson--Murfreesboro--Franklin, TN	11,301.8	10,980.4	9,716.5	9,199.6	8,840.5	7,838.1	7,559.1	7,162.2	6,257.1
New Haven-Milford, CT	7,176.3	6,027.7	5,971.0	5,713.1	5,457.7	5,199.6	4,924.7	4,689.8	4,365.2
New Orleans-Metairie-Kenner, LA	13,937.2	11,871.4	26,828.4	12,429.3	10,409.2	9,928.6	9,088.0	8,769.2	8,867.1
New York-Northern New Jersey-Long Island, NY-NJ-PA	149,820.8	135,312.5	131,432.9	124,095.4	122,545.4	112,902.7	106,054.8	99,776.8	95,044.1
Niles-Benton Harbor, MI	1,255.4	1,018.9	1,003.8	969.5	902.6	876.4	864.5	821.1	752.7
Norwich-New London, CT	4,542.6	4,276.4	4,356.9	4,472.1	5,098.5	3,993.7	3,556.0	3,186.6	2,422.2
Ocala, FL	2,364.1	2,290.0	2,166.2	1,998.6	1,774.5	1,647.3	1,563.1	1,496.8	1,393.8
Ocean City, NJ	901.2	846.2	813.2	794.4	730.2	688.1	636.0	621.9	589.4
Odessa, TX	657.1	566.9	578.5	547.3	508.2	500.9	452.9	430.1	405.7
Ogden-Clearfield, UT	4,354.7	5,320.5	4,463.8	4,383.5	3,984.3	3,912.2	3,372.3	3,330.8	2,743.0
Oklahoma City, OK	10,454.1	10,690.8	9,756.9	9,302.8	9,147.8	8,762.5	8,804.4	8,003.9	7,283.5
Olympia, WA	2,767.7	2,775.0	2,169.1	2,441.9	2,459.4	2,283.3	2,344.9	1,845.2	1,645.1
Omaha-Council Bluffs, NE-IA	6,475.3	5,634.5	5,689.9	5,159.9	4,842.6	4,535.7	4,389.1	4,085.1	3,824.5
Orlando-Kissimmee, FL	13,764.0	13,750.0	12,640.7	11,352.1	10,581.4	9,792.0	9,083.2	8,417.1	8,118.7
Oshkosh-Neenah, WI	2,510.2	3,045.2	1,757.8	2,137.4	1,643.6	1,239.0	1,191.1	1,106.9	966.1
Owensboro, KY	890.2	719.8	660.6	624.8	572.5	555.0	538.6	514.8	453.0
Oxnard-Thousand Oaks-Ventura, CA	4,924.5	4,724.2	4,482.0	4,371.5	4,146.7	4,065.6	3,841.0	3,666.4	3,328.3
Palm Bay-Melbourne-Titusville, FL	7,417.1	7,233.2	6,692.8	6,798.4	5,905.2	5,545.5	5,093.3	4,568.3	4,311.9
Palm Coast, FL	554.7	559.3	481.1	442.8	386.3	341.9	323.8	300.5	277.7
Panama City-Lynn Haven, FL	2,061.6	2,116.2	1,862.5	1,738.0	1,599.1	1,324.0	1,265.8	1,462.3	1,257.0
Parkersburg-Marietta-Vienna, WV-OH	1,373.0	1,362.7	1,246.0	1,382.2	1,109.9	1,058.9	1,045.0	972.4	892.7
Pascagoula, MS	4,033.2	4,767.9	5,198.7	2,957.1	1,727.1	2,146.5	2,187.0	1,300.3	1,487.3
Pensacola-Ferry Pass-Brent, FL	3,868.5	4,235.9	4,223.1	5,642.8	3,643.6	3,501.6	3,152.7	3,002.3	2,793.7
Peoria, IL	2,692.2	2,466.3	2,272.6	2,278.7	2,088.6	1,916.7	1,914.3	1,828.0	1,697.1
Philadelphia-Camden-Wilmington, PA-NJ-DE-MD	51,544.4	48,029.4	44,395.4	42,634.8	40,725.4	38,985.6	36,555.2	34,754.7	32,417.5
Phoenix-Mesa-Scottsdale, AZ	28,640.8	25,219.0	25,039.5	23,946.0	22,440.9	20,089.6	18,334.7	16,035.4	14,468.1
Pine Bluff, AR	1,119.0	1,101.3	992.8	992.7	858.1	951.4	844.9	780.0	767.0
Pittsburgh, PA	23,955.1	23,561.5	22,594.9	20,876.6	19,574.1	18,584.8	17,589.4	16,748.6	16,121.0
Pittsfield, MA	1,246.7	1,012.6	1,031.7	1,011.4	1,173.8	1,087.9	1,030.8	953.4	862.8
Pocatello, ID	523.2	509.6	498.8	470.5	452.2	403.2	437.0	379.3	343.4
Portland-South Portland-Biddeford, ME	4,040.1	4,807.5	4,129.5	4,646.4	4,469.1	3,818.9	3,571.5	2,895.2	3,015.1
Portland-Vancouver-Beaverton, OR-WA	13,175.5	12,141.3	11,088.9	10,413.7	9,905.7	9,441.4	8,748.7	8,382.3	7,751.4
Port St. Lucie, FL	2,777.4	2,728.1	2,593.5	2,814.9	2,266.7	2,078.3	1,957.9	1,845.8	1,700.5
Poughkeepsie-Newburgh-Middletown, NY	4,045.8	3,944.8	3,841.5	3,747.7	3,304.0	3,387.8	3,338.3	2,948.7	2,719.1
Prescott, AZ	1,475.9	1,423.2	1,297.6	1,170.5	1,091.0	980.9	929.8	866.7	760.5
Providence-New Bedford-Fall River, RI-MA	14,755.7	12,796.5	12,456.1	12,016.7	11,290.1	10,817.7	10,091.6	10,062.6	9,377.4
Provo-Orem, UT	1,406.0	1,406.5	1,318.1	1,223.4	1,168.1	1,063.9	959.7	940.2	832.2
Pueblo, CO	1,170.0	1,083.0	1,050.0	997.4	940.8	930.9	871.0	823.9	773.2
Punta Gorda, FL	1,260.5	1,261.5	1,190.1	1,162.2	1,074.9	970.8	929.7	885.4	816.2
Racine, WI	1,118.6	1,055.8	1,013.1	961.7	853.0	822.9	799.9	767.0	682.6
Raleigh-Cary, NC	6,374.0	6,605.7	5,874.8	5,628.6	5,403.4	4,895.3	4,651.3	4,287.6	4,492.4
Rapid City, SD	1,135.2	1,119.1	1,034.6	1,007.6	973.9	897.4	841.3	779.3	758.7
Reading, PA	2,194.4	2,386.1	2,007.8	1,894.3	1,840.0	1,670.8	1,617.0	1,530.4	1,405.6
Redding, CA	1,478.5	1,416.6	1,340.4	1,262.1	1,145.2	1,061.2	1,012.2	961.4	883.5
Reno-Sparks, NV	2,825.7	2,366.1	2,305.5	2,079.1	1,899.9	1,743.0	1,716.1	1,528.8	1,345.4
Richmond, VA	10,489.5	10,102.3	9,017.7	8,807.2	8,308.2	7,547.5	7,323.6	6,703.1	6,077.0
Riverside-San Bernardino-Ontario, CA	20,285.9	19,389.3	18,107.4	16,878.0	15,803.8	14,663.2	13,510.8	12,973.0	12,001.9
Roanoke, VA	2,699.6	2,491.8	2,249.2	2,237.5	1,880.8	1,781.6	1,575.3	1,520.2	1,422.8
Rochester, MN	1,250.5	1,235.9	1,044.7	984.5	941.4	827.7	784.8	735.1	684.4
Rochester, NY	8,880.5	7,986.4	7,656.9	6,613.3	6,070.5	5,836.5	5,441.1	5,192.8	4,680.2
Rockford, IL	2,018.8	1,902.5	1,724.7	1,637.1	1,460.6	1,355.7	1,316.0	1,250.2	1,139.6
Rocky Mount, NC	1,115.4	958.8	980.5	929.5	847.7	831.3	772.2	733.1	721.8
Rome, GA	654.1	537.8	545.7	508.2	473.6	440.4	423.7	396.5	357.8
Sacramento--Arden-Arcade--Roseville, CA	26,112.6	19,717.1	18,941.0	19,712.9	19,555.9	17,706.0	18,923.7	16,454.0	14,225.7
Saginaw-Saginaw Township North, MI	1,620.7	1,369.7	1,355.5	1,268.9	1,192.4	1,153.2	1,124.7	1,057.9	999.1
St. Cloud, MN	1,050.8	1,100.0	869.8	790.3	755.5	716.8	715.0	633.9	576.0
St. George, UT	571.5	661.1	592.3	538.3	476.7	406.5	390.9	356.2	314.4
St. Joseph, MO-KS	798.9	791.2	778.9	725.4	682.9	664.9	647.8	604.4	558.1
St. Louis, MO-IL	31,575.2	29,058.1	27,204.7	23,831.1	22,879.3	21,989.5	20,781.0	19,563.0	17,728.9
Salem, OR	2,971.1	2,731.6	2,578.8	2,841.5	2,506.2	2,331.3	2,259.9	2,211.6	1,801.3
Salinas, CA	2,780.5	2,791.6	2,539.1	2,273.3	2,312.4	2,106.6	2,034.5	1,896.9	1,778.4
Salisbury, MD	773.2	682.0	678.6	640.2	604.2	570.1	478.8	528.2	516.3
Salt Lake City, UT	6,582.6	6,138.3	5,876.9	5,599.9	5,295.7	5,112.4	4,851.7	4,370.7	4,044.8
San Angelo, TX	817.3	824.0	785.7	724.9	729.5	678.4	644.4	642.7	569.0
San Antonio, TX	18,091.9	17,688.7	16,347.1	14,892.0	14,243.1	14,255.2	12,684.8	11,937.8	10,868.9
San Diego-Carlsbad-San Marcos, CA	32,212.7	30,907.1	28,815.9	27,937.3	25,892.8	24,045.1	23,160.6	19,852.9	18,991.0
Sandusky, OH	557.6	660.3	481.6	476.5	453.8	420.5	420.2	393.7	351.3
San Francisco-Oakland-Fremont, CA	36,987.0	31,014.3	31,664.5	29,823.9	27,936.8	25,998.6	24,875.4	23,612.0	22,158.7
San Jose-Sunnyvale-Santa Clara, CA	15,610.6	14,367.3	14,032.3	12,804.2	12,073.3	11,408.1	10,070.8	9,645.8	9,037.2
San Luis Obispo-Paso Robles, CA	1,532.7	1,474.4	1,363.3	1,285.7	1,210.8	1,113.7	1,036.9	1,002.8	966.8
Santa Barbara-Santa Maria-Goleta, CA	3,627.9	3,425.5	3,235.5	3,038.7	2,963.9	2,724.0	2,448.1	2,389.9	2,282.7
Santa Cruz-Watsonville, CA	1,464.1	1,365.0	1,299.3	1,145.6	1,081.7	992.7	956.5	930.6	862.0
Santa Fe, NM	1,450.3	1,436.3	1,146.7	1,184.4	1,180.7	1,173.4	1,177.7	987.2	879.9
Santa Rosa-Petaluma, CA	2,898.6	2,633.8	2,503.8	2,392.6	2,197.5	2,039.1	1,959.1	1,885.7	1,731.0
Savannah, GA	2,810.4	2,550.4	2,789.6	2,686.0	2,526.1	2,861.0	2,470.9	2,342.6	2,268.9
Scranton--Wilkes-Barre, PA	5,125.5	5,155.6	4,618.4	4,467.5	4,249.4	4,013.3	3,925.7	3,543.7	3,399.8
Seattle-Tacoma-Bellevue, WA	23,890.0	23,557.9	22,408.8	21,359.7	19,716.3	18,729.8	16,998.5	16,465.0	15,188.4
Sebastian-Vero Beach, FL	1,075.2	1,137.5	1,003.7	1,079.6	900.0	832.3	766.2	731.4	677.5
Sheboygan, WI	620.1	596.7	550.1	526.6	474.8	452.7	446.9	429.2	393.6
Sherman-Denison, TX	772.1	687.7	656.1	607.9	583.3	561.4	558.0	532.3	500.1
Shreveport-Bossier City, LA	3,252.3	3,101.2	3,165.6	2,903.7	2,621.6	2,506.1	2,352.8	2,219.6	2,025.2
Sioux City, IA-NE-SD	1,171.6	1,027.3	1,106.0	1,025.2	866.4	852.0	938.2	817.8	744.2
Sioux Falls, SD	2,012.0	2,140.1	2,046.5	1,677.3	1,255.2	994.2	1,018.5	990.1	853.2
South Bend-Mishawaka, IN-MI	6,582.0	5,175.0	3,708.2	3,076.1	2,655.4	2,163.8	1,860.8	1,917.4	1,598.6
Spartanburg, SC	1,505.7	1,493.3	1,405.4	1,282.5	1,201.8	1,115.6	1,060.7	1,018.8	912.5
Spokane, WA	3,255.6	3,072.4	2,986.5	2,858.7	2,679.0	2,554.2	2,399.1	2,267.3	2,133.2
Springfield, IL	3,558.5	3,035.3	2,817.3	3,264.9	3,185.2	3,216.4	3,454.7	2,802.8	2,396.3
Springfield, MA	5,573.7	4,938.9	4,785.4	4,601.7	4,343.7	4,076.4	3,941.2	3,816.5	3,516.9
Springfield, MO	2,469.3	2,336.4	2,193.8	2,105.1	1,970.8	1,822.7	1,727.0	1,629.1	1,475.7
Springfield, OH	1,133.3	1,066.6	1,028.7	959.5	887.0	837.3	831.7	806.5	708.9
State College, PA	1,107.1	1,193.7	983.9	896.9	940.6	961.1	867.8	801.2	767.6
Stockton, CA	3,792.4	3,193.3	3,298.5	3,037.5	2,799.2	2,675.1	2,557.6	2,447.9	2,226.8
Sumter, SC	1,167.3	1,135.3	1,058.0	1,051.2	947.5	877.5	768.2	755.8	708.1
Syracuse, NY	5,267.9	4,627.7	4,916.1	4,335.4	4,054.6	3,749.7	3,526.7	3,372.3	3,232.7
Tallahassee, FL	14,156.5	5,746.4	6,144.9	6,698.9	5,070.9	4,111.4	4,454.4	3,981.5	3,307.6
Tampa-St. Petersburg-Clearwater, FL	22,007.2	23,492.8	21,178.6	18,946.5	17,726.3	16,181.1	15,179.6	14,499.0	13,469.6
Terre Haute, IN	1,466.1	1,301.9	1,375.7	1,255.7	1,098.1	1,052.2	1,165.6	1,000.3	867.6
Texarkana, TX-Texarkana, AR	1,759.7	1,498.0	1,364.1	1,444.7	1,054.7	971.0	1,025.9	941.1	795.5
Toledo, OH	4,215.1	4,361.2	3,864.7	3,754.6	3,557.7	3,328.6	3,197.2	3,069.7	2,881.1
Topeka, KS	2,713.1	2,320.0	2,086.0	2,189.2	2,066.6	1,974.4	2,039.8	1,786.0	1,616.6
Trenton-Ewing, NJ	5,033.8	4,403.0	4,027.4	3,890.2	4,071.9	3,730.2	3,958.3	3,445.5	3,153.6
Tucson, AZ	12,315.0	10,843.0	9,921.2	9,560.1	8,993.8	8,108.7	7,773.1	6,364.8	6,382.0
Tulsa, OK	5,447.4	5,421.4	5,037.2	4,852.2	4,401.8	4,102.6	3,908.6	3,773.9	3,463.7
Tuscaloosa, AL	1,532.2	1,561.6	1,434.5	1,318.9	1,215.6	1,189.1	1,099.6	1,016.8	978.4
Tyler, TX	1,423.0	1,157.3	1,152.9	1,032.9	972.8	921.7	855.6	776.6	759.0
Utica-Rome, NY	2,491.4	2,242.3	2,273.6	2,174.6	2,036.2	1,982.4	1,852.8	1,831.3	1,694.5
Valdosta, GA	1,090.4	1,028.7	974.1	978.4	876.6	838.6	830.2	728.1	663.9
Vallejo-Fairfield, CA	3,410.4	3,062.7	2,922.3	2,728.8	2,572.5	2,442.4	2,126.7	2,174.7	1,948.8
Victoria, TX	714.6	626.3	626.3	602.8	551.3	532.1	501.4	467.9	437.9
Vineland-Millville-Bridgeton, NJ	1,209.2	950.6	989.1	972.9	915.1	874.8	829.1	779.3	737.9
Virginia Beach-Norfolk-Newport News, VA-NC	24,222.5	25,394.8	24,026.8	21,360.5	20,598.0	18,213.7	18,371.9	20,785.4	15,281.5
Visalia-Porterville, CA	2,374.3	1,834.2	1,963.9	1,777.2	1,693.6	1,634.1	1,558.7	1,465.7	1,342.3
Waco, TX	1,650.2	1,503.7	1,705.4	1,494.5	1,367.1	1,236.2	1,154.7	1,098.8	1,080.4
Warner Robins, GA	2,303.4	2,169.2	2,103.5	2,036.1	1,988.5	1,769.9	1,609.9	1,465.3	1,304.2
Washington-Arlington-Alexandria, DC-VA-MD-WV	136,065.8	125,465.8	118,523.0	112,227.4	109,386.3	98,384.7	88,690.4	80,386.0	75,122.6
Waterloo-Cedar Falls, IA	1,064.6	985.1	999.4	925.0	857.8	805.1	868.1	811.0	723.9
Wausau, WI	669.7	627.4	609.2	590.5	535.5	537.6	526.7	481.1	426.5
Weirton-Steubenville, WV-OH	1,165.7	1,179.2	1,071.2	1,057.2	944.2	870.1	811.5	793.2	727.1
Wenatchee, WA	650.4	649.7	596.1	552.1	516.9	513.7	467.6	444.5	415.1
Wheeling, WV-OH	1,132.8	1,454.6	1,107.7	1,156.0	995.2	974.1	933.4	869.3	807.3
Wichita, KS	5,406.4	4,547.8	4,291.0	4,222.0	3,765.4	3,488.4	3,399.1	3,250.0	2,881.7
Wichita Falls, TX	1,450.6	1,438.0	1,366.4	1,298.0	1,320.3	1,295.7	1,255.0	1,174.9	1,101.6
Williamsport, PA	827.0	936.1	753.7	729.3	712.9	652.4	628.4	594.5	567.1
Wilmington, NC	2,339.0	2,257.0	2,036.7	1,945.8	1,790.7	1,648.6	1,500.4	1,436.0	1,312.6
Winchester, VA-WV	676.5	660.8	575.2	526.9	491.7	441.6	430.1	398.4	403.3
Winston-Salem, NC	2,880.8	2,712.1	2,487.3	2,341.4	2,192.7	2,038.7	1,911.2	1,797.6	1,603.8
Worcester, MA	5,612.2	4,952.1	4,691.9	4,475.3	4,251.9	3,926.5	3,771.1	3,608.8	3,361.4
Yakima, WA	1,434.3	1,277.6	1,357.1	1,261.9	1,187.7	1,171.5	1,070.2	1,016.7	994.1
York-Hanover, PA	7,019.3	5,372.1	3,041.1	3,663.1	2,296.3	2,074.9	2,019.5	1,948.9	1,716.2
Youngstown-Warren-Boardman, OH-PA	4,409.4	4,448.1	4,018.6	4,020.6	3,695.6	3,532.9	3,309.2	3,167.0	2,992.4
Yuba City, CA	1,406.3	1,137.3	1,117.8	1,059.4	1,031.8	966.2	952.3	903.0	839.2
Yuma, AZ	1,360.5	1,458.8	1,274.9	1,180.1	1,072.5	1,021.7	900.8	818.4	791.4
