MSA	2008	2007	2006	2005	2004	2003	2002	2001	2000
Abilene, TX	196	293	365	346	291	221	188	590	381
Akron, OH	1,039	1,594	2,209	2,724	2,934	3,190	2,634	3,230	3,342
Albany, GA	294	590	727	751	873	907	684	618	773
Albany-Schenectady-Troy, NY	1,892	2,703	2,450	3,639	3,268	3,222	3,225	2,893	2,576
Albuquerque, NM	2,555	4,499	6,822	7,038	7,455	7,936	7,022	5,925	4,773
Alexandria, LA	382	572	951	710	685	580	534	449	441
Allentown-Bethlehem-Easton, PA-NJ	1,694	2,789	4,144	4,848	4,612	4,376	4,563	4,139	3,759
Altoona, PA	195	294	193	180	496	362	321	255	226
Amarillo, TX	768	1,315	1,181	1,177	1,010	1,050	920	1,013	560
Ames, IA	327	360	484	946	736	744	878	500	674
Anchorage, AK	460	970	1,588	1,899	2,042	2,547	2,196	2,146	1,310
Anderson, IN	95	243	328	569	555	581	441	373	356
Anderson, SC	652	1,226	1,596	1,931	1,248	1,384	1,554	1,117	1,110
Ann Arbor, MI	347	565	775	1,676	2,708	2,527	2,333	2,105	1,980
Anniston-Oxford, AL	197	472	277	266	222	163	233	259	336
Appleton, WI	694	800	965	1,484	1,528	1,741	2,163	2,170	1,870
Asheville, NC	2,572	3,648	4,310	4,239	3,754	3,269	3,768	3,741	2,583
Athens-Clarke County, GA	591	1,691	1,891	1,996	2,113	1,956	2,262	1,427	1,358
Atlanta-Sandy Springs-Marietta, GA	19,294	44,770	68,266	72,861	74,007	66,377	68,359	66,885	65,578
Atlantic City-Hammonton, NJ	794	1,136	1,893	2,002	2,075	2,285	2,020	1,685	1,625
Auburn-Opelika, AL	1,297	1,503	2,204	1,766	1,500	1,167	1,316	963	574
Augusta-Richmond County, GA-SC	1,905	3,349	3,619	3,892	3,708	3,592	3,555	2,826	2,319
Austin-Round Rock, TX	11,792	19,903	26,096	23,241	18,015	15,317	17,201	17,814	21,774
Bakersfield, CA	2,593	4,202	6,991	8,857	6,794	5,813	4,509	3,494	3,070
Baltimore-Towson, MD	5,544	6,207	8,133	11,327	10,282	11,133	10,991	10,908	11,804
Bangor, ME	388	498	709	996	741	638	533	433	482
Barnstable Town, MA	559	818	886	1,388	1,475	1,228	1,393	1,619	1,882
Baton Rouge, LA	3,755	6,367	9,061	6,214	5,179	5,351	4,273	3,810	3,473
Battle Creek, MI	45	240	210	406	370	394	462	412	483
Bay City, MI	105	199	213	300	405	438	361	365	274
Beaumont-Port Arthur, TX	2,248	2,288	1,993	1,200	1,125	1,384	897	1,105	810
Bellingham, WA	669	1,232	1,482	2,556	2,488	2,320	1,537	1,444	1,625
Bend, OR	755	1,785	3,284	4,460	3,892	3,145	2,533	2,328	2,099
Billings, MT	571	663	725	669	939	911	712	561	491
Binghamton, NY	286	306	303	283	289	378	390	310	253
Birmingham-Hoover, AL	3,359	5,433	7,807	7,668	7,800	6,673	5,309	5,196	5,214
Bismarck, ND	811	947	993	742	852	953	864	769	502
Blacksburg-Christiansburg-Radford, VA	1,044	852	977	686	904	773	912	621	543
Bloomington, IN	576	875	737	1,028	1,138	1,176	1,043	881	625
Bloomington-Normal, IL	463	653	794	885	1,165	1,643	1,698	1,550	909
Boise City-Nampa, ID	2,797	4,864	8,352	11,549	8,895	7,724	6,999	6,717	6,215
Boston-Cambridge-Quincy, MA-NH	7,634	11,248	13,916	17,442	15,423	14,041	11,030	11,000	11,890
Boulder, CO	1,022	635	746	1,141	1,372	1,428	1,717	3,321	2,780
Bowling Green, KY	559	827	921	1,385	1,324	1,046	739	638	801
Bradenton-Sarasota-Venice, FL	2,072	2,681	7,671	14,045	14,496	9,025	10,186	9,648	7,110
Bremerton-Silverdale, WA	783	1,370	1,236	1,611	1,366	1,460	1,229	1,138	1,111
Bridgeport-Stamford-Norwalk, CT	1,814	2,290	1,939	3,119	2,495	1,964	1,879	2,220	2,278
Brownsville-Harlingen, TX	1,306	2,091	3,402	3,694	3,592	3,444	3,917	3,094	3,111
Brunswick, GA	502	835	1,226	1,277	1,104	838	963	748	707
Buffalo-Niagara Falls, NY	1,544	1,932	2,023	2,096	2,510	2,925	2,960	2,784	2,672
Burlington, NC	760	1,441	1,988	1,484	1,366	1,163	1,411	950	945
Burlington-South Burlington, VT	508	717	744	864	1,227	956	1,122	1,028	924
Canton-Massillon, OH	436	728	1,010	1,409	1,526	1,556	1,400	1,132	1,279
Cape Coral-Fort Myers, FL	1,602	5,905	18,746	29,330	20,395	15,675	11,146	10,959	9,120
Carson City, NV	16	51	187	190	232	203	336	384	276
Casper, WY	419	429	423	444	284	174	150	140	145
Cedar Rapids, IA	976	1,187	1,200	1,732	2,056	1,815	1,776	1,674	1,809
Champaign-Urbana, IL	951	1,613	1,828	2,178	1,191	1,373	1,579	988	1,155
Charleston, WV	641	550	705	665	845	461	479	384	438
Charleston-North Charleston-Summerville, SC	5,172	6,780	9,073	10,818	8,306	7,394	5,981	4,684	5,387
Charlotte-Gastonia-Concord, NC-SC	12,236	21,190	25,161	22,027	21,551	18,833	19,270	20,884	22,362
Charlottesville, VA	913	1,317	1,789	2,029	2,257	2,008	2,636	1,663	1,300
Chattanooga, TN-GA	1,544	2,687	3,455	3,798	3,558	3,266	2,934	2,880	2,533
Cheyenne, WY	202	316	509	872	876	779	478	319	245
Chicago-Naperville-Joliet, IL-IN-WI	16,058	33,933	46,722	53,908	47,541	49,954	49,198	45,371	42,490
Chico, CA	592	985	1,282	1,693	1,989	1,769	1,186	1,093	1,134
Cincinnati-Middletown, OH-KY-IN	4,000	6,884	9,447	12,917	13,049	13,181	12,820	12,535	12,197
Clarksville, TN-KY	1,402	2,222	3,215	2,768	2,729	2,133	1,687	1,769	1,687
Cleveland, TN	446	819	841	826	859	725	525	504	510
Cleveland-Elyria-Mentor, OH	2,685	4,075	5,194	6,438	7,409	7,040	6,803	6,758	6,953
Coeur d'Alene, ID	774	1,661	1,599	2,688	2,365	1,837	1,414	1,344	1,174
College Station-Bryan, TX	2,158	1,927	1,585	1,636	1,192	1,884	1,839	1,447	1,383
Colorado Springs, CO	2,076	3,229	4,595	6,983	6,766	5,449	7,062	7,323	6,632
Columbia, MO	546	1,166	1,936	2,329	2,339	2,101	1,798	1,208	1,266
Columbia, SC	4,348	6,865	8,117	7,430	7,249	6,439	5,198	4,804	4,835
Columbus, GA-AL	1,100	1,808	2,227	2,245	2,078	1,991	1,437	1,757	1,638
Columbus, IN	192	257	281	292	278	283	131	223	212
Columbus, OH	4,449	6,402	7,876	12,263	13,290	16,423	17,115	15,730	15,354
Corpus Christi, TX	1,603	2,017	3,300	2,613	3,055	1,997	1,981	1,297	1,647
Corvallis, OR	108	213	355	496	366	439	369	795	264
Cumberland, MD-WV	152	246	234	245	231	217	208	151	407
Dallas-Fort Worth-Arlington, TX	36,321	43,568	56,514	59,895	54,179	52,813	51,520	49,797	44,675
Dalton, GA	302	670	933	1,037	813	859	716	885	1,099
Danville, IL	12	47	35	45	122	70	62	60	70
Danville, VA	152	288	300	310	378	328	262	306	358
Davenport-Moline-Rock Island, IA-IL	487	1,190	1,155	1,477	1,270	1,279	1,301	1,078	1,069
Dayton, OH	1,241	1,577	2,131	3,155	3,160	4,109	3,246	2,783	2,685
Decatur, AL	195	467	336	400	374	429	409	313	399
Decatur, IL	453	146	411	306	357	526	393	225	361
Deltona-Daytona Beach-Ormond Beach, FL	1,366	2,185	3,815	6,884	6,436	6,416	4,940	4,516	3,587
Denver-Aurora, CO	8,814	14,217	18,070	20,849	21,836	17,359	17,359	17,359	17,359
Des Moines-West Des Moines, IA	2,913	3,850	5,120	6,300	5,461	5,502	4,864	4,022	3,179
Detroit-Warren-Livonia, MI	2,590	4,325	8,920	16,392	21,808	19,900	19,034	17,566	19,313
Dothan, AL	363	351	702	701	731	455	403	389	691
Dover, DE	988	1,484	1,703	2,182	2,178	2,167	1,452	1,018	858
Dubuque, IA	214	367	411	560	872	541	497	441	341
Duluth, MN-WI	785	1,001	1,192	1,477	1,715	1,349	1,091	1,011	1,133
Durham, NC	2,498	3,254	4,373	4,393	4,977	5,103	4,696	5,776	4,531
Eau Claire, WI	480	651	782	970	1,102	1,162	1,370	1,418	1,173
El Centro, CA	511	969	2,203	2,191	1,778	1,201	1,021	1,057	773
Elizabethtown, KY	616	1,043	1,146	1,325	1,160	957	799	770	549
Elkhart-Goshen, IN	489	681	923	1,024	1,163	1,175	1,606	1,054	1,296
Elmira, NY	63	92	91	107	95	145	141	179	178
El Paso, TX	3,981	4,379	4,140	5,405	3,942	5,271	3,710	3,438	3,203
Erie, PA	418	810	700	724	898	769	643	715	704
Eugene-Springfield, OR	771	1,490	1,708	2,356	1,750	1,534	1,625	1,385	1,330
Evansville, IN-KY	871	1,350	1,536	2,138	2,177	1,904	1,778	1,204	1,931
Fairbanks, AK	60	113	360	182	337	257	170	183	124
Fargo, ND-MN	1,306	1,803	1,927	2,720	2,821	2,266	2,159	1,529	1,304
Farmington, NM	316	371	443	439	351	367	280	170	172
Fayetteville, NC	2,306	2,664	4,115	4,325	3,528	2,267	2,836	1,614	1,805
Fayetteville-Springdale-Rogers, AR-MO	2,766	3,373	6,093	7,593	6,414	6,287	3,996	3,979	2,854
Flagstaff, AZ	283	477	1,080	1,080	910	1,189	865	877	683
Flint, MI	219	476	980	1,854	2,398	2,240	2,403	3,453	2,324
Florence, SC	573	1,049	902	906	407	251	701	232	814
Florence-Muscle Shoals, AL	345	448	375	326	305	442	326	249	324
Fond du Lac, WI	310	273	442	618	504	484	529	565	415
Fort Collins-Loveland, CO	1,265	1,341	2,240	2,887	3,252	3,003	3,036	3,664	3,524
Fort Smith, AR-OK	757	1,105	808	1,051	887	914	997	695	725
Fort Walton Beach-Crestview-Destin, FL	1,093	773	1,790	3,720	2,711	1,749	1,936	1,439	1,489
Fort Wayne, IN	1,016	1,115	1,588	2,541	2,637	2,631	2,913	2,605	2,126
Fresno, CA	2,560	4,855	5,278	7,400	7,157	5,753	3,837	3,768	3,156
Gadsden, AL	199	262	391	399	309	335	328	306	263
Gainesville, FL	1,054	1,475	2,041	2,395	2,116	1,763	1,884	2,401	2,043
Gainesville, GA	738	1,327	1,854	2,204	1,758	1,830	1,919	1,699	2,121
Glens Falls, NY	357	497	709	1,182	809	778	736	445	550
Goldsboro, NC	390	469	522	607	540	690	433	421	428
Grand Forks, ND-MN	374	404	486	647	590	674	371	202	155
Grand Junction, CO	784	1,366	1,574	1,505	1,551	1,589	1,370	1,253	1,316
Grand Rapids-Wyoming, MI	1,064	1,866	2,913	3,887	4,531	4,284	4,633	4,148	4,015
Great Falls, MT	205	316	320	316	224	201	120	167	99
Greeley, CO	980	1,847	2,922	4,279	4,414	3,963	4,411	4,301	4,369
Green Bay, WI	884	1,893	2,105	2,607	3,069	3,111	2,800	2,717	2,151
Greensboro-High Point, NC	3,296	4,966	6,417	6,290	6,139	4,816	5,668	6,393	4,786
Greenville, NC	1,274	2,548	2,320	2,577	2,201	1,736	1,880	1,872	1,797
Greenville-Mauldin-Easley, SC	3,175	5,411	5,526	5,062	5,003	4,469	4,305	4,227	4,348
Gulfport-Biloxi, MS	4,167	5,492	3,985	2,024	2,368	1,962	1,577	1,289	2,337
Hagerstown-Martinsburg, MD-WV	1,172	1,805	2,787	4,137	3,417	2,832	2,907	2,213	1,653
Hanford-Corcoran, CA	373	497	849	1,103	867	1,017	701	660	445
Harrisburg-Carlisle, PA	1,864	2,229	2,030	2,704	2,398	2,831	2,386	2,094	1,953
Harrisonburg, VA	943	1,306	908	1,198	1,082	728	793	599	631
Hartford-West Hartford-East Hartford, CT	1,691	2,795	3,638	4,036	4,058	4,137	3,846	3,504	3,265
Hattiesburg, MS	748	1,131	457	241	616	133	451	254	330
Hickory-Lenoir-Morganton, NC	926	1,668	1,553	1,626	1,885	1,619	1,875	2,432	2,190
Hinesville-Fort Stewart, GA	222	475	271	337	321	336	406	333	221
Holland-Grand Haven, MI	671	1,048	1,365	1,939	2,355	2,451	1,975	2,250	2,039
Honolulu, HI	1,438	2,944	2,606	3,988	4,084	3,473	2,673	1,975	1,969
Hot Springs, AR	54	96	135	159	140	129	125	113	105
Houma-Bayou Cane-Thibodaux, LA	865	722	1,153	947	895	1,053	794	711	696
Houston-Sugar Land-Baytown, TX	42,728	63,274	71,719	62,125	56,036	56,571	47,088	37,613	36,025
Huntington-Ashland, WV-KY-OH	343	372	633	616	352	179	212	296	273
Huntsville, AL	3,164	4,463	4,470	3,441	3,689	2,397	1,659	1,629	1,210
Idaho Falls, ID	518	1,488	1,524	1,914	1,740	1,183	932	765	665
Indianapolis-Carmel, IN	6,982	8,298	11,341	15,619	15,355	15,784	16,388	17,057	15,180
Iowa City, IA	834	819	1,090	1,288	1,362	1,555	1,331	1,246	1,205
Ithaca, NY	231	273	307	340	241	336	399	299	556
Jackson, MI	230	330	587	897	704	831	928	945	919
Jackson, MS	2,125	3,045	3,722	3,531	4,506	3,569	3,438	2,686	2,312
Jackson, TN	397	543	740	739	728	761	684	797	656
Jacksonville, FL	6,963	10,928	16,967	25,088	19,326	15,821	14,361	12,750	10,682
Jacksonville, NC	1,236	1,636	2,045	1,818	1,860	1,048	1,042	1,167	915
Janesville, WI	255	477	758	996	1,096	988	972	836	848
Jefferson City, MO	231	251	503	574	546	496	655	632	759
Johnson City, TN	1,053	966	1,440	1,265	1,085	944	747	396	508
Johnstown, PA	264	174	232	246	320	237	213	205	220
Jonesboro, AR	591	611	680	610	560	690	533	486	377
Joplin, MO	267	397	528	706	715	599	476	504	481
Kalamazoo-Portage, MI	627	1,000	1,439	1,610	1,867	2,462	1,710	1,623	1,934
Kankakee-Bradley, IL	194	408	630	827	651	671	468	453	389
Kansas City, MO-KS	5,300	8,129	13,205	15,218	15,058	14,935	13,976	15,116	13,044
Kennewick-Pasco-Richland, WA	1,101	1,603	1,724	2,450	3,264	2,249	2,247	1,545	1,018
Killeen-Temple-Fort Hood, TX	2,403	3,209	4,573	4,232	3,648	2,675	2,968	2,325	1,897
Kingsport-Bristol-Bristol, TN-VA	699	1,255	1,407	1,395	1,445	1,250	1,306	1,056	993
Kingston, NY	518	596	602	910	864	805	848	572	548
Knoxville, TN	2,856	4,849	6,453	5,757	5,965	3,899	4,163	3,668	3,505
Kokomo, IN	57	103	194	358	306	403	500	428	461
La Crosse, WI-MN	382	627	616	610	848	680	624	646	644
Lafayette, IN	660	919	918	1,079	1,511	1,519	1,432	1,600	1,830
Lafayette, LA	1,092	1,747	2,490	1,817	2,247	1,574	1,556	1,059	1,069
Lake Charles, LA	963	1,209	630	918	1,347	1,458	986	1,102	1,001
Lake Havasu City-Kingman, AZ	556	1,223	2,692	4,011	4,121	3,387	2,795	2,231	1,938
Lakeland-Winter Haven, FL	3,249	4,222	9,323	13,179	10,242	6,823	4,972	4,521	4,746
Lancaster, PA	1,484	1,731	1,887	2,040	2,675	2,690	2,548	2,267	2,016
Lansing-East Lansing, MI	383	768	1,231	2,121	2,206	3,156	2,406	2,469	2,316
Laredo, TX	1,087	1,581	2,395	2,176	2,193	1,671	1,805	1,759	1,863
Las Cruces, NM	985	1,424	2,385	2,511	1,675	1,767	1,213	994	982
Las Vegas-Paradise, NV	12,537	24,089	33,728	39,237	36,395	36,732	29,156	29,707	26,224
Lawrence, KS	744	456	545	697	879	1,060	948	1,037	803
Lawton, OK	254	876	582	635	166	162	162	142	138
Lebanon, PA	396	497	564	845	807	744	810	609	514
Lewiston, ID-WA	129	172	210	277	226	155	143	132	179
Lewiston-Auburn, ME	219	252	320	521	545	508	378	302	321
Lexington-Fayette, KY	2,819	2,569	3,677	5,007	5,121	3,975	3,934	3,118	3,890
Lima, OH	110	178	193	320	369	284	190	220	231
Lincoln, NE	823	1,349	1,424	1,780	2,706	2,498	1,998	1,794	1,771
Little Rock-North Little Rock-Conway, AR	2,835	3,477	4,175	5,748	5,525	4,098	4,536	3,046	2,746
Logan, UT-ID	593	1,005	996	1,104	1,404	988	731	878	725
Longview, TX	275	381	651	396	488	332	321	290	186
Longview, WA	276	578	703	515	409	436	481	411	514
Los Angeles-Long Beach-Santa Ana, CA	15,045	26,616	33,505	30,641	35,785	30,151	28,250	26,905	29,488
Louisville/Jefferson County, KY-IN	3,691	6,062	5,665	7,134	8,689	8,632	7,847	7,895	7,942
Lubbock, TX	1,502	1,280	1,514	1,782	3,776	2,956	1,873	1,730	926
Lynchburg, VA	906	1,716	1,840	1,842	1,455	1,421	1,458	1,236	1,205
Macon, GA	894	1,613	1,577	1,259	1,555	1,871	1,040	1,086	1,298
Madera, CA	240	509	1,376	2,268	1,676	1,227	981	789	648
Madison, WI	1,906	2,623	3,724	5,114	5,306	6,117	4,938	5,499	4,565
Manchester-Nashua, NH	690	971	1,346	1,862	2,160	2,051	2,426	1,878	1,843
Mansfield, OH	110	202	231	430	446	490	446	490	538
McAllen-Edinburg-Mission, TX	3,694	6,458	8,046	8,889	9,314	8,060	7,477	6,885	5,640
Medford, OR	449	1,138	1,333	2,036	2,099	2,138	1,548	1,602	1,351
Memphis, TN-MS-AR	3,106	8,078	10,251	10,792	10,130	9,605	9,084	8,058	10,736
Merced, CA	349	794	2,216	3,665	2,598	2,742	1,753	1,092	1,380
Miami-Fort Lauderdale-Pompano Beach, FL	7,821	15,145	35,110	45,562	46,084	39,595	39,594	35,532	34,949
Michigan City-La Porte, IN	180	330	382	577	512	417	413	442	440
Midland, TX	483	514	470	390	289	260	227	154	158
Milwaukee-Waukesha-West Allis, WI	2,444	3,266	4,290	5,444	5,902	6,467	5,936	5,879	5,631
Minneapolis-St. Paul-Bloomington, MN-WI	5,781	9,982	15,712	22,069	27,714	27,623	25,751	22,979	22,306
Missoula, MT	439	667	518	638	588	947	1,127	523	571
Mobile, AL	2,416	2,484	2,777	2,183	2,370	1,684	1,728	2,359	2,158
Modesto, CA	481	1,865	2,644	4,525	4,521	4,119	3,173	3,215	3,023
Monroe, LA	311	555	883	1,096	700	543	491	482	397
Monroe, MI	114	400	672	934	1,182	1,160	954	821	1,202
Montgomery, AL	649	1,894	1,590	2,396	2,060	1,772	1,613	1,520	1,267
Morgantown, WV	264	103	165	118	122	90	71	95	84
Morristown, TN	345	731	688	752	711	598	524	592	628
Mount Vernon-Anacortes, WA	438	807	1,009	1,018	851	904	887	719	677
Muncie, IN	75	134	208	267	359	563	313	336	402
Muskegon-Norton Shores, MI	208	346	480	657	766	969	992	898	836
Myrtle Beach-North Myrtle Beach-Conway, SC	2,997	5,268	10,335	11,828	7,068	5,130	4,017	4,268	4,492
Napa, CA	230	330	507	687	917	607	1,003	911	542
Naples-Marco Island, FL	951	2,095	4,788	6,622	6,921	5,820	7,282	8,158	7,970
Nashville-Davidson--Murfreesboro--Franklin, TN	8,188	13,567	15,327	16,654	16,281	13,549	11,782	12,047	10,707
New Haven-Milford, CT	920	1,256	1,654	2,251	2,534	1,826	1,701	1,586	1,918
New Orleans-Metairie-Kenner, LA	4,789	7,024	5,534	4,781	6,400	6,129	5,383	4,438	4,167
New York-Northern New Jersey-Long Island, NY-NJ-PA	51,590	56,405	60,987	67,207	56,873	49,812	46,390	43,851	49,169
Niles-Benton Harbor, MI	281	467	625	816	731	608	614	544	507
Norwich-New London, CT	363	718	1,006	1,208	1,348	1,222	956	782	814
Ocala, FL	1,139	3,035	7,063	7,453	5,426	6,475	6,161	3,171	2,354
Ocean City, NJ	485	1,081	1,580	2,433	2,149	1,693	1,422	1,403	1,242
Odessa, TX	716	439	261	255	194	173	200	101	238
Ogden-Clearfield, UT	1,980	3,434	4,922	4,918	4,675	4,422	3,980	3,877	3,584
Oklahoma City, OK	4,099	6,275	7,433	9,049	9,331	8,082	6,289	5,968	5,390
Olympia, WA	1,361	2,603	3,204	2,570	2,253	2,014	1,835	1,479	1,299
Omaha-Council Bluffs, NE-IA	4,521	5,048	5,466	6,631	6,400	6,370	5,919	5,100	5,925
Orlando-Kissimmee, FL	10,233	18,638	30,984	36,137	33,992	28,233	26,208	23,319	24,924
Oshkosh-Neenah, WI	638	559	816	777	1,114	1,460	1,375	1,301	811
Owensboro, KY	308	432	351	457	415	603	1,094	760	839
Oxnard-Thousand Oaks-Ventura, CA	893	1,595	2,244	4,511	2,617	3,567	2,525	3,453	3,960
Palm Bay-Melbourne-Titusville, FL	1,625	2,927	5,044	8,787	8,925	6,169	6,622	5,044	4,284
Palm Coast, FL	648	567	1,839	3,985	5,208	4,305	2,319	1,677	1,445
Panama City-Lynn Haven, FL	918	1,036	3,076	5,538	3,844	3,676	1,616	1,071	1,452
Parkersburg-Marietta-Vienna, WV-OH	206	216	295	306	237	229	234	308	260
Pascagoula, MS	1,029	1,413	1,541	918	1,295	897	820	1,055	979
Pensacola-Ferry Pass-Brent, FL	1,290	2,622	2,811	3,956	4,635	4,801	3,213	3,182	2,511
Peoria, IL	994	1,352	1,622	1,937	1,820	1,757	1,411	1,169	1,598
Philadelphia-Camden-Wilmington, PA-NJ-DE-MD	10,570	13,477	17,212	20,242	21,010	21,095	18,994	17,846	19,520
Phoenix-Mesa-Scottsdale, AZ	18,533	37,272	44,280	62,617	65,259	54,860	47,899	46,100	45,310
Pine Bluff, AR	131	169	101	169	140	214	147	148	148
Pittsburgh, PA	3,774	4,680	5,633	5,601	6,856	6,513	7,040	6,881	6,581
Pittsfield, MA	315	298	352	486	480	417	459	357	314
Pocatello, ID	231	330	701	676	581	412	354	294	247
Portland-South Portland-Biddeford, ME	1,259	2,672	3,202	3,780	3,677	3,505	3,455	3,149	3,137
Portland-Vancouver-Beaverton, OR-WA	7,408	13,115	15,376	17,251	15,859	16,003	14,378	13,874	12,998
Port St. Lucie, FL	1,253	2,409	6,328	10,782	10,556	9,690	6,032	4,076	3,477
Poughkeepsie-Newburgh-Middletown, NY	1,921	2,020	2,200	2,842	2,763	2,909	3,259	3,208	3,003
Prescott, AZ	787	1,461	2,987	4,439	4,003	2,984	3,264	2,312	2,227
Providence-New Bedford-Fall River, RI-MA	1,598	3,085	3,685	4,653	4,410	4,035	4,551	3,902	4,246
Provo-Orem, UT	1,325	4,498	6,486	5,396	4,561	4,341	3,799	3,913	3,816
Pueblo, CO	416	677	1,304	1,179	1,220	1,282	1,303	1,390	1,098
Punta Gorda, FL	433	1,370	4,335	4,694	3,652	2,522	1,992	2,126	1,670
Racine, WI	277	632	806	1,006	1,278	1,188	951	798	867
Raleigh-Cary, NC	11,397	16,614	17,712	14,614	14,404	12,660	11,678	13,782	14,202
Rapid City, SD	477	957	956	1,176	1,375	858	994	681	528
Reading, PA	659	1,288	1,173	1,368	1,640	1,991	2,121	2,031	1,809
Redding, CA	530	712	952	1,566	1,038	1,358	1,341	1,024	970
Reno-Sparks, NV	1,924	2,110	3,670	6,329	5,743	5,033	4,716	4,954	4,574
Richmond, VA	4,982	7,118	7,980	9,832	9,298	9,177	9,733	8,920	6,503
Riverside-San Bernardino-Ontario, CA	8,946	20,086	38,089	51,008	51,463	42,252	32,474	27,417	21,496
Roanoke, VA	858	1,006	1,228	1,604	1,758	1,627	1,613	1,673	1,600
Rochester, MN	631	786	1,109	1,542	1,662	2,016	1,952	1,980	1,854
Rochester, NY	1,898	1,906	2,288	2,730	3,045	3,422	2,991	3,004	3,285
Rockford, IL	465	1,335	2,163	2,566	2,573	2,625	1,980	1,921	1,628
Rocky Mount, NC	367	845	702	766	755	762	912	807	790
Rome, GA	224	308	465	613	573	502	722	451	382
Sacramento--Arden-Arcade--Roseville, CA	5,511	8,050	11,877	20,182	21,999	22,832	22,099	18,434	16,793
Saginaw-Saginaw Township North, MI	144	240	270	582	618	699	630	530	972
St. Cloud, MN	629	780	1,267	1,714	1,706	2,015	1,848	1,488	1,354
St. George, UT	728	1,949	2,253	3,848	3,792	2,729	2,083	1,822	1,551
St. Joseph, MO-KS	103	177	228	297	339	304	285	241	301
St. Louis, MO-IL	5,735	10,311	11,807	15,506	15,720	14,754	14,157	12,028	12,286
Salem, OR	1,055	1,791	2,353	2,438	2,560	1,979	1,960	1,790	1,684
Salinas, CA	456	1,107	865	1,430	1,198	1,355	1,222	1,056	1,714
Salisbury, MD	392	677	1,217	1,212	1,185	1,298	915	916	507
Salt Lake City, UT	4,070	6,245	7,669	9,243	7,659	8,145	6,632	6,673	5,823
San Angelo, TX	259	356	489	270	235	265	251	249	247
San Antonio, TX	10,574	13,295	19,761	22,305	17,539	13,375	13,241	13,136	10,976
San Diego-Carlsbad-San Marcos, CA	5,357	7,435	9,191	14,306	15,587	18,031	13,684	15,405	15,592
Sandusky, OH	55	127	196	423	356	334	204	248	309
San Francisco-Oakland-Fremont, CA	7,555	10,560	14,483	14,883	15,239	14,828	12,541	11,101	15,113
San Jose-Sunnyvale-Santa Clara, CA	3,490	4,194	6,150	5,736	5,492	7,103	4,621	6,301	7,177
San Luis Obispo-Paso Robles, CA	674	1,266	1,764	2,316	2,450	2,260	1,993	1,943	1,673
Santa Barbara-Santa Maria-Goleta, CA	405	711	873	1,050	1,499	1,461	1,696	1,026	867
Santa Cruz-Watsonville, CA	317	842	711	861	801	1,066	608	600	545
Santa Fe, NM	140	277	417	580	561	561	604	537	395
Santa Rosa-Petaluma, CA	612	1,431	1,912	2,819	1,929	2,252	1,928	2,583	2,505
Savannah, GA	2,103	3,698	4,859	4,146	3,082	2,526	2,691	2,522	2,708
Scranton--Wilkes-Barre, PA	700	1,416	1,474	1,382	1,598	1,530	1,518	1,178	1,221
Seattle-Tacoma-Bellevue, WA	15,512	25,403	25,743	25,519	24,135	20,601	20,887	21,070	22,363
Sebastian-Vero Beach, FL	659	1,257	3,143	3,819	4,185	2,430	1,894	1,844	2,059
Sheboygan, WI	203	389	476	506	657	599	680	625	675
Sherman-Denison, TX	203	518	445	744	521	337	356	269	200
Shreveport-Bossier City, LA	1,442	1,517	1,772	2,540	1,958	2,243	1,420	1,055	943
Sioux City, IA-NE-SD	173	271	310	325	445	437	416	421	361
Sioux Falls, SD	1,866	2,382	2,323	2,295	2,448	2,520	2,057	2,395	2,375
South Bend-Mishawaka, IN-MI	830	1,250	1,299	1,382	1,361	1,366	1,413	1,239	1,987
Spartanburg, SC	1,077	1,646	2,156	2,131	2,219	2,081	1,986	1,572	1,567
Spokane, WA	2,406	2,777	3,764	4,396	3,920	2,550	2,066	2,223	2,094
Springfield, IL	605	608	853	1,000	989	1,075	930	919	929
Springfield, MA	819	1,211	1,658	1,656	1,709	1,663	1,652	1,336	1,327
Springfield, MO	2,193	3,450	4,758	5,115	4,289	3,455	3,486	2,533	2,624
Springfield, OH	104	395	200	287	258	273	292	275	284
State College, PA	456	634	678	701	694	1,022	995	778	653
Stockton, CA	819	2,426	3,652	5,869	6,724	7,041	6,143	4,339	5,392
Sumter, SC	299	916	768	627	674	653	404	358	294
Syracuse, NY	1,131	1,420	1,674	1,646	1,633	1,703	1,921	1,584	1,591
Tallahassee, FL	1,171	2,899	3,018	4,283	3,727	3,526	3,320	2,560	2,744
Tampa-St. Petersburg-Clearwater, FL	9,613	12,249	22,640	34,174	29,557	29,281	23,542	21,814	19,244
Terre Haute, IN	205	493	467	503	589	359	399	530	436
Texarkana, TX-Texarkana, AR	153	438	226	248	331	651	388	242	419
Toledo, OH	1,157	1,970	1,980	3,166	4,129	3,205	2,651	2,961	2,387
Topeka, KS	565	1,042	920	1,191	1,167	1,378	1,371	987	877
Trenton-Ewing, NJ	625	700	847	1,296	1,641	1,188	1,428	1,355	1,283
Tucson, AZ	3,221	5,237	8,522	11,644	10,521	7,910	7,147	7,472	7,779
Tulsa, OK	3,988	5,160	5,181	5,644	4,655	4,354	4,545	4,189	3,771
Tuscaloosa, AL	1,254	1,958	2,618	1,727	1,268	1,194	1,338	1,142	742
Tyler, TX	347	462	679	745	724	657	631	537	543
Utica-Rome, NY	343	480	638	596	512	481	474	419	405
Valdosta, GA	846	1,253	1,462	1,226	1,437	1,050	799	541	966
Vallejo-Fairfield, CA	565	1,019	1,205	2,354	2,961	2,642	2,474	2,568	2,233
Victoria, TX	145	187	239	241	553	244	323	224	235
Vineland-Millville-Bridgeton, NJ	336	683	737	630	566	374	310	256	255
Virginia Beach-Norfolk-Newport News, VA-NC	5,149	6,317	7,689	11,360	10,186	10,353	10,211	8,763	7,482
Visalia-Porterville, CA	1,487	2,689	3,575	3,317	2,492	2,270	1,993	1,772	1,627
Waco, TX	858	1,064	1,053	1,322	1,541	891	793	946	691
Warner Robins, GA	917	1,490	2,113	1,825	1,968	1,648	1,411	2,050	1,505
Washington-Arlington-Alexandria, DC-VA-MD-WV	13,732	22,459	27,958	36,776	38,024	35,847	38,566	36,798	37,849
Waterloo-Cedar Falls, IA	350	466	645	735	685	690	630	663	577
Wausau, WI	568	675	676	1,178	1,192	1,395	922	1,073	803
Weirton-Steubenville, WV-OH	82	166	51	59	156	156	187	184	146
Wenatchee, WA	489	1,107	1,041	902	693	663	526	455	393
Wheeling, WV-OH	36	137	73	91	141	55	44	36	49
Wichita, KS	2,549	2,781	3,656	3,349	3,106	3,648	3,221	2,846	2,659
Wichita Falls, TX	162	766	358	565	327	534	494	385	243
Williamsport, PA	194	206	300	299	349	289	355	388	313
Wilmington, NC	3,662	6,229	7,107	9,206	8,332	6,455	5,497	4,893	3,657
Winchester, VA-WV	431	802	1,428	1,783	1,394	1,137	1,351	875	727
Winston-Salem, NC	2,078	3,580	3,787	3,994	3,949	3,406	3,549	2,865	3,524
Worcester, MA	909	1,787	2,685	3,598	3,692	3,629	3,313	2,849	2,801
Yakima, WA	760	1,224	692	780	939	606	534	454	484
York-Hanover, PA	1,400	2,029	2,903	3,116	3,087	3,148	2,956	2,185	2,009
Youngstown-Warren-Boardman, OH-PA	531	851	956	1,228	1,656	1,431	1,622	1,330	1,616
Yuba City, CA	261	1,028	1,349	2,994	3,046	1,597	1,041	648	322
Yuma, AZ	827	1,044	1,574	2,308	2,700	1,915	1,726	1,310	1,228