MSA	2008	2007	2006	2005	2004	2003	2002	2001	2000	1990
Abilene, TX	159,521	159,156	158,734	158,681	158,547	158,029	158,099	158,284	160,241	148,004
Akron, OH	698,553	699,082	699,255	700,403	700,382	700,110	699,463	698,205	694,962	657,575
Albany, GA	164,919	163,941	162,974	161,912	161,404	161,128	160,013	159,814	157,868	146,583
Albany-Schenectady-Troy, NY	853,919	851,564	850,291	846,361	843,811	839,545	833,525	829,321	825,873	809,642
Albuquerque, NM	845,913	833,044	815,979	797,146	779,751	765,381	753,210	739,327	729,648	599,416
Alexandria, LA	153,105	152,656	152,145	147,050	146,308	145,518	145,123	144,915	145,035	149,082
Allentown-Bethlehem-Easton, PA-NJ	808,210	802,496	794,432	784,814	775,143	765,277	755,906	748,523	740,402	686,688
Altoona, PA	125,174	125,342	125,529	125,882	126,529	126,837	127,341	128,335	129,144	130,542
Amarillo, TX	243,838	242,124	239,804	237,644	235,015	232,707	230,161	228,292	226,522	196,111
Ames, IA	86,754	85,306	83,505	81,852	81,957	81,481	81,607	80,052	79,981	74,252
Anchorage, AK	364,701	360,089	358,812	351,128	345,498	338,665	332,357	325,648	319,606	266,021
Anderson, IN	131,501	131,157	131,012	130,603	131,198	131,627	132,458	132,992	133,358	130,669
Anderson, SC	182,825	179,964	176,958	174,232	172,588	171,132	169,874	168,690	165,738	145,177
Ann Arbor, MI	347,376	347,969	346,185	344,025	340,725	337,093	333,636	329,239	322,770	282,937
Anniston-Oxford, AL	113,419	112,856	112,581	111,953	111,520	111,308	110,814	111,001	112,243	116,032
Appleton, WI	219,720	217,840	216,125	214,120	212,161	210,226	208,112	205,327	201,720	174,801
Asheville, NC	408,436	403,528	396,985	390,789	386,320	381,769	377,644	373,766	369,170	307,999
Athens-Clarke County, GA	189,264	186,318	182,702	178,844	178,022	173,823	170,914	169,081	166,075	136,025
Atlanta-Sandy Springs-Marietta, GA	5,376,285	5,261,296	5,113,924	4,945,773	4,801,265	4,672,334	4,554,769	4,432,582	4,248,014	3,068,975
Atlantic City-Hammonton, NJ	270,681	269,970	269,329	268,120	265,820	261,621	258,009	254,783	252,552	224,327
Auburn-Opelika, AL	133,010	130,521	127,925	125,132	121,542	119,520	118,127	116,738	115,124	87,146
Augusta-Richmond County, GA-SC	534,218	528,312	522,072	517,079	514,118	509,285	506,275	502,882	499,656	435,799
Austin-Round Rock, TX	1,652,602	1,592,590	1,527,040	1,464,563	1,419,137	1,382,675	1,353,122	1,324,344	1,249,747	846,227
Bakersfield, CA	800,458	787,179	770,221	748,766	727,068	707,673	689,617	674,235	661,653	544,981
Baltimore-Towson, MD	2,667,117	2,663,805	2,658,022	2,646,991	2,636,172	2,620,419	2,599,306	2,577,412	2,553,000	2,382,172
Bangor, ME	148,651	148,527	147,839	146,902	146,566	147,061	146,207	145,572	144,919	146,601
Barnstable Town, MA	221,049	221,990	223,315	224,913	226,829	228,135	227,002	225,042	222,232	186,605
Baton Rouge, LA	774,327	769,397	763,588	729,366	725,212	718,850	713,356	709,718	705,902	623,850
Battle Creek, MI	135,861	136,334	137,192	138,060	138,754	138,418	138,265	138,005	137,985	135,982
Bay City, MI	107,495	107,366	107,927	108,531	108,929	109,122	109,576	109,651	110,157	111,723
Beaumont-Port Arthur, TX	378,255	376,448	373,847	380,319	380,342	379,987	380,948	381,678	385,090	361,218
Bellingham, WA	196,529	192,353	188,289	185,180	181,575	177,699	174,888	171,196	166,828	127,780
Bend, OR	158,456	153,799	148,827	140,942	134,056	129,292	125,440	120,645	115,367	74,976
Billings, MT	152,005	149,475	147,658	146,193	144,189	142,674	141,401	140,236	138,902	121,499
Binghamton, NY	245,189	245,850	246,440	246,835	248,352	249,622	251,255	251,412	252,323	264,497
Birmingham-Hoover, AL	1,117,608	1,108,672	1,100,286	1,088,303	1,080,206	1,072,415	1,064,480	1,060,076	1,051,301	956,646
Bismarck, ND	104,944	103,127	101,155	99,388	97,744	96,851	96,090	95,167	94,733	83,831
Blacksburg-Christiansburg-Radford, VA	158,328	157,356	155,792	154,416	153,159	152,818	152,572	153,038	151,324	140,715
Bloomington, IN	183,944	182,620	181,543	179,954	179,243	178,098	176,472	176,161	175,507	156,669
Bloomington-Normal, IL	165,298	163,692	161,630	159,349	158,369	157,227	155,595	152,598	150,433	129,180
Boise City-Nampa, ID	599,753	586,600	566,386	543,918	523,597	510,729	498,963	485,501	464,840	319,596
Boston-Cambridge-Quincy, MA-NH	4,522,858	4,492,338	4,467,233	4,454,959	4,453,964	4,456,379	4,456,374	4,441,675	4,392,345	4,133,895
Boulder, CO	293,161	288,805	285,050	282,115	281,049	279,318	279,832	277,756	269,773	225,339
Bowling Green, KY	117,947	115,698	113,883	111,360	109,205	107,735	106,172	105,297	104,168	88,077
Bradenton-Sarasota-Venice, FL	687,823	685,002	678,840	667,574	648,554	631,047	618,187	604,817	589,966	489,483
Bremerton-Silverdale, WA	239,769	238,160	239,771	236,024	239,179	238,884	236,623	233,304	231,966	189,731
Bridgeport-Stamford-Norwalk, CT	895,030	890,595	890,512	891,838	892,946	892,776	890,913	888,226	882,567	827,645
Brownsville-Harlingen, TX	392,736	384,905	378,181	371,492	364,809	357,595	349,868	342,449	335,227	260,120
Brunswick, GA	102,850	101,499	99,819	97,553	96,677	95,942	94,977	94,268	93,044	82,207
Buffalo-Niagara Falls, NY	1,124,309	1,126,513	1,131,989	1,140,309	1,149,369	1,154,569	1,158,498	1,163,544	1,170,109	1,189,340
Burlington, NC	148,053	144,790	141,492	139,480	137,747	136,050	135,308	133,464	130,800	108,213
Burlington-South Burlington, VT	208,460	207,220	206,255	205,348	204,590	203,351	202,528	201,078	198,892	177,059
Canton-Massillon, OH	407,653	407,594	407,344	407,555	408,380	408,317	407,807	407,308	406,968	394,106
Cape Coral-Fort Myers, FL	593,136	588,129	568,287	541,159	511,959	490,023	474,040	458,541	440,888	335,113
Carson City, NV	54,867	54,724	54,983	55,566	55,670	54,993	54,367	53,403	52,457	40,443
Casper, WY	73,129	71,784	70,220	69,408	68,637	67,939	67,353	66,863	66,533	61,226
Cedar Rapids, IA	255,452	252,472	249,383	247,151	245,006	243,098	242,033	240,072	237,230	210,640
Champaign-Urbana, IL	224,191	223,586	221,242	218,494	216,860	215,649	213,353	211,790	210,279	202,848
Charleston, WV	303,944	303,656	303,600	304,477	305,941	306,162	306,123	307,019	309,635	307,689
Charleston-North Charleston-Summerville, SC	644,506	630,434	616,642	601,162	590,119	576,651	566,735	557,444	548,972	506,877
Charlotte-Gastonia-Concord, NC-SC	1,701,799	1,646,431	1,580,070	1,518,488	1,470,342	1,435,910	1,405,871	1,374,889	1,330,525	1,024,690
Charlottesville, VA	194,391	192,154	190,191	187,655	184,691	182,440	180,527	177,836	174,021	144,151
Chattanooga, TN-GA	518,441	514,209	509,196	502,295	496,817	492,059	487,535	482,638	476,512	433,210
Cheyenne, WY	87,542	86,480	85,890	85,304	85,210	84,289	83,135	82,380	81,607	73,142
Chicago-Naperville-Joliet, IL-IN-WI	9,569,624	9,496,853	9,439,805	9,390,691	9,351,947	9,299,001	9,252,133	9,195,361	9,098,629	8,182,076
Chico, CA	220,337	218,185	217,131	214,873	213,193	211,584	209,299	206,366	203,171	182,120
Cincinnati-Middletown, OH-KY-IN	2,155,137	2,143,824	2,119,959	2,101,215	2,082,796	2,065,531	2,049,629	2,035,394	2,009,654	1,844,915
Clarksville, TN-KY	261,220	261,849	252,454	251,560	244,656	241,366	238,073	235,650	232,045	189,279
Cleveland, TN	112,143	110,910	109,325	107,940	106,889	106,017	105,539	105,061	104,003	87,355
Cleveland-Elyria-Mentor, OH	2,088,291	2,094,885	2,103,850	2,116,304	2,127,333	2,134,689	2,139,550	2,143,980	2,148,017	2,102,248
Coeur d'Alene, ID	137,475	134,211	130,530	126,742	121,621	116,952	114,025	111,719	108,685	69,795
College Station-Bryan, TX	207,425	203,199	200,047	196,355	193,717	191,970	189,277	186,822	184,885	150,998
Colorado Springs, CO	617,714	607,858	601,437	588,718	580,040	572,531	566,143	556,614	537,488	409,482
Columbia, MO	164,283	161,916	159,415	156,080	153,177	151,413	149,708	147,780	145,666	122,010
Columbia, SC	728,063	715,678	702,914	690,717	684,239	672,623	663,104	657,438	647,248	548,936
Columbus, GA-AL	287,653	286,889	289,967	287,991	286,513	281,549	286,223	283,391	281,736	266,452
Columbus, IN	75,360	74,578	73,889	73,069	72,420	71,926	71,653	71,973	71,435	63,657
Columbus, OH	1,773,120	1,753,010	1,732,478	1,712,248	1,694,729	1,677,791	1,658,667	1,641,861	1,612,844	1,405,168
Corpus Christi, TX	415,376	413,054	412,661	410,509	407,021	403,579	402,926	401,308	403,282	367,786
Corvallis, OR	81,859	81,151	80,110	79,452	78,949	79,398	79,585	78,149	78,139	70,811
Cumberland, MD-WV	99,033	99,302	99,097	99,546	100,354	100,483	100,852	101,316	102,008	101,643
Dallas-Fort Worth-Arlington, TX	6,300,006	6,153,474	5,995,596	5,817,696	5,691,024	5,582,699	5,476,979	5,354,746	5,161,530	3,989,294
 Dallas-Plano-Irving, TX	4,226,003	4,128,967	4,026,246	3,903,972	3,815,353	3,741,534	3,672,291	3,591,913	3,451,203	2,622,562
 Fort Worth-Arlington, TX	2,074,003	2,024,507	1,969,350	1,913,724	1,875,671	1,841,165	1,804,688	1,762,833	1,710,327	1,366,732
Dalton, GA	134,139	133,167	131,909	130,132	128,354	126,257	124,788	123,284	120,061	98,609
Danville, IL	80,680	81,167	81,641	81,743	82,170	82,386	82,923	83,452	83,924	88,257
Danville, VA	105,783	105,948	106,124	106,618	107,330	108,094	108,618	109,351	110,156	108,728
Davenport-Moline-Rock Island, IA-IL	377,626	375,638	373,926	373,061	372,805	372,847	373,804	374,587	376,052	368,145
Dayton, OH	836,544	838,828	840,982	843,079	845,234	845,320	845,270	846,005	848,155	843,835
Decatur, AL	150,125	148,995	147,786	146,949	146,196	146,516	145,932	146,271	145,873	131,556
Decatur, IL	108,328	108,664	109,082	109,635	110,027	110,683	111,998	113,318	114,706	117,206
Deltona-Daytona Beach-Ormond Beach, FL	498,036	499,734	495,021	485,716	476,511	465,818	458,242	451,167	443,341	370,737
Denver-Aurora, CO	2,506,626	2,453,393	2,403,113	2,358,271	2,324,842	2,299,309	2,277,073	2,246,976	2,179,338	1,650,489
Des Moines-West Des Moines, IA	556,230	545,669	534,659	523,604	512,100	504,364	497,044	490,172	481,394	416,346
Detroit-Warren-Livonia, MI	4,425,110	4,457,523	4,486,620	4,496,480	4,499,091	4,492,463	4,484,953	4,477,815	4,452,558	4,248,699
Dothan, AL	140,961	139,336	137,458	135,546	134,207	132,958	131,610	131,256	130,859	120,352
Dover, DE	155,415	151,705	147,520	143,206	138,319	134,173	131,274	128,812	126,702	110,993
Dubuque, IA	92,724	92,296	91,398	90,975	90,633	90,109	89,205	88,988	89,156	86,403
Duluth, MN-WI	274,571	273,757	273,682	274,116	274,979	275,578	275,776	276,377	275,485	269,230
Durham, NC	489,762	478,003	467,134	457,943	451,132	446,209	441,783	435,230	423,796	344,645
Eau Claire, WI	158,742	157,549	156,010	154,738	153,404	151,713	150,853	149,697	148,337	137,543
El Centro, CA	163,972	160,830	156,999	153,285	150,078	147,359	144,629	143,177	142,361	109,303
Elizabethtown, KY	112,268	111,592	110,601	110,207	108,864	108,545	108,441	108,081	107,550	100,919
Elkhart-Goshen, IN	199,137	197,639	196,341	193,428	189,948	187,655	185,013	185,033	182,791	156,198
Elmira, NY	87,813	87,913	88,089	88,381	89,386	89,822	90,408	90,671	91,070	95,195
El Paso, TX	742,062	729,969	722,458	709,992	703,437	695,376	689,213	685,035	679,622	591,610
Erie, PA	279,175	279,293	279,641	278,781	279,668	282,098	281,847	281,481	280,845	275,572
Eugene-Springfield, OR	346,560	342,781	339,422	335,422	331,990	330,504	327,402	324,822	322,979	282,912
Evansville, IN-KY	350,261	349,723	348,596	347,718	346,838	345,324	343,746	342,972	342,816	324,858
Fairbanks, AK	97,970	97,986	94,803	94,561	92,414	89,294	87,412	85,293	82,840	77,720
Fargo, ND-MN	195,685	191,930	188,948	185,680	183,592	179,341	177,445	176,249	174,367	153,296
Farmington, NM	122,500	122,239	121,620	121,843	120,817	119,742	118,256	115,128	113,801	91,605
Fayetteville, NC	356,105	351,082	348,053	344,855	348,997	346,821	342,309	338,080	336,608	297,569
Fayetteville-Springdale-Rogers, AR-MO	443,976	434,643	422,446	407,794	392,169	379,008	367,526	358,379	347,036	239,464
Flagstaff, AZ	128,558	127,350	125,966	124,653	123,235	121,460	120,333	117,771	116,318	96,591
Flint, MI	428,790	434,027	437,445	439,113	439,778	439,448	438,685	437,844	436,148	430,459
Florence, SC	199,831	198,537	197,601	196,670	196,035	195,539	194,683	193,785	193,155	176,195
Florence-Muscle Shoals, AL	143,791	143,007	142,375	141,790	141,596	141,236	141,443	142,224	142,944	131,327
Fond du Lac, WI	99,453	99,043	98,667	98,392	98,223	97,956	97,781	97,729	97,296	90,083
Fort Collins-Loveland, CO	292,825	286,727	280,944	275,570	271,871	268,667	265,632	260,717	251,494	186,136
Fort Smith, AR-OK	290,977	288,913	285,898	282,291	280,020	278,306	277,045	275,436	273,177	234,078
Fort Walton Beach-Crestview-Destin, FL	179,693	181,087	182,834	183,259	182,076	178,518	175,832	171,929	170,497	143,777
Fort Wayne, IN	411,154	409,177	405,685	402,137	399,778	398,274	395,846	393,469	390,156	354,435
Fresno, CA	909,153	894,748	882,171	870,620	859,729	846,210	829,729	813,476	799,407	667,490
Gadsden, AL	103,303	103,080	102,751	102,433	102,525	102,597	102,749	102,882	103,459	99,840
Gainesville, FL	258,555	256,417	252,915	247,578	243,701	241,054	238,725	235,839	232,396	191,263
Gainesville, GA	184,814	178,620	171,444	164,947	159,499	155,687	151,624	146,798	139,315	95,434
Glens Falls, NY	128,775	128,470	128,016	127,429	126,742	125,872	125,000	124,653	124,345	118,539
Goldsboro, NC	113,671	113,396	112,603	113,203	113,529	112,716	112,740	112,894	113,329	104,666
Grand Forks, ND-MN	97,279	96,781	97,719	97,236	97,787	96,078	96,051	96,413	97,478	103,272
Grand Junction, CO	143,171	138,883	133,868	129,525	127,131	124,523	122,134	119,284	116,935	93,145
Grand Rapids-Wyoming, MI	776,833	774,931	771,265	767,883	763,844	760,249	755,971	750,079	740,490	645,918
Great Falls, MT	82,026	81,784	81,854	81,791	81,690	81,059	80,590	80,380	80,357	77,691
Greeley, CO	249,775	242,648	234,710	226,354	218,040	210,836	203,660	193,077	180,857	131,821
Green Bay, WI	302,935	301,056	298,307	296,384	294,317	290,930	288,709	285,833	282,499	243,698
Greensboro-High Point, NC	705,684	695,738	684,558	673,268	664,643	660,771	656,502	652,193	643,449	540,030
Greenville, NC	176,758	172,838	168,417	163,927	161,359	159,010	157,052	155,002	152,693	123,864
Greenville-Mauldin-Easley, SC	624,715	612,567	599,509	588,714	581,807	576,337	571,863	567,649	559,922	472,155
Gulfport-Biloxi, MS	234,625	231,656	227,198	256,539	254,286	249,907	249,746	248,147	246,197	207,875
Hagerstown-Martinsburg, MD-WV	263,753	260,539	255,874	249,510	242,965	236,556	230,868	226,707	222,771	192,774
Hanford-Corcoran, CA	149,518	148,232	145,723	143,507	142,390	138,879	134,781	132,502	129,461	101,469
Harrisburg-Carlisle, PA	531,108	527,880	524,100	519,747	517,254	515,759	513,402	510,338	509,084	474,242
Harrisonburg, VA	118,409	117,429	116,062	114,156	112,386	111,503	111,116	109,841	108,169	88,189
Hartford-West Hartford-East Hartford, CT	1,190,512	1,186,485	1,183,285	1,178,810	1,175,431	1,173,571	1,165,584	1,156,929	1,148,620	1,123,678
Hattiesburg, MS	140,781	138,469	135,083	131,739	129,768	128,052	126,654	125,348	123,812	109,603
Hickory-Lenoir-Morganton, NC	363,036	359,569	356,231	353,532	350,779	348,816	348,110	346,722	341,820	292,405
Hinesville-Fort Stewart, GA	69,943	71,726	71,462	73,822	72,782	71,130	72,091	70,807	71,914	58,947
Holland-Grand Haven, MI	260,364	258,461	256,512	254,231	252,229	249,129	246,239	243,438	238,314	187,768
Honolulu, HI	905,034	900,525	904,134	899,673	893,879	887,576	882,278	877,024	876,158	836,231
Hot Springs, AR	97,465	96,245	95,127	93,197	91,987	91,161	90,124	89,298	88,068	73,397
Houma-Bayou Cane-Thibodaux, LA	201,148	201,020	200,818	197,514	197,043	196,378	195,564	194,764	194,477	182,842
Houston-Sugar Land-Baytown, TX	5,728,143	5,597,958	5,485,545	5,302,908	5,193,029	5,086,012	4,979,939	4,851,949	4,715,417	3,767,233
Huntington-Ashland, WV-KY-OH	284,234	283,943	284,227	284,392	285,156	286,062	285,944	286,998	288,651	288,189
Huntsville, AL	395,645	386,322	377,747	369,168	362,563	357,984	352,843	347,754	342,628	293,047
Idaho Falls, ID	122,995	119,133	115,265	111,915	109,217	106,216	104,300	102,916	101,677	88,750
Indianapolis-Carmel, IN	1,715,459	1,692,737	1,668,248	1,643,072	1,621,479	1,599,068	1,577,489	1,555,700	1,525,103	1,294,217
Iowa City, IA	149,437	146,690	144,288	142,293	140,793	138,468	136,527	134,854	131,676	115,731
Ithaca, NY	101,136	100,401	100,067	99,887	99,870	99,272	98,418	97,572	96,502	94,097
Jackson, MI	160,180	162,706	162,867	162,573	161,790	161,839	160,802	159,761	158,422	149,756
Jackson, MS	537,285	533,794	530,531	521,330	515,879	508,985	504,364	501,164	497,200	446,941
Jackson, TN	112,685	112,390	111,996	110,663	109,915	109,201	109,295	108,788	107,365	90,801
Jacksonville, FL	1,313,228	1,297,813	1,276,495	1,247,794	1,222,154	1,194,253	1,172,493	1,147,922	1,122,750	925,213
Jacksonville, NC	165,938	163,336	160,896	158,926	161,244	156,039	153,280	149,664	150,355	149,838
Janesville, WI	160,213	159,398	158,046	156,394	155,382	153,989	153,522	153,156	152,307	139,510
Jefferson City, MO	146,363	145,170	144,485	143,407	141,807	142,642	141,939	140,901	140,053	120,704
Johnson City, TN	195,849	193,295	191,225	188,794	187,109	186,068	183,704	182,076	181,605	160,369
Johnstown, PA	144,319	144,996	145,922	146,764	147,728	148,710	149,833	150,968	152,598	163,062
Jonesboro, AR	117,361	115,548	114,451	112,500	111,341	110,139	109,207	108,785	107,762	93,620
Joplin, MO	172,933	171,043	168,336	165,875	163,800	161,885	160,078	158,596	157,322	134,910
Kalamazoo-Portage, MI	323,713	322,340	321,436	320,457	319,959	321,001	318,960	316,722	314,866	293,471
Kankakee-Bradley, IL	112,524	111,538	109,944	108,431	107,399	106,068	105,396	104,805	103,833	96,255
Kansas City, MO-KS	2,002,047	1,981,480	1,958,328	1,937,398	1,920,385	1,902,540	1,885,911	1,863,707	1,836,425	1,636,527
Kennewick-Pasco-Richland, WA	235,841	227,905	222,864	218,357	213,297	208,582	202,474	196,345	191,825	150,033
Killeen-Temple-Fort Hood, TX	378,935	370,755	357,866	354,257	348,275	346,384	339,953	334,434	330,712	268,820
Kingsport-Bristol-Bristol, TN-VA	304,689	303,310	301,368	300,088	298,771	298,925	298,418	298,214	298,486	275,678
Kingston, NY	181,670	181,593	181,652	181,421	181,034	180,282	179,760	178,312	177,749	165,304
Knoxville, TN	691,152	680,652	669,530	657,525	647,872	640,981	632,699	625,202	616,076	534,917
Kokomo, IN	99,304	99,675	99,913	100,550	100,620	100,894	101,036	101,413	101,541	96,946
La Crosse, WI-MN	131,872	131,034	129,802	129,279	128,790	128,617	128,192	127,600	126,838	116,401
Lafayette, IN	192,870	190,759	188,288	184,850	182,543	181,755	180,661	180,150	178,541	158,848
Lafayette, LA	259,073	256,273	254,366	247,214	245,381	243,395	242,040	239,848	238,906	208,859
Lake Charles, LA	192,856	191,880	190,888	193,961	193,708	193,272	192,575	192,809	193,565	177,394
Lake Havasu City-Kingman, AZ	196,281	195,873	192,567	185,843	178,244	170,971	165,151	159,822	155,032	93,497
Lakeland-Winter Haven, FL	580,594	572,967	556,786	537,863	520,450	507,692	498,150	491,250	483,924	405,382
Lancaster, PA	502,370	497,955	493,321	488,884	485,401	481,595	477,927	474,337	470,658	422,822
Lansing-East Lansing, MI	454,035	455,071	455,450	456,330	456,627	454,468	452,917	450,720	447,821	432,684
Laredo, TX	236,941	231,477	226,435	221,165	215,909	210,312	205,135	199,947	193,117	133,239
Las Cruces, NM	201,603	198,048	193,455	189,330	185,045	182,264	178,574	176,536	174,682	135,510
Las Vegas-Paradise, NV	1,865,746	1,827,655	1,770,676	1,702,957	1,642,884	1,570,341	1,514,128	1,455,993	1,375,535	741,368
Lawrence, KS	114,748	113,400	112,559	111,519	108,509	106,327	104,472	102,325	99,962	81,798
Lawton, OK	111,772	113,931	112,256	111,860	113,623	110,467	111,993	112,224	114,998	111,486
Lebanon, PA	128,934	127,861	126,410	124,860	123,624	122,437	121,309	120,819	120,326	113,744
Lewiston, ID-WA	60,395	59,905	59,545	58,961	58,590	58,199	57,641	57,476	57,961	51,359
Lewiston-Auburn, ME	106,877	106,701	106,916	106,584	106,362	105,746	104,842	104,138	103,793	105,259
Lexington-Fayette, KY	453,424	446,109	439,859	432,283	426,496	422,046	416,694	413,605	408,326	348,428
Lima, OH	105,168	105,133	105,202	105,550	105,793	106,534	107,847	108,196	108,473	109,755
Lincoln, NE	295,486	291,248	287,771	284,600	281,047	278,571	274,577	270,968	266,787	229,091
Little Rock-North Little Rock-Conway, AR	675,069	665,657	656,613	645,263	636,911	629,352	622,862	617,324	610,514	534,943
Logan, UT-ID	125,070	121,153	118,402	116,604	114,161	111,847	108,924	105,230	102,720	79,415
Longview, TX	204,746	203,205	201,332	199,377	198,316	197,312	196,310	194,622	194,042	180,053
Longview, WA	101,254	100,216	98,685	96,231	95,328	94,355	94,270	93,598	92,948	82,119
Los Angeles-Long Beach-Santa Ana, CA	12,872,808	12,784,612	12,796,978	12,815,345	12,806,778	12,748,533	12,655,506	12,536,598	12,365,624	11,273,720
Louisville/Jefferson County, KY-IN	1,244,696	1,232,304	1,218,964	1,207,215	1,198,135	1,188,471	1,179,540	1,172,085	1,162,414	1,056,156
Lubbock, TX	270,610	268,085	265,888	262,596	260,963	259,055	255,677	253,363	249,700	229,940
Lynchburg, VA	245,809	243,652	240,054	235,969	232,663	231,131	229,432	229,123	228,616	206,226
Macon, GA	230,777	229,831	228,787	227,582	226,986	225,682	224,398	222,771	222,385	206,786
Madera, CA	148,333	145,654	143,331	140,049	136,783	132,200	127,949	125,474	123,109	88,090
Madison, WI	561,505	554,267	546,480	539,865	533,347	526,246	519,439	511,709	501,773	432,323
Manchester-Nashua, NH	402,042	401,060	400,002	398,193	396,020	392,641	390,682	388,064	380,843	335,838
Mansfield, OH	124,999	125,868	126,298	126,935	127,451	127,817	128,059	128,006	128,852	126,137
McAllen-Edinburg-Mission, TX	726,604	705,478	686,034	667,154	647,771	628,043	608,006	588,836	569,463	383,545
Medford, OR	201,138	199,003	196,502	194,268	191,816	189,533	186,592	183,797	181,275	146,387
Memphis, TN-MS-AR	1,285,732	1,279,120	1,270,263	1,252,785	1,242,362	1,233,260	1,223,516	1,215,042	1,205,196	1,067,263
Merced, CA	246,117	244,218	241,254	238,034	233,471	228,763	223,296	217,457	210,546	178,403
Miami-Fort Lauderdale-Pompano Beach, FL	5,414,772	5,392,118	5,402,334	5,375,410	5,311,255	5,243,747	5,188,731	5,108,584	5,007,992	4,056,228
Michigan City-La Porte, IN	110,888	110,274	109,167	109,145	108,581	108,743	109,424	110,049	110,106	107,066
Midland, TX	129,494	126,259	123,433	120,501	119,145	117,941	116,936	115,763	116,009	106,611
Milwaukee-Waukesha-West Allis, WI	1,549,308	1,543,378	1,538,721	1,534,162	1,531,756	1,526,411	1,519,318	1,510,819	1,500,743	1,432,149
Minneapolis-St. Paul-Bloomington, MN-WI	3,229,878	3,197,620	3,164,180	3,131,632	3,105,621	3,077,414	3,052,620	3,023,746	2,968,818	2,538,776
Missoula, MT	107,320	105,638	103,973	102,140	100,810	99,854	98,925	97,398	95,799	78,687
Mobile, AL	406,309	404,097	401,629	397,909	397,174	397,442	398,228	399,997	399,843	378,643
Modesto, CA	510,694	509,068	505,205	499,822	492,442	487,104	477,538	463,940	446,998	370,522
Monroe, LA	172,743	172,231	172,421	170,899	171,119	170,642	169,970	169,404	170,053	162,987
Monroe, MI	152,949	153,331	153,150	152,242	151,041	149,649	148,566	147,631	145,945	133,600
Montgomery, AL	365,924	365,976	362,447	356,110	353,250	351,657	350,341	348,336	346,522	305,175
Morgantown, WV	118,506	117,547	116,759	115,918	114,864	114,069	112,780	111,940	111,201	104,546
Morristown, TN	135,914	134,247	131,915	129,798	128,044	126,720	125,140	124,751	123,081	100,591
Mount Vernon-Anacortes, WA	118,000	115,898	114,136	111,963	110,076	108,205	106,126	104,828	102,975	79,545
Muncie, IN	114,685	115,167	115,498	116,600	117,698	118,952	119,355	119,987	118,769	119,659
Muskegon-Norton Shores, MI	174,344	174,108	174,045	173,925	173,060	172,479	171,803	171,239	170,200	158,983
Myrtle Beach-North Myrtle Beach-Conway, SC	257,380	249,711	239,496	228,254	217,890	210,840	206,110	201,833	196,660	144,053
Napa, CA	133,433	131,781	130,866	130,056	130,149	129,904	128,639	126,753	124,279	110,765
Naples-Marco Island, FL	315,258	313,655	311,602	305,481	294,632	284,354	275,034	264,096	251,377	152,099
Nashville-Davidson--Murfreesboro--Franklin, TN	1,550,733	1,520,160	1,485,689	1,449,403	1,415,924	1,386,544	1,363,831	1,343,402	1,311,789	1,048,216
New Haven-Milford, CT	846,101	844,358	841,881	840,117	838,814	837,452	832,371	828,441	824,008	804,219
New Orleans-Metairie-Kenner, LA	1,134,029	1,109,411	991,902	1,312,400	1,313,742	1,311,300	1,310,879	1,310,879	1,316,512	1,264,383
New York-Northern New Jersey-Long Island, NY-NJ-PA	19,006,798	18,922,571	18,848,240	18,812,037	18,757,341	18,676,263	18,593,272	18,491,057	18,323,391	16,846,046
Niles-Benton Harbor, MI	159,481	159,346	159,366	160,034	161,066	161,352	161,449	161,630	162,455	161,378
Norwich-New London, CT	264,519	263,770	267,877	265,204	266,672	265,149	262,945	260,901	259,106	254,957
Ocala, FL	329,628	324,093	313,761	301,436	289,612	279,023	271,188	264,372	258,914	194,835
Ocean City, NJ	95,838	96,328	97,538	98,557	99,915	101,329	101,415	101,861	102,326	95,089
Odessa, TX	131,941	129,410	126,449	124,350	123,360	122,096	121,802	120,596	121,123	118,934
Ogden-Clearfield, UT	531,488	517,505	503,221	491,436	481,056	471,167	461,758	452,712	442,656	351,799
Oklahoma City, OK	1,206,142	1,189,158	1,173,292	1,154,487	1,140,289	1,131,044	1,119,841	1,107,523	1,095,422	971,042
Olympia, WA	245,181	238,166	232,862	227,476	223,417	219,993	216,549	212,509	207,353	161,238
Omaha-Council Bluffs, NE-IA	837,925	827,666	819,073	810,155	800,155	790,252	782,158	775,256	767,144	685,797
Orlando-Kissimmee, FL	2,054,574	2,028,669	1,993,945	1,935,502	1,863,559	1,801,361	1,755,472	1,708,129	1,644,547	1,224,844
Oshkosh-Neenah, WI	162,111	161,308	160,247	159,448	158,535	158,222	158,372	157,762	156,763	140,320
Owensboro, KY	112,762	111,984	111,288	110,753	110,429	110,279	109,951	109,853	109,875	104,681
Oxnard-Thousand Oaks-Ventura, CA	797,740	792,456	791,247	788,565	789,670	785,220	777,421	765,710	753,186	669,016
Palm Bay-Melbourne-Titusville, FL	536,521	535,005	530,970	526,080	515,904	502,995	494,258	485,843	476,230	398,978
Palm Coast, FL	91,247	88,178	82,274	75,338	68,172	62,103	57,401	53,695	49,832	28,701
Panama City-Lynn Haven, FL	163,946	163,554	163,916	161,458	157,738	154,642	152,158	149,783	148,218	126,994
Parkersburg-Marietta-Vienna, WV-OH	160,678	160,679	160,941	161,635	162,344	162,624	163,313	163,832	164,620	161,907
Pascagoula, MS	153,100	152,137	149,486	155,081	154,429	152,943	152,251	151,991	150,564	131,916
Pensacola-Ferry Pass-Brent, FL	452,992	451,391	450,703	444,595	439,832	433,413	427,702	420,315	412,153	344,406
Peoria, IL	372,487	370,793	368,636	367,354	366,030	364,743	365,434	365,135	366,878	358,552
Philadelphia-Camden-Wilmington, PA-NJ-DE-MD	5,838,471	5,823,285	5,805,349	5,786,636	5,771,697	5,749,056	5,729,127	5,707,865	5,687,150	5,435,550
Phoenix-Mesa-Scottsdale, AZ	4,281,899	4,165,921	4,035,176	3,873,404	3,715,972	3,595,488	3,494,554	3,387,790	3,251,887	2,238,498
Pine Bluff, AR	100,647	101,608	102,728	103,636	104,506	105,399	105,986	106,494	107,346	106,958
Pittsburgh, PA	2,351,192	2,354,159	2,360,750	2,372,356	2,387,882	2,400,215	2,408,947	2,418,251	2,431,088	2,468,289
Pittsfield, MA	129,395	130,032	130,350	131,193	131,985	132,565	133,083	133,718	134,953	139,352
Pocatello, ID	88,495	87,571	87,043	86,144	85,755	84,720	84,663	84,180	83,103	73,112
Portland-South Portland-Biddeford, ME	514,065	512,357	511,179	511,089	509,203	505,919	500,783	495,358	487,566	441,257
Portland-Vancouver-Beaverton, OR-WA	2,207,462	2,166,491	2,126,475	2,087,066	2,054,913	2,035,389	2,011,436	1,975,944	1,927,883	1,523,741
Port St. Lucie, FL	403,768	398,880	387,653	375,661	361,979	346,907	335,833	326,820	319,426	251,071
Poughkeepsie-Newburgh-Middletown, NY	672,525	668,629	665,536	662,140	658,516	651,878	642,075	633,216	621,515	567,109
Prescott, AZ	215,503	212,179	206,300	197,367	189,411	183,313	178,346	173,265	167,517	107,714
Providence-New Bedford-Fall River, RI-MA	1,596,611	1,598,348	1,603,632	1,609,938	1,617,299	1,617,695	1,609,000	1,596,705	1,582,997	1,509,789
Provo-Orem, UT	540,820	522,831	491,159	463,733	442,896	418,175	405,757	396,212	376,778	269,407
Pueblo, CO	156,737	154,678	151,698	149,703	148,597	147,930	146,726	144,119	141,472	123,051
Punta Gorda, FL	150,060	152,479	152,804	153,142	156,057	151,969	149,346	145,919	141,627	110,975
Racine, WI	199,510	199,018	198,083	196,798	194,701	192,967	191,362	189,938	188,833	175,034
Raleigh-Cary, NC	1,088,765	1,043,961	997,115	953,093	916,625	889,078	863,225	835,454	797,065	544,020
Rapid City, SD	122,522	120,287	118,945	118,031	117,543	115,874	115,245	114,178	112,818	103,221
Reading, PA	403,595	401,479	398,353	393,305	388,835	384,285	380,447	377,068	373,638	336,523
Redding, CA	180,214	179,068	178,252	177,541	176,466	174,406	171,129	166,962	163,256	147,036
Reno-Sparks, NV	414,784	408,887	401,136	393,746	384,242	374,166	364,877	355,006	342,885	257,193
Richmond, VA	1,225,626	1,211,101	1,193,875	1,173,091	1,154,113	1,138,744	1,124,967	1,110,879	1,096,947	949,244
Riverside-San Bernardino-Ontario, CA	4,115,871	4,066,573	3,982,512	3,871,591	3,753,081	3,617,130	3,486,831	3,378,073	3,254,817	2,588,793
Roanoke, VA	298,108	296,355	294,181	291,810	290,172	289,326	288,696	288,591	288,249	268,513
Rochester, MN	182,924	180,305	178,361	175,929	174,027	171,710	169,405	166,625	163,617	141,945
Rochester, NY	1,034,090	1,032,488	1,032,857	1,034,772	1,038,973	1,040,259	1,041,391	1,041,383	1,037,836	1,002,410
Rockford, IL	354,394	351,260	344,634	339,194	334,773	331,253	327,041	323,933	320,206	283,719
Rocky Mount, NC	146,356	145,333	144,375	143,804	143,673	143,410	143,307	143,301	142,991	133,369
Rome, GA	95,980	95,364	95,006	94,193	93,865	93,442	92,579	91,136	90,565	81,251
Sacramento--Arden-Arcade--Roseville, CA	2,109,832	2,082,186	2,055,989	2,032,386	2,006,869	1,968,902	1,922,960	1,866,408	1,796,852	1,481,220
Saginaw-Saginaw Township North, MI	200,745	202,272	204,862	206,457	207,784	208,176	209,042	209,351	210,042	211,946
St. Cloud, MN	186,954	185,543	183,257	181,334	179,343	177,906	175,069	171,645	167,391	149,509
St. George, UT	137,589	133,447	127,073	119,076	110,253	104,245	99,412	94,613	90,354	48,560
St. Joseph, MO-KS	126,359	125,831	124,277	123,572	123,460	123,968	123,955	123,964	123,820	115,816
St. Louis, MO-IL 5	2,816,710	2,805,465	2,790,760	2,773,156	2,759,063	2,743,680	2,733,182	2,718,858	2,698,664	2,580,720
Salem, OR	391,680	385,108	378,599	371,779	366,680	362,565	358,349	352,568	347,217	278,024
Salinas, CA	408,238	404,646	403,922	406,887	410,223	411,385	409,810	407,350	401,761	355,660
Salisbury, MD	120,165	119,365	117,871	115,860	114,154	112,659	111,309	110,431	109,391	97,779
Salt Lake City, UT	1,115,692	1,095,362	1,074,254	1,045,905	1,031,306	1,016,736	1,001,878	988,900	968,883	768,075
San Angelo, TX	109,563	108,351	107,515	106,645	106,492	106,372	105,760	105,540	105,781	100,087
San Antonio, TX	2,031,445	1,984,921	1,931,994	1,879,129	1,844,604	1,808,661	1,777,575	1,743,870	1,711,717	1,407,745
San Diego-Carlsbad-San Marcos, CA	3,001,072	2,959,734	2,937,023	2,931,689	2,930,053	2,927,311	2,905,609	2,869,630	2,813,834	2,498,016
Sandusky, OH	77,062	77,162	77,423	77,786	78,365	78,472	78,643	79,228	79,551	76,779
San Francisco-Oakland-Fremont, CA	4,274,531	4,216,125	4,177,611	4,157,603	4,149,620	4,157,602	4,168,561	4,181,279	4,123,747	3,684,112
San Jose-Sunnyvale-Santa Clara, CA	1,819,198	1,786,355	1,762,258	1,742,883	1,728,380	1,726,381	1,730,409	1,746,353	1,735,818	1,534,274
San Luis Obispo-Paso Robles, CA	265,297	261,766	259,650	257,779	256,250	254,353	252,985	251,525	246,681	217,162
Santa Barbara-Santa Maria-Goleta, CA	405,396	402,092	400,393	401,576	402,128	403,083	402,529	401,690	399,356	369,608
Santa Cruz-Watsonville, CA	253,137	250,655	249,643	249,603	250,905	251,899	253,917	255,754	255,600	229,734
Santa Fe, NM	143,937	142,369	140,648	139,190	137,767	136,275	134,390	131,563	129,295	98,928
Santa Rosa-Petaluma, CA	466,741	462,290	460,947	462,299	463,915	464,222	463,902	464,608	458,616	388,222
Savannah, GA	334,353	329,307	321,185	314,178	310,290	304,934	301,625	296,993	293,302	257,899
Scranton--Wilkes-Barre, PA	549,150	549,052	548,031	548,256	548,815	550,319	552,348	555,595	560,631	575,322
Seattle-Tacoma-Bellevue, WA	3,344,813	3,298,225	3,253,977	3,197,370	3,160,537	3,136,965	3,120,811	3,094,159	3,043,897	2,559,136
Sebastian-Vero Beach, FL	132,315	131,446	129,300	126,578	123,959	119,740	117,746	115,287	112,943	90,208
Sheboygan, WI	114,561	114,206	113,898	113,663	113,226	112,954	112,954	112,872	112,656	103,877
Sherman-Denison, TX	118,804	118,066	116,829	115,577	114,932	114,384	113,273	112,381	110,595	95,019
Shreveport-Bossier City, LA	389,533	387,500	386,913	381,391	379,421	376,790	376,114	375,915	375,971	359,687
Sioux City, IA-NE-SD	143,157	142,340	141,656	140,817	141,919	141,968	142,280	142,470	143,053	131,350
Sioux Falls, SD	232,930	226,993	221,462	214,671	208,680	202,690	197,524	193,214	187,095	153,500
South Bend-Mishawaka, IN-MI	316,865	316,233	315,812	315,464	315,471	315,459	316,079	316,588	316,661	296,529
Spartanburg, SC	280,738	275,285	269,546	265,282	262,550	260,743	258,949	256,693	253,782	226,793
Spokane, WA	462,677	456,004	446,932	440,431	435,225	430,991	427,083	422,780	417,939	361,333
Springfield, IL	207,389	206,292	205,654	204,976	204,747	204,286	203,931	202,766	201,444	189,550
Springfield, MA	687,558	686,941	686,715	685,931	685,814	685,616	683,528	680,295	680,016	672,970
Springfield, MO	426,144	419,607	410,123	400,410	392,715	385,498	379,641	374,723	368,375	298,818
Springfield, OH	139,859	140,293	140,966	141,554	141,568	141,909	143,402	143,926	144,738	147,548
State College, PA	144,779	143,768	143,769	141,439	141,003	140,503	139,266	136,836	135,760	124,812
Stockton, CA	672,388	667,886	662,395	655,866	642,049	626,014	608,858	591,263	563,603	480,628
Sumter, SC	104,148	104,008	104,101	104,749	105,142	104,817	104,851	104,212	104,636	101,276
Syracuse, NY	643,794	643,974	644,872	646,452	649,243	649,719	648,805	648,902	650,154	659,924
Tallahassee, FL	357,259	353,425	347,328	341,548	336,961	332,733	327,520	324,521	320,309	259,107
Tampa-St. Petersburg-Clearwater, FL	2,733,761	2,715,273	2,687,091	2,637,036	2,577,050	2,522,193	2,483,308	2,442,259	2,396,011	2,067,959
Terre Haute, IN	170,233	170,111	169,932	169,112	168,756	169,457	169,418	170,197	170,954	166,578
Texarkana, TX-Texarkana, AR	135,509	134,224	133,842	132,250	131,528	130,760	130,187	129,868	129,749	120,132
Toledo, OH	649,104	650,770	651,747	654,360	656,491	657,754	658,315	659,407	659,185	654,157
Topeka, KS	229,619	228,295	227,301	227,025	226,262	225,506	224,977	224,883	224,549	210,257
Trenton-Ewing, NJ	364,883	363,757	363,263	362,368	361,583	358,897	356,213	353,994	350,761	325,824
Tucson, AZ	1,012,018	996,593	974,121	947,533	923,327	902,773	885,797	865,660	843,742	666,957
Tulsa, OK	916,079	904,345	891,185	880,999	876,676	876,515	874,542	867,570	859,533	761,019
Tuscaloosa, AL	206,765	204,498	202,375	198,135	195,442	194,456	194,004	193,981	193,105	176,173
Tyler, TX	201,277	197,952	194,302	189,929	186,134	183,299	180,502	177,488	174,706	151,309
Utica-Rome, NY	293,790	294,058	294,045	294,908	295,982	295,953	296,463	297,658	299,896	316,645
Valdosta, GA	133,348	129,962	128,281	126,119	124,455	122,409	121,486	119,749	119,566	99,244
Vallejo-Fairfield, CA	407,515	407,042	407,085	407,269	408,850	408,734	408,039	403,955	394,545	339,471
Victoria, TX	114,313	113,522	112,490	112,206	112,485	112,348	112,212	112,310	111,668	99,394
Vineland-Millville-Bridgeton, NJ	156,830	155,407	153,926	152,440	150,160	148,656	147,525	146,635	146,434	138,053
Virginia Beach-Norfolk-Newport News, VA-NC	1,658,292	1,659,679	1,661,643	1,649,404	1,643,620	1,625,329	1,605,568	1,587,133	1,576,916	1,450,855
Visalia-Porterville, CA	426,276	419,172	412,048	405,142	396,120	387,214	378,824	372,869	368,021	311,921
Waco, TX	230,213	227,806	225,715	224,011	222,474	219,591	217,292	215,569	213,519	189,123
Warner Robins, GA	133,161	130,972	127,986	125,802	123,760	119,959	116,364	113,274	110,765	89,208
Washington-Arlington-Alexandria, DC-VA-MD-WV	5,358,130	5,302,295	5,259,797	5,221,894	5,154,448	5,084,606	5,014,345	4,928,115	4,796,065	4,122,259
Waterloo-Cedar Falls, IA	164,220	163,074	162,825	162,207	161,880	161,616	162,133	163,314	163,707	158,640
Wausau, WI	130,962	129,783	128,803	127,568	126,737	126,418	126,313	126,135	125,836	115,400
Weirton-Steubenville, WV-OH	122,054	122,551	123,852	125,299	126,510	127,789	128,885	130,245	132,008	142,523
Wenatchee, WA	108,193	106,729	104,967	103,235	101,909	100,622	99,841	99,428	99,216	78,455
Wheeling, WV-OH	144,847	145,764	146,672	147,449	148,592	149,441	150,660	151,315	153,178	159,301
Wichita, KS	603,716	595,321	588,020	583,791	581,222	579,771	578,582	574,496	571,171	511,111
Wichita Falls, TX	147,328	147,920	149,294	149,731	150,986	150,728	150,276	150,115	151,524	140,375
Williamsport, PA	116,670	116,835	117,242	117,683	118,072	118,238	118,519	119,115	120,048	118,710
Wilmington, NC	347,012	338,780	328,589	316,271	303,984	294,213	288,132	281,675	274,552	200,124
Winchester, VA-WV	122,369	120,907	118,654	115,773	112,780	110,276	108,194	105,865	102,996	84,168
Winston-Salem, NC	468,124	461,615	453,722	445,761	439,273	435,045	432,420	428,103	421,963	361,448
Worcester, MA	783,806	782,143	780,636	777,629	775,254	772,514	767,534	760,816	749,973	709,705
Yakima, WA	234,564	232,021	230,139	228,222	227,107	225,046	223,485	222,879	222,579	188,823
York-Hanover, PA	424,583	420,385	413,973	406,121	399,153	393,359	388,708	385,297	381,753	339,574
Youngstown-Warren-Boardman, OH-PA	565,947	570,517	576,221	580,874	585,792	589,898	593,749	598,490	602,963	613,622
Yuba City, CA	165,274	163,302	159,801	154,678	150,014	147,513	144,151	141,266	139,149	122,643
Yuma, AZ	194,322	189,610	185,113	180,009	173,915	169,272	166,097	163,218	160,026	106,895
