MSA	Under     5     years	5 to     14     years	15 to     24     years	0-24 years	25 to     34     years	35 to     44     years	45 to     54     years	55 to     64     years	65 years+	65 to     74     years	75 to     84     years	85   years    and    over	White alone	Black or Afr- ican Ameri- can alone	Asian alone	"Ameri- can Indian, Alaska Native alone"	Native Hawai- ian and Other Pacific Islander alone	His-  panic  or Latino ori-   gin \1 (per-  centage)
"Abilene, TX "	7.5	13.1	16.8	37.5	13.3	12.3	13.3	9.6	14.0	7.1	4.7	2.2	89.0	7.1	1.3	0.8	0.1	20.2
"Akron, OH "	5.9	12.8	14.4	33.1	12.2	13.5	15.7	11.9	13.5	6.9	4.7	1.9	84.8	11.9	1.8	0.2	(Z)	1.2
"Albany, GA "	7.1	14.2	15.6	36.9	13.0	12.7	14.0	11.3	12.1	6.5	3.9	1.6	48.0	50.0	0.9	0.3	(Z)	1.6
"Albany-Schenectady-Troy, NY "	5.5	11.6	15.2	32.3	13.2	13.7	15.2	12.1	13.6	6.7	4.8	2.2	87.6	7.6	3.0	0.3	(Z)	3.4
"Albuquerque, NM "	7.4	13.5	13.8	34.7	14.3	13.3	14.3	11.2	12.2	6.4	4.0	1.7	85.8	3.7	2.0	6.2	0.2	44.6
"Alexandria, LA "	7.2	14.0	13.4	34.6	13.8	12.7	14.2	11.1	13.6	7.3	4.5	1.8	68.5	28.8	0.9	0.8	(Z)	2.1
"Allentown-Bethlehem-Easton, PA-NJ "	6.0	12.4	13.2	31.6	12.1	14.1	15.7	11.6	14.9	7.0	5.3	2.5	91.4	4.7	2.4	0.2	0.1	11.3
"Altoona, PA "	5.8	11.5	12.2	29.5	12.7	12.7	15.2	12.6	17.3	8.1	6.4	2.8	97.0	1.6	0.5	0.1	(Z)	0.7
"Amarillo, TX "	8.0	14.4	14.9	37.3	14.4	13.2	13.6	10.1	11.4	5.8	3.9	1.7	89.3	6.4	1.9	0.9	0.1	24.0
"Ames, IA "	5.7	9.8	30.8	46.2	15.0	9.7	10.5	8.3	10.3	4.9	3.5	1.9	90.6	2.3	5.7	0.2	0.1	2.2
"Anchorage, AK "	7.6	13.8	15.0	36.4	15.7	14.3	15.9	10.6	7.2	4.5	2.0	0.7	75.6	5.8	5.3	7.6	1.0	7.1
"Anderson, IN "	6.2	12.3	12.4	31.0	13.0	13.7	14.1	12.4	15.9	8.2	5.4	2.3	89.8	8.3	0.5	0.3	(Z)	2.3
"Anderson, SC "	6.6	13.1	12.2	31.8	13.2	13.4	14.4	12.5	14.7	8.1	4.9	1.8	81.4	16.7	0.7	0.2	(Z)	2.2
"Ann Arbor, MI "	6.0	11.9	20.2	38.1	13.8	14.5	13.7	10.5	9.4	5.2	3.0	1.2	76.9	12.3	8.2	0.4	(Z)	3.4
"Anniston-Oxford, AL "	6.7	12.5	13.9	33.2	12.3	12.7	14.6	12.1	15.1	8.0	5.2	1.9	77.9	19.9	0.7	0.4	0.1	2.3
"Appleton, WI "	6.8	13.6	13.3	33.8	13.2	14.8	15.9	10.6	11.7	6.0	3.9	1.7	94.5	0.8	2.3	1.3	(Z)	2.7
"Asheville, NC "	6.0	11.5	11.5	29.0	12.6	13.4	14.3	12.9	17.9	8.8	6.3	2.8	92.5	5.1	0.8	0.4	(Z)	5.1
"Athens-Clarke County, GA "	6.6	11.7	23.4	41.6	15.6	12.4	11.5	9.1	9.7	5.3	3.1	1.4	76.9	19.1	2.6	0.2	0.1	6.9
"Atlanta-Sandy Springs-Marietta, GA"	7.8	14.7	13.1	35.6	14.4	16.5	14.8	10.3	8.3	4.9	2.4	1.0	62.4	31.5	4.2	0.4	0.1	9.7
"Atlantic City-Hammonton, NJ "	6.5	13.0	12.9	32.4	12.7	14.8	15.6	10.4	14.2	7.2	5.0	2.1	73.7	17.6	6.6	0.3	0.1	14.9
"Auburn-Opelika, AL"	6.1	12.4	25.1	43.6	13.8	12.5	12.3	9.0	8.9	5.1	2.7	1.0	73.8	23.2	1.8	0.2	(Z)	2.1
"Augusta-Richmond County, GA-SC "	7.1	13.7	14.6	35.4	12.8	13.1	14.9	11.6	12.3	6.7	4.1	1.5	60.9	35.6	1.6	0.4	0.1	3.1
"Austin-Round Rock, TX "	8.1	14.1	15.2	37.4	17.0	15.7	13.5	8.9	7.6	4.2	2.4	1.0	85.1	7.8	4.5	0.7	0.1	30.1
"Bakersfield, CA "	9.1	15.7	16.0	40.8	16.8	13.2	12.3	7.9	9.0	4.8	3.0	1.2	85.4	6.4	4.0	1.8	0.2	47.1
"Baltimore-Towson, MD "	6.5	12.9	14.1	33.4	12.8	14.4	15.6	11.5	12.3	6.5	4.1	1.7	65.4	28.8	3.9	0.3	0.1	3.3
"Bangor, ME "	5.6	10.9	15.4	31.8	12.3	13.1	16.1	12.7	13.9	7.4	4.7	1.7	96.3	0.8	0.9	1.0	(Z)	1.0
"Barnstable Town, MA "	4.3	9.6	10.9	24.8	10.8	12.1	15.1	13.2	24.0	10.4	9.4	4.2	94.9	2.2	1.0	0.6	(Z)	1.8
"Baton Rouge, LA "	7.1	14.0	16.5	37.6	14.3	13.3	14.0	10.5	10.3	5.7	3.3	1.3	61.8	35.5	1.6	0.3	(Z)	2.6
"Battle Creek, MI "	6.6	13.1	13.5	33.2	12.7	13.2	14.7	12.0	14.2	7.3	4.8	2.1	85.1	10.4	1.6	0.7	(Z)	4.0
"Bay City, MI "	5.8	12.0	12.8	30.7	12.2	12.7	15.8	13.0	15.6	7.9	5.2	2.5	95.8	1.6	0.6	0.6	(Z)	4.2
"Beaumont-Port Arthur, TX "	6.8	13.2	14.1	34.1	13.7	12.8	14.9	11.1	13.4	6.9	4.7	1.9	71.2	25.2	2.1	0.5	(Z)	10.9
"Bellingham, WA"	5.8	11.8	17.6	35.2	14.6	12.5	13.5	11.5	12.6	6.4	4.4	1.9	89.9	1.1	3.7	2.9	0.2	6.7
"Bend, OR "	6.4	11.9	11.6	29.9	16.0	13.1	14.5	12.4	14.1	7.7	4.7	1.8	95.1	0.7	1.1	1.2	0.1	6.5
"Billings, MT "	6.8	13.0	12.7	32.5	13.0	12.7	15.6	12.2	14.0	7.0	4.7	2.2	92.1	1.3	0.8	3.9	0.1	5.0
"Binghamton, NY "	5.3	11.1	16.0	32.3	12.9	11.5	15.3	11.6	16.3	7.9	5.7	2.7	91.5	3.8	2.9	0.2	(Z)	2.4
"Birmingham-Hoover, AL "	6.9	13.3	13.0	33.3	13.2	13.9	14.9	11.8	12.9	6.9	4.3	1.8	69.6	28.0	1.1	0.3	(Z)	3.2
"Bismarck, ND "	6.5	11.9	15.3	33.6	15.0	11.9	14.7	11.1	13.7	6.6	4.8	2.3	93.8	0.6	0.6	4.0	(Z)	1.3
"Blacksburg-Christiansburg-Radford, VA"	4.8	9.4	27.1	41.3	14.2	11.8	11.1	9.7	11.8	6.4	3.9	1.5	90.7	4.8	3.0	0.2	(Z)	1.7
"Bloomington, IN "	5.4	10.6	23.2	39.2	15.1	12.0	12.2	9.7	11.8	6.1	4.0	1.7	92.6	2.5	3.2	0.3	(Z)	1.9
"Bloomington-Normal, IL "	6.7	12.3	21.8	40.8	14.5	12.7	13.0	9.1	9.9	5.0	3.4	1.5	88.1	7.2	3.0	0.2	(Z)	3.5
"Boise City-Nampa, ID "	8.2	15.3	12.9	36.3	15.5	14.1	13.4	10.2	10.5	5.7	3.3	1.5	93.8	1.4	1.7	1.0	0.2	11.7
"Boston-Cambridge-Quincy, MA-NH "	6.0	12.1	14.0	32.2	12.8	15.2	15.7	11.5	12.7	6.4	4.3	2.0	84.4	7.8	6.0	0.3	0.1	8.1
"Boulder, "	6.0	11.4	16.9	34.3	14.2	14.6	16.2	11.9	8.7	5.1	2.6	1.0	92.5	1.2	3.8	0.8	0.1	13.4
"Bowling Green, KY  "	6.7	12.5	17.0	36.2	15.0	13.1	13.5	10.7	11.6	6.4	3.7	1.5	89.3	8.0	1.2	0.3	0.1	3.7
"Bradenton-Sarasota-Venice, FL  "	5.2	10.0	9.6	24.8	11.2	11.4	13.1	12.6	27.0	11.3	10.3	5.3	90.5	6.7	1.3	0.3	0.1	10.1
"Bremerton-Silverdale, WA  "	6.1	12.7	13.7	32.4	12.8	13.2	15.8	13.3	12.6	6.9	4.0	1.6	85.8	2.8	4.6	1.7	0.8	4.9
"Bridgeport-Stamford-Norwalk, CT  "	6.5	14.0	12.9	33.4	10.2	15.0	16.5	11.6	13.2	6.8	4.4	2.0	83.3	10.7	4.3	0.3	0.1	15.4
"Brownsville-Harlingen, TX  "	11.0	17.9	15.7	44.6	12.8	12.0	10.8	8.3	11.5	5.5	4.2	1.8	96.9	1.2	0.6	0.6	0.1	86.3
"Brunswick, GA  "	6.9	13.5	12.9	33.3	13.4	12.9	14.4	11.8	14.2	7.8	4.7	1.7	74.5	23.3	0.7	0.3	0.1	4.0
"Buffalo-Niagara Falls, NY  "	5.3	11.9	15.0	32.2	11.8	12.7	15.8	12.0	15.5	7.4	5.6	2.6	84.0	12.2	1.7	0.8	(Z)	3.5
"Burlington, NC  "	6.7	13.0	14.0	33.8	12.7	14.4	14.1	11.2	13.8	7.0	4.8	2.0	78.5	18.7	1.2	0.5	(Z)	11.3
"Burlington-South Burlington, VT  "	5.6	12.2	15.8	33.6	12.0	14.7	16.7	12.0	11.0	6.1	3.5	1.4	94.7	1.4	2.0	0.5	(Z)	1.6
"Canton-Massillon, OH  "	5.9	12.5	12.8	31.2	12.1	12.7	15.7	12.7	15.7	7.8	5.5	2.4	90.6	7.0	0.7	0.3	(Z)	1.2
"Cape Coral-Fort Myers, FL  "	6.2	11.2	10.1	27.5	13.1	12.1	12.6	11.7	22.9	10.7	8.6	3.6	89.0	8.0	1.3	0.4	0.1	17.5
"Carson City, NV  "	6.8	12.4	11.9	31.1	12.3	13.5	14.0	12.7	16.4	8.3	5.8	2.3	91.2	2.1	2.2	2.4	0.2	20.1
"Casper, WY  "	7.4	13.2	13.6	34.1	14.4	12.2	15.3	11.5	12.4	6.3	4.4	1.7	95.1	1.5	0.6	1.3	0.1	6.0
"Cedar Rapids, IA  "	6.8	13.4	13.3	33.5	13.5	14.1	14.7	11.0	13.2	6.7	4.4	2.2	93.3	3.2	1.7	0.4	0.1	2.1
"Champaign-Urbana, IL  "	6.1	10.8	25.6	42.5	14.9	11.3	11.7	8.6	10.9	5.4	3.8	1.7	80.8	10.0	7.1	0.3	(Z)	3.9
"Charleston, WV  "	6.1	12.0	10.9	29.1	12.4	13.2	15.9	13.7	15.7	8.3	5.4	2.1	92.4	5.2	0.9	0.3	(Z)	1.2
"Charleston-North Charleston-Summerville, SC  "	7.2	13.1	14.9	35.1	13.4	13.9	14.5	11.9	11.2	6.4	3.4	1.4	67.8	28.6	1.7	0.5	0.1	3.8
"Charlotte-Gastonia-Concord, NC-SC  "	7.9	14.2	13.0	35.0	14.1	16.0	14.5	10.8	9.5	5.4	2.9	1.2	72.1	23.4	2.7	0.5	0.1	8.9
"Charlottesville, VA  "	6.0	11.4	17.5	34.9	14.1	13.2	13.6	10.6	13.6	7.0	4.8	1.8	81.6	13.2	3.5	0.2	(Z)	3.3
"Chattanooga, TN-GA  "	6.2	12.5	13.0	31.7	12.9	13.5	14.9	12.6	14.4	7.7	4.8	1.9	83.3	14.1	1.2	0.3	0.1	2.5
"Cheyenne, WY  "	7.6	13.7	13.1	34.4	13.5	14.0	14.8	11.1	12.2	6.5	3.9	1.8	90.7	4.0	1.4	1.5	0.3	11.7
"Chicago-Naperville-Joliet, IL-IN-WI  "	7.2	14.0	14.1	35.4	13.7	14.6	14.7	10.5	11.1	5.9	3.6	1.6	75.0	17.9	5.3	0.4	0.1	19.9
"Chico, CA  "	5.8	11.2	19.2	36.1	14.8	10.8	12.7	10.6	15.0	6.9	5.3	2.8	88.8	1.7	4.1	2.2	0.2	12.9
"Cincinnati-Middletown, OH-KY-IN  "	7.0	13.7	13.8	34.4	12.9	14.2	15.4	11.0	12.0	6.3	4.0	1.7	84.7	12.2	1.7	0.2	(Z)	2.0
"Clarksville, TN-KY  "	8.3	16.0	14.7	39.0	13.8	14.6	13.0	9.4	10.1	5.7	3.2	1.2	76.8	18.8	1.5	0.5	0.2	5.4
"Cleveland, TN  "	6.4	12.6	12.8	31.8	14.4	13.7	14.1	11.9	14.2	8.1	4.5	1.6	93.8	3.9	0.7	0.3	(Z)	3.2
"Cleveland-Elyria-Mentor, OH  "	6.1	13.0	12.9	32.0	11.3	13.7	16.1	12.2	14.7	7.3	5.0	2.3	76.8	19.8	1.8	0.2	0.1	4.3
"Coeur d'Alene, ID  "	6.4	13.7	12.8	32.9	13.6	13.0	14.1	12.0	14.3	7.6	4.7	2.0	95.6	0.6	0.7	1.3	0.1	3.6
"College Station-Bryan, TX  "	7.2	11.8	29.2	48.2	15.0	10.7	9.9	7.3	9.0	4.6	3.0	1.4	82.6	11.9	3.8	0.4	0.1	20.4
"Colorado Springs, CO  "	7.3	14.1	14.0	35.4	15.0	14.2	15.2	10.5	9.7	5.4	3.1	1.1	85.5	6.8	3.0	1.2	0.3	13.3
"Columbia, MO  "	6.6	11.9	21.5	40.1	15.0	12.7	12.9	9.5	9.8	5.2	3.1	1.5	86.1	8.6	3.0	0.4	(Z)	2.5
"Columbia, SC  "	6.8	12.9	15.7	35.4	12.6	13.9	14.8	12.0	11.2	6.3	3.6	1.4	63.0	33.7	1.6	0.4	0.1	3.9
"Columbus, GA-AL  "	7.5	14.1	15.2	36.9	13.1	13.2	14.1	10.5	12.1	6.4	4.2	1.6	54.4	41.7	1.6	0.4	0.2	4.2
"Columbus, IN  "	7.1	13.8	11.8	32.7	12.4	14.0	14.7	11.9	14.3	7.9	4.6	1.8	93.6	2.1	3.0	0.2	0.1	4.3
"Columbus, OH  "	7.5	13.9	14.0	35.3	14.7	15.0	14.6	10.2	10.2	5.6	3.3	1.3	80.7	14.2	3.2	0.3	0.1	3.0
"Corpus Christi, TX  "	7.7	14.6	14.6	36.9	12.7	12.6	14.3	11.0	12.6	6.6	4.4	1.7	92.5	3.9	1.4	0.9	0.1	56.3
"Corvallis, OR  "	5.0	9.7	23.7	38.3	13.2	10.9	13.7	12.2	11.7	6.0	3.9	1.8	89.8	1.1	5.4	1.0	0.3	6.1
"Cumberland, MD-WV  "	4.9	10.6	15.0	30.6	13.2	13.3	13.8	12.2	17.0	8.4	5.9	2.6	92.8	5.5	0.6	0.2	(Z)	1.0
"Dallas-Fort Worth-Arlington, TX  "	8.4	15.2	13.3	36.9	15.6	15.6	14.1	9.5	8.3	4.8	2.5	1.0	78.4	14.4	4.8	0.8	0.2	27.5
"Dalton, GA  "	9.2	15.8	11.9	37.0	14.2	14.5	13.5	10.5	10.4	6.2	3.1	1.1	94.5	3.0	1.0	0.5	0.1	25.0
"Danville, IL  "	6.7	13.1	12.3	32.1	13.7	12.1	14.0	11.4	16.7	8.3	5.8	2.5	85.8	11.9	0.7	0.2	(Z)	3.8
"Danville, VA  "	5.8	11.5	12.0	29.2	12.0	12.6	15.1	13.3	17.7	8.9	6.3	2.5	65.8	32.7	0.5	0.2	(Z)	2.2
"Davenport-Moline-Rock Island, IA-IL  "	6.7	12.8	13.6	33.2	12.6	12.5	15.0	12.1	14.6	7.4	4.9	2.3	89.9	6.3	1.7	0.4	(Z)	6.9
"Dayton, OH  "	6.3	12.6	14.4	33.3	12.0	13.1	15.0	12.1	14.6	7.6	4.9	2.0	82.0	14.6	1.6	0.3	(Z)	1.8
"Decatur, AL  "	6.5	12.9	12.2	31.6	12.6	14.3	15.1	12.2	14.2	8.0	4.7	1.6	83.9	12.0	0.5	1.8	(Z)	5.0
"Decatur, IL  "	6.3	12.5	14.2	33.0	12.2	11.2	14.8	12.7	16.1	7.8	5.7	2.5	82.2	14.9	1.0	0.2	(Z)	1.4
"Deltona-Daytona Beach-Ormond Beach, FL  "	5.3	10.6	12.6	28.4	12.5	11.9	13.9	12.5	20.8	9.7	7.7	3.5	86.3	10.5	1.5	0.4	(Z)	10.7
"Denver-Aurora, "	7.7	13.7	12.4	33.7	14.8	15.4	15.2	11.1	9.6	5.4	3.0	1.2	87.6	5.8	3.4	1.1	0.2	22.4
"Des Moines-West Des Moines, IA  "	7.8	14.3	12.6	34.7	14.3	14.7	14.5	10.6	11.3	5.8	3.7	1.7	91.3	4.4	2.6	0.4	0.1	6.0
"Detroit-Warren-Livonia, MI  "	6.3	13.7	13.1	33.1	11.7	14.8	16.0	11.9	12.4	6.5	4.2	1.8	72.0	23.0	3.2	0.4	(Z)	3.7
"Dothan, AL  "	6.7	13.2	12.2	32.0	12.7	13.1	14.3	12.2	15.6	8.2	5.2	2.3	74.5	23.6	0.6	0.4	(Z)	2.1
"Dover, DE  "	7.3	13.7	14.2	35.3	13.7	13.5	13.9	10.6	13.0	7.1	4.3	1.7	72.4	22.8	2.0	0.6	0.1	4.5
"Dubuque, IA  "	6.6	13.2	14.8	34.7	11.2	12.6	14.7	11.6	15.3	7.5	5.2	2.6	96.3	1.7	0.8	0.2	0.1	1.9
"Duluth, MN-WI  "	5.6	10.8	15.9	32.4	12.2	11.6	15.7	12.7	15.4	7.4	5.2	2.8	94.0	1.1	0.7	2.6	(Z)	1.0
"Durham, NC  "	7.0	12.2	15.9	35.1	14.5	15.0	14.0	10.9	10.4	5.5	3.4	1.5	66.8	27.2	4.1	0.4	(Z)	10.1
"Eau Claire, WI  "	6.2	11.9	17.4	35.4	13.8	12.5	14.0	11.2	13.1	6.4	4.6	2.1	95.8	0.6	2.0	0.5	(Z)	1.2
"El Centro, CA  "	9.6	14.7	17.6	41.8	14.6	13.0	12.0	7.9	10.7	5.1	4.1	1.5	89.9	4.2	2.5	2.1	0.2	76.8
"Elizabethtown, KY  "	7.6	13.4	14.3	35.2	11.9	13.7	15.6	11.1	12.5	6.9	4.1	1.5	85.4	10.3	1.8	0.4	0.1	3.5
"Elkhart-Goshen, IN  "	8.5	15.3	12.2	36.1	14.6	14.0	13.7	10.3	11.3	5.9	3.7	1.7	91.3	5.6	1.2	0.4	0.1	14.4
"Elmira, NY  "	5.7	11.7	14.0	31.5	13.9	12.2	15.2	11.9	15.3	7.2	5.5	2.6	90.5	6.3	1.1	0.3	(Z)	2.2
"El Paso, TX  "	9.7	16.3	16.3	42.3	12.2	13.1	12.8	8.9	10.7	5.5	3.8	1.4	92.6	3.6	1.2	1.1	0.2	81.8
"Erie, PA  "	5.9	12.5	15.7	34.1	11.9	12.7	15.1	11.7	14.4	6.9	5.1	2.4	91.0	6.7	0.8	0.2	(Z)	2.9
"Eugene-Springfield, OR  "	5.4	11.0	15.0	31.4	14.5	12.2	14.4	13.1	14.3	7.3	4.8	2.3	91.7	1.1	2.9	1.2	0.2	6.4
"Evansville, IN-KY  "	6.5	12.7	13.6	32.8	12.5	13.0	15.6	11.9	14.2	7.1	4.9	2.2	91.8	6.0	0.9	0.2	(Z)	1.4
"Fairbanks, AK  "	8.2	14.6	17.8	40.6	17.7	13.5	13.5	9.0	5.8	3.5	1.6	0.6	80.0	5.9	2.5	7.3	0.3	6.6
"Fargo, ND-MN  "	7.0	12.0	19.3	38.3	16.0	12.7	13.2	9.3	10.5	5.1	3.6	1.9	94.1	1.7	1.3	1.6	0.1	2.6
"Farmington, NM  "	8.1	14.8	15.3	38.1	14.4	12.2	14.3	10.1	10.9	6.1	3.5	1.3	59.1	1.4	0.5	37.0	0.1	17.8
"Fayetteville, NC  "	8.4	15.1	16.5	40.0	12.5	14.5	13.9	10.0	9.1	5.5	2.8	0.9	55.8	36.7	2.0	2.6	0.3	7.3
"Fayetteville-Springdale-Rogers, AR-MO  "	8.4	14.7	14.2	37.3	15.1	13.8	12.8	10.0	10.9	5.9	3.5	1.5	91.3	2.6	2.0	1.8	0.4	13.8
"Flagstaff, AZ  "	7.9	13.2	19.1	40.2	13.6	11.7	14.6	11.6	8.2	5.3	2.2	0.7	66.1	1.4	1.1	29.4	0.1	12.3
"Flint, MI  "	6.7	13.9	13.0	33.7	13.0	13.4	15.2	11.7	13.0	7.0	4.4	1.6	77.0	19.4	0.9	0.6	(Z)	2.5
"Florence, SC  "	7.0	13.2	13.5	33.8	12.4	13.2	14.6	12.8	13.3	7.3	4.2	1.8	57.0	41.3	0.7	0.3	(Z)	1.5
"Florence-Muscle Shoals, AL  "	5.6	11.9	13.7	31.1	12.0	13.1	14.5	12.4	16.9	8.9	5.6	2.4	85.8	12.5	0.4	0.3	(Z)	1.6
"Fond du Lac, WI  "	6.1	12.0	13.9	31.9	13.3	13.1	15.6	11.8	14.2	6.8	4.9	2.5	96.4	1.4	0.9	0.5	(Z)	3.4
"Fort Collins-Loveland, CO  "	6.2	11.6	17.0	34.8	15.7	13.0	14.8	10.9	10.8	5.8	3.6	1.5	94.5	1.1	1.8	0.8	0.1	10.0
"Fort Smith, AR-OK  "	7.4	14.1	12.4	33.9	13.6	13.1	14.1	11.7	13.6	7.5	4.3	1.8	84.5	3.8	1.9	5.9	0.1	7.6
"Fort Walton Beach-Crestview-Destin, FL"	7.2	12.4	12.6	32.3	12.0	13.4	15.7	12.9	13.6	8.4	4.1	1.1	83.4	9.9	2.8	0.7	0.2	6.0
"Fort Wayne, IN  "	7.4	14.5	13.1	35.1	13.1	13.6	14.9	11.2	12.1	6.1	4.1	1.9	86.2	10.1	1.7	0.4	0.1	5.4
"Fresno, CA  "	9.0	15.7	16.6	41.2	15.2	12.8	12.2	8.7	9.9	5.0	3.3	1.5	81.2	5.8	8.7	2.0	0.2	48.7
"Gadsden, AL  "	6.2	12.8	12.3	31.2	13.1	13.1	14.0	12.5	16.1	8.3	5.6	2.3	83.4	14.8	0.5	0.4	(Z)	2.9
"Gainesville, FL  "	5.7	9.9	25.3	41.0	14.5	11.2	12.1	10.3	10.9	6.0	3.5	1.5	74.9	18.7	4.3	0.3	(Z)	7.2
"Gainesville, GA  "	8.9	15.7	12.5	37.1	16.3	14.8	12.3	9.3	10.1	5.9	3.2	1.1	89.8	7.0	1.7	0.4	0.2	26.3
"Glens Falls, NY  "	5.0	10.8	13.4	29.2	14.1	13.5	15.2	12.1	15.9	8.1	5.6	2.3	96.0	2.1	0.7	0.2	(Z)	2.0
"Goldsboro, NC  "	7.7	13.7	13.4	34.8	12.1	13.7	15.0	11.6	12.8	7.2	4.2	1.4	64.8	32.6	0.8	0.4	0.1	7.1
"Grand Forks, ND-MN  "	6.6	11.4	22.3	40.2	12.6	11.2	13.6	9.9	12.5	5.9	4.3	2.3	94.0	1.3	1.0	2.4	0.1	3.7
"Grand Junction, CO  "	7.0	12.1	13.1	32.2	16.0	11.9	13.8	10.9	15.2	7.3	5.6	2.3	95.6	1.0	0.7	1.1	0.1	12.1
"Grand Rapids-Wyoming, MI  "	7.4	14.3	14.2	35.9	13.8	14.1	14.9	10.3	10.9	5.7	3.7	1.6	88.2	7.8	1.7	0.5	0.1	8.2
"Great Falls, MT  "	7.0	13.3	12.4	32.6	11.6	12.5	15.5	12.3	15.5	8.0	5.1	2.3	90.6	1.7	0.7	4.5	0.1	3.4
"Greeley, "	8.4	14.4	15.7	38.6	17.5	13.9	12.8	9.1	8.0	4.5	2.5	1.0	95.1	1.1	1.3	1.0	0.1	27.4
"Green Bay, WI  "	6.7	13.0	13.5	33.3	13.5	14.3	15.6	11.0	12.3	6.4	4.0	1.9	93.1	1.6	1.9	2.2	(Z)	5.2
"Greensboro-High Point, NC  "	6.6	12.9	13.5	33.0	12.8	14.7	14.7	11.9	12.8	6.9	4.2	1.7	71.0	24.8	2.4	0.5	0.1	7.1
"Greenville, NC  "	7.2	12.6	19.3	39.1	14.5	13.3	13.0	9.9	10.2	5.5	3.3	1.4	63.2	34.4	1.0	0.3	0.1	5.6
"Greenville-Mauldin-Easley, SC"	6.8	12.8	14.3	33.8	13.0	14.2	14.3	12.0	12.6	6.9	4.0	1.7	79.7	17.0	1.7	0.4	0.1	6.0
"Gulfport-Biloxi, MS  "	7.3	14.1	14.0	35.5	11.5	13.8	15.3	11.9	12.0	6.8	4.0	1.3	75.0	19.7	2.3	0.7	0.1	3.8
"Hagerstown-Martinsburg, MD-WV  "	6.6	13.2	11.5	31.4	15.8	15.0	14.4	10.6	12.9	6.7	4.4	1.8	89.3	8.1	1.1	0.2	(Z)	2.9
"Hanford-Corcoran, CA  "	8.5	14.3	16.4	39.3	19.3	15.6	11.6	6.5	7.7	4.1	2.5	1.0	84.0	8.3	3.2	2.2	0.3	49.3
"Harrisburg-Carlisle, PA  "	6.0	11.9	13.1	31.1	12.3	14.0	15.7	12.5	14.4	7.1	5.0	2.2	86.0	10.0	2.4	0.2	(Z)	3.8
"Harrisonburg, VA  "	6.2	11.1	22.7	39.9	13.5	12.1	12.5	9.6	12.5	6.2	4.4	1.9	93.1	3.7	1.7	0.2	(Z)	8.1
"Hartford-West Hartford-East Hartford, CT  "	5.8	12.5	14.0	32.3	11.6	14.4	15.9	11.9	13.9	6.9	4.7	2.3	83.7	11.1	3.3	0.3	0.1	11.3
"Hattiesburg, MS  "	7.8	14.0	18.2	40.0	14.8	12.4	12.6	9.4	10.8	5.8	3.6	1.4	70.5	27.6	0.9	0.2	(Z)	1.8
"Hickory-Lenoir-Morganton, NC  "	6.2	12.7	11.7	30.6	13.2	14.8	14.6	12.5	14.3	8.0	4.6	1.8	89.2	7.1	2.3	0.3	0.1	6.5
"Hinesville-Fort Stewart, GA  "	9.9	19.0	15.9	44.8	15.6	15.0	12.0	6.3	6.3	3.7	1.9	0.7	54.5	39.6	1.7	0.7	0.5	7.2
"Holland-Grand Haven, MI  "	6.9	14.2	16.8	37.9	13.3	13.3	14.3	10.0	11.2	5.8	3.7	1.8	94.7	1.5	2.3	0.4	(Z)	8.2
"Honolulu, HI  "	6.8	11.5	13.8	32.2	13.7	13.8	13.6	11.4	15.4	7.1	5.7	2.6	25.7	4.0	44.6	0.6	8.5	7.9
"Hot Springs, AR  "	6.1	11.7	10.9	28.8	12.4	12.2	13.3	12.1	21.3	10.1	7.9	3.2	88.9	8.2	0.6	0.6	(Z)	3.9
"Houma-Bayou Cane-Thibodaux, LA  "	7.1	14.0	14.1	35.2	14.6	13.6	14.6	10.6	11.4	6.3	3.7	1.4	77.5	16.3	0.9	3.9	(Z)	2.5
"Houston-Sugar Land-Baytown, TX  "	8.4	15.3	13.9	37.6	15.0	14.8	14.4	10.0	8.3	4.8	2.5	0.9	75.0	17.1	5.8	0.6	0.1	34.0
"Huntington-Ashland, WV-KY-OH  "	6.0	11.7	13.2	30.8	13.0	13.1	14.4	12.7	15.9	8.5	5.4	2.0	95.4	2.8	0.5	0.2	(Z)	0.9
"Huntsville, AL  "	6.4	13.4	14.2	34.0	12.9	14.2	15.3	11.1	12.5	7.3	3.9	1.3	73.6	22.1	1.9	0.7	0.1	3.2
"Idaho Falls, ID  "	9.7	16.1	13.9	39.7	15.0	11.3	13.4	10.2	10.3	5.7	3.4	1.3	96.6	0.7	0.7	0.8	0.1	9.8
"Indianapolis-Carmel, IN  "	7.6	14.6	12.6	34.9	14.0	15.1	15.0	10.3	10.7	5.7	3.5	1.5	81.8	14.7	1.8	0.3	0.1	4.9
"Iowa City, IA  "	6.5	11.7	22.2	40.4	15.5	12.7	12.5	9.4	9.4	4.8	3.1	1.5	90.7	3.6	4.0	0.3	(Z)	3.4
"Ithaca, NY  "	4.4	7.9	30.8	43.1	17.4	9.6	10.9	9.2	9.8	4.8	3.4	1.6	83.5	4.0	9.9	0.4	(Z)	3.9
"Jackson, MI  "	6.4	12.8	13.0	32.2	13.3	14.1	15.4	11.6	13.3	6.9	4.5	2.0	89.2	7.7	0.7	0.5	0.1	2.8
"Jackson, MS  "	7.7	14.5	15.0	37.2	13.2	13.5	14.4	10.7	11.1	5.9	3.6	1.6	51.4	46.7	0.9	0.2	(Z)	1.7
"Jackson, TN  "	6.8	13.4	14.9	35.1	13.0	13.3	14.4	11.4	12.9	6.6	4.3	2.0	67.5	30.5	0.8	0.2	(Z)	2.8
"Jacksonville, FL  "	7.1	13.2	13.1	33.4	13.4	14.4	15.2	12.1	11.6	6.7	3.5	1.3	72.5	22.4	3.0	0.4	0.1	5.9
"Jacksonville, NC  "	9.7	14.5	24.4	48.5	14.3	11.0	10.8	8.0	7.3	4.5	2.1	0.7	76.8	17.4	2.0	0.8	0.2	7.1
"Janesville, WI  "	6.7	13.4	12.9	33.0	13.1	14.0	15.4	11.3	13.1	6.8	4.3	1.9	92.7	4.4	1.0	0.4	0.1	6.3
"Jefferson City, MO  "	6.6	12.7	14.0	33.2	14.3	14.2	14.7	11.4	12.3	6.4	4.0	1.9	90.0	7.3	1.0	0.4	(Z)	1.8
"Johnson City, TN  "	5.7	11.3	12.8	29.8	13.9	14.0	14.3	12.2	15.7	8.5	5.1	2.1	95.0	3.1	0.6	0.3	(Z)	2.1
"Johnstown, PA  "	5.2	10.4	13.5	29.1	11.3	12.5	15.3	13.1	18.7	8.2	7.1	3.4	95.0	3.5	0.6	0.1	(Z)	1.2
"Jonesboro, AR  "	7.3	13.5	14.7	35.5	14.9	13.2	12.8	10.9	12.6	6.9	4.1	1.7	87.4	10.6	0.6	0.3	(Z)	3.1
"Joplin, MO  "	7.6	14.0	12.9	34.5	14.7	12.6	13.6	10.8	13.8	7.0	4.6	2.1	93.5	1.5	1.0	1.6	0.2	5.2
"Kalamazoo-Portage, MI  "	6.5	12.8	17.4	36.7	13.0	12.4	14.5	11.2	12.3	6.4	4.1	1.8	86.8	8.6	1.9	0.6	(Z)	4.9
"Kankakee-Bradley, IL  "	7.1	13.5	15.1	35.7	14.7	12.7	13.7	10.3	12.9	6.5	4.5	1.9	82.9	14.7	0.9	0.2	(Z)	7.4
"Kansas City, MO-KS  "	7.4	14.0	12.7	34.1	13.5	14.4	15.2	11.2	11.5	6.1	3.7	1.7	83.4	12.2	2.1	0.6	0.1	7.2
"Kennewick-Pasco-Richland, WA  "	8.4	15.2	14.1	37.7	15.4	12.8	13.6	10.5	10.1	5.6	3.2	1.3	93.1	1.8	2.3	1.0	0.1	26.5
"Killeen-Temple-Fort Hood, TX  "	9.3	16.2	15.2	40.6	16.4	14.7	11.5	7.8	9.0	4.7	2.9	1.4	72.1	20.3	2.6	1.1	0.5	18.4
"Kingsport-Bristol-Bristol, TN-VA  "	5.4	11.2	11.1	27.7	12.7	13.7	14.8	13.4	17.7	9.6	5.8	2.3	96.3	2.2	0.5	0.2	(Z)	1.1
"Kingston, NY  "	5.0	10.9	15.1	31.1	12.5	13.5	16.1	12.8	13.9	7.2	4.7	2.0	89.8	6.5	1.7	0.3	(Z)	7.6
"Knoxville, TN  "	6.1	12.1	13.4	31.7	13.2	13.8	14.7	12.2	14.3	7.6	4.7	1.9	90.3	6.7	1.4	0.3	(Z)	2.4
"Kokomo, IN  "	6.5	13.4	11.3	31.1	12.7	12.8	15.1	13.0	15.3	8.5	4.9	1.9	91.4	5.7	1.1	0.4	(Z)	2.1
"La Crosse, WI-MN  "	5.9	11.7	17.8	35.4	13.0	12.6	14.5	11.1	13.5	6.4	4.8	2.4	94.6	1.1	2.8	0.4	(Z)	1.1
"Lafayette, IN  "	6.6	11.7	24.3	42.5	15.1	11.5	11.5	8.9	10.5	5.3	3.5	1.6	90.9	3.2	4.5	0.3	(Z)	6.8
"Lafayette, LA  "	7.4	14.2	15.3	36.9	14.6	13.2	15.0	10.0	10.4	5.6	3.4	1.3	70.8	26.6	1.3	0.3	(Z)	2.3
"Lake Charles, LA  "	7.2	14.0	14.2	35.4	13.8	12.5	15.0	10.8	12.5	6.7	4.3	1.5	73.9	23.8	0.8	0.4	(Z)	2.2
"Lake Havasu City-Kingman, AZ"	6.2	11.9	10.5	28.6	12.9	11.0	12.9	12.8	21.9	11.6	7.6	2.6	92.9	1.5	1.2	2.5	0.1	14.3
"Lakeland-Winter Haven, FL  "	7.2	12.9	12.4	32.5	13.8	12.7	12.6	10.9	17.5	8.5	6.4	2.7	82.2	14.4	1.5	0.5	0.1	16.2
"Lancaster, PA  "	7.0	13.6	13.0	33.6	13.0	13.0	14.6	11.0	14.7	7.1	5.2	2.4	93.2	3.7	1.7	0.2	0.1	7.3
"Lansing-East Lansing, MI  "	6.1	12.3	19.0	37.4	12.7	12.8	14.4	11.6	11.2	6.1	3.6	1.6	85.8	8.4	3.2	0.6	0.1	5.0
"Laredo, TX  "	12.6	19.5	16.4	48.5	12.7	12.7	10.7	7.0	8.4	4.4	2.8	1.2	97.7	0.8	0.5	0.6	(Z)	94.6
"Las Cruces, NM  "	8.6	14.4	17.7	40.7	14.6	11.6	11.9	9.0	12.2	6.3	4.3	1.6	92.7	3.2	1.0	1.6	0.1	65.0
"Las Vegas-Paradise, NV  "	8.0	14.3	12.0	34.3	15.5	15.3	13.5	10.8	10.6	6.2	3.3	1.1	77.7	10.4	7.3	1.1	0.6	28.4
"Lawrence, KS  "	5.5	10.3	26.0	41.9	17.6	11.5	11.4	8.5	9.2	4.6	3.2	1.4	87.0	4.3	3.8	2.4	0.1	4.0
"Lawton, OK  "	8.3	15.0	17.8	41.2	11.6	13.2	13.5	9.5	11.1	6.1	3.6	1.4	70.0	18.7	2.2	5.7	0.4	9.9
"Lebanon, PA  "	6.3	12.2	12.0	30.4	13.2	13.3	14.7	11.7	16.7	8.0	6.0	2.7	96.0	2.0	1.0	0.2	(Z)	7.1
"Lewiston, ID-WA  "	6.0	12.1	13.0	31.1	12.4	11.6	14.2	12.0	18.6	8.9	6.5	3.2	92.5	0.5	0.9	4.1	0.1	2.7
"Lewiston-Auburn, ME  "	6.4	12.1	12.5	31.0	12.7	14.3	15.4	12.2	14.5	7.2	4.9	2.4	95.7	1.9	0.7	0.3	(Z)	1.6
"Lexington-Fayette, KY  "	7.0	12.4	14.9	34.3	14.9	14.6	14.4	10.9	11.0	6.0	3.5	1.4	85.8	10.4	2.2	0.3	(Z)	4.7
"Lima, OH  "	6.8	13.2	13.7	33.6	13.3	12.0	14.7	11.6	14.8	7.3	5.1	2.4	85.6	11.7	0.7	0.2	(Z)	1.9
"Lincoln, NE  "	7.4	12.7	17.7	37.8	15.3	13.1	13.2	10.0	10.6	5.4	3.7	1.6	91.3	3.3	3.0	0.8	0.1	4.7
"Little Rock-North Little Rock-Conway, AR  "	7.3	13.7	13.6	34.6	13.6	13.8	14.5	11.5	12.0	6.6	3.8	1.6	74.1	22.4	1.3	0.6	0.1	3.6
"Logan, UT-ID  "	10.9	16.7	21.6	49.3	16.5	9.8	9.7	6.7	8.0	4.2	2.6	1.3	95.6	0.7	1.9	0.7	0.2	9.0
"Longview, TX  "	7.6	13.4	13.4	34.4	14.1	12.4	13.9	11.0	14.2	7.3	4.9	2.0	79.7	17.7	0.7	0.6	(Z)	11.5
"Longview, WA  "	6.6	13.0	13.1	32.7	14.4	12.5	14.4	12.2	13.7	7.3	4.5	2.0	93.6	0.7	1.4	1.7	0.2	6.7
"Los Angeles-Long Beach-Santa Ana, CA  "	7.2	14.0	15.0	36.1	13.7	15.3	14.2	9.9	10.9	5.7	3.6	1.6	75.1	7.7	13.9	1.0	0.3	44.4
"Louisville-Jefferson County, KY-IN  "	6.7	13.3	12.3	32.3	13.3	14.2	15.6	12.0	12.7	6.7	4.2	1.7	83.5	13.5	1.3	0.3	0.1	2.9
"Lubbock, TX  "	7.8	13.7	19.0	40.5	14.6	11.8	12.5	9.2	11.4	5.9	3.9	1.7	89.2	7.5	1.4	0.8	0.1	31.1
"Lynchburg, VA  "	5.6	11.6	15.2	32.5	12.9	12.9	14.2	11.8	15.7	8.1	5.3	2.2	79.7	17.7	1.1	0.3	(Z)	1.4
"Macon, GA  "	7.2	14.1	14.1	35.4	12.4	13.4	14.6	11.4	12.8	6.9	4.1	1.7	55.1	42.6	1.2	0.2	(Z)	1.7
"Madera, CA  "	8.4	14.7	14.9	38.0	17.2	13.5	12.0	9.1	10.3	5.4	3.6	1.4	87.6	4.5	2.1	3.3	0.3	50.8
"Madison, WI  "	6.5	12.0	16.0	34.4	14.5	14.7	14.9	11.2	10.3	5.4	3.4	1.6	90.0	4.0	4.0	0.5	(Z)	4.6
"Manchester-Nashua, NH  "	6.4	13.4	12.6	32.4	11.3	15.6	17.1	12.0	11.5	6.2	3.7	1.6	93.2	2.2	3.1	0.3	0.1	5.0
"Mansfield, OH  "	6.2	12.3	12.3	30.8	13.1	12.9	15.2	12.2	15.8	8.3	5.4	2.2	88.0	9.6	0.6	0.2	(Z)	1.2
"McAllen-Edinburg-Mission, TX  "	11.9	18.8	15.8	46.5	14.2	12.4	10.1	7.1	9.7	4.6	3.6	1.5	96.7	1.2	0.9	0.6	0.1	89.6
"Medford, OR  "	5.8	11.7	12.8	30.3	13.3	11.6	14.4	13.4	17.1	8.4	5.9	2.8	94.3	0.7	1.3	1.2	0.2	9.2
"Memphis, TN-MS-AR  "	7.6	14.8	14.2	36.6	12.9	14.0	14.8	11.2	10.4	5.8	3.3	1.3	51.3	45.5	1.8	0.3	0.1	4.0
"Merced, CA  "	9.0	16.7	16.7	42.5	15.1	12.7	11.8	8.0	9.9	5.3	3.3	1.3	85.0	4.1	6.6	1.6	0.3	52.9
"Miami-Fort Lauderdale-Pompano Beach, FL  "	6.2	12.0	12.8	31.0	11.3	14.7	14.9	11.3	16.7	7.8	5.8	3.1	75.2	20.8	2.2	0.5	0.1	39.6
"Michigan City-La Porte, IN  "	6.1	12.6	12.6	31.3	13.6	13.9	15.1	12.2	13.9	7.0	4.9	2.0	87.1	10.6	0.5	0.3	(Z)	4.5
"Midland, TX  "	8.4	14.9	14.9	38.2	13.3	11.6	15.1	10.0	11.7	5.8	4.3	1.6	90.1	7.0	1.0	0.8	0.1	36.9
"Milwaukee-Waukesha-West Allis, WI  "	7.0	13.6	13.7	34.3	11.9	13.9	15.8	11.6	12.4	6.3	4.2	1.9	78.8	16.4	2.7	0.7	0.1	8.5
"Minneapolis-St. Paul-Bloomington, MN-WI  "	7.2	13.7	13.3	34.2	13.7	15.1	16.0	10.9	10.1	5.5	3.2	1.5	85.6	6.7	5.0	0.8	0.1	4.8
"Missoula, MT  "	6.0	11.4	17.1	34.5	15.6	12.9	14.5	11.9	10.5	5.8	3.3	1.5	93.5	0.8	1.2	2.7	0.1	2.5
"Mobile, AL  "	7.3	14.4	14.1	35.7	13.0	12.7	14.8	11.5	12.3	6.6	4.0	1.6	61.9	34.4	1.8	0.7	(Z)	1.9
"Modesto, CA  "	8.1	15.4	15.4	38.9	15.3	13.2	13.2	9.0	10.5	5.5	3.5	1.6	86.8	3.2	5.0	1.6	0.6	39.6
"Monroe, LA  "	7.5	14.0	15.7	37.2	13.9	12.2	13.4	10.3	13.0	6.9	4.4	1.8	64.2	34.0	0.8	0.3	(Z)	1.9
"Monroe, MI  "	5.8	13.0	13.6	32.3	13.2	13.8	16.1	12.2	12.5	6.9	4.1	1.5	95.3	2.4	0.7	0.3	(Z)	2.7
"Montgomery, AL  "	7.1	13.8	15.3	36.3	12.9	13.6	14.4	11.0	12.0	6.5	3.9	1.6	54.9	42.7	1.0	0.3	(Z)	1.9
"Morgantown, WV  "	5.4	10.1	22.3	37.8	14.2	12.4	12.9	11.0	11.6	6.2	3.9	1.6	93.9	3.0	1.8	0.2	(Z)	1.2
"Morristown, TN  "	6.4	12.4	11.9	30.7	14.5	14.1	13.6	12.0	15.2	8.8	4.7	1.7	95.1	2.9	0.6	0.4	0.1	6.3
"Mount Vernon-Anacortes, WA  "	6.5	12.6	13.1	32.2	14.8	12.3	13.7	11.8	15.2	7.4	5.3	2.5	93.0	0.8	2.0	2.1	0.2	14.8
"Muncie, IN  "	5.5	11.2	20.7	37.3	12.5	11.8	12.7	11.1	14.7	7.6	4.9	2.1	90.6	6.8	1.0	0.3	0.1	1.4
"Muskegon-Norton Shores, MI  "	6.7	13.5	13.7	33.9	14.0	13.1	15.1	11.0	12.9	6.5	4.4	1.9	83.3	13.4	0.5	0.8	(Z)	4.5
"Myrtle Beach-North Myrtle Beach-Conway, SC  "	6.4	11.5	11.1	29.1	14.6	13.7	13.1	12.2	17.3	9.4	6.0	1.9	83.1	14.3	1.0	0.4	0.1	4.5
"Napa, CA  "	6.3	12.2	13.5	32.0	13.6	13.3	14.5	12.1	14.5	7.2	4.9	2.5	88.1	2.0	6.1	1.0	0.3	30.1
"Naples-Marco Island, FL  "	6.3	10.8	9.4	26.5	11.8	11.8	12.1	11.3	26.5	12.3	10.1	4.0	92.0	5.7	1.1	0.4	0.1	25.5
"Nashville-Davidson--Murfreesboro--Franklin, TN  "	7.2	13.5	13.1	33.8	14.2	15.1	15.1	11.1	10.6	6.0	3.3	1.3	80.7	15.5	2.1	0.4	0.1	5.5
"New Haven-Milford, CT  "	6.1	12.7	14.0	32.9	12.4	14.3	15.2	11.3	13.8	6.6	4.7	2.5	81.6	13.0	3.5	0.4	0.1	13.3
"New Orleans-Metairie-Kenner, LA  "	6.5	12.8	14.8	34.1	11.8	13.2	15.9	12.7	12.3	6.6	4.1	1.6	61.6	34.0	2.6	0.5	0.1	6.3
"New York-Northern New Jersey-Long Island, NY-NJ-PA  "	6.5	12.7	13.4	32.6	12.9	15.2	15.1	11.2	13.1	6.7	4.4	2.0	68.9	19.4	9.4	0.5	0.1	21.6
"Niles-Benton Harbor, MI  "	6.5	13.1	13.3	32.9	11.1	12.6	15.3	12.5	15.6	7.8	5.4	2.4	81.9	14.6	1.5	0.5	0.1	4.0
"Norwich-New London, CT  "	6.0	12.7	12.9	31.6	12.6	15.3	16.2	10.9	13.4	6.7	4.7	2.0	86.5	6.4	3.7	0.9	0.1	6.7
"Ocala, FL  "	5.6	10.8	11.0	27.4	12.9	11.8	12.3	10.8	24.8	11.1	9.9	3.8	85.1	11.9	1.3	0.5	(Z)	9.6
"Ocean City, NJ  "	4.9	10.9	12.0	27.9	11.2	12.5	15.2	12.5	20.8	9.7	7.6	3.4	92.6	5.1	0.9	0.2	(Z)	4.7
"Odessa, TX  "	9.4	15.6	15.4	40.3	14.0	11.8	13.5	9.5	10.9	5.8	3.8	1.3	92.2	4.8	0.8	1.1	0.1	50.6
"Ogden-Clearfield, UT  "	9.7	16.7	15.7	42.1	16.4	11.9	12.1	8.6	8.9	4.8	2.9	1.1	94.2	1.5	1.6	0.8	0.3	11.1
"Oklahoma City, OK  "	7.6	13.5	14.6	35.7	14.5	13.0	14.1	10.8	11.8	6.4	3.9	1.6	79.0	10.9	3.0	3.9	0.1	9.7
"Olympia, WA  "	6.0	12.0	13.5	31.5	15.4	13.2	14.8	12.6	12.5	6.6	4.0	1.8	86.2	3.1	4.9	1.7	0.6	6.1
"Omaha-Council Bluffs, NE-IA  "	8.0	14.3	14.0	36.3	14.0	13.7	14.5	10.5	11.0	5.8	3.6	1.6	87.8	7.9	2.0	0.7	0.1	7.6
"Orlando-Kissimee,  FL  "	6.9	12.8	13.2	32.9	14.0	14.7	14.3	10.8	13.3	7.0	4.5	1.8	77.9	16.0	3.7	0.5	0.1	23.0
"Oshkosh-Neenah, WI  "	5.8	11.9	15.0	32.8	13.9	14.0	15.4	11.1	12.8	6.5	4.2	2.1	95.1	1.5	1.8	0.6	(Z)	3.0
"Owensboro, KY  "	7.0	13.3	12.5	32.8	12.6	12.8	15.0	12.1	14.7	7.6	4.9	2.2	93.9	4.2	0.5	0.2	(Z)	1.6
"Oxnard-Thousand Oaks-Ventura, CA  "	7.4	13.8	15.0	36.2	12.8	13.5	15.1	11.0	11.4	6.1	3.7	1.6	87.3	2.2	6.6	1.3	0.3	38.0
"Palm Bay-Melbourne-Titusville, FL  "	5.2	10.8	12.1	28.1	11.4	12.3	15.4	12.4	20.5	10.0	7.5	3.1	85.6	10.1	2.0	0.4	0.1	7.2
"Palm Coast, FL"	5.1	10.3	10.3	25.8	15.1	11.6	11.6	11.3	24.7	11.8	9.6	3.2	85.6	10.8	2.0	0.2	(Z)	8.3
"Panama City-Lynn Haven, FL  "	7.0	11.9	12.0	30.9	13.0	13.3	15.2	12.9	14.6	8.5	4.6	1.5	83.3	11.7	1.9	0.8	0.1	3.7
"Parkersburg-Marietta-Vienna, WV-OH  "	5.6	11.8	12.0	29.3	11.7	13.1	15.8	13.2	16.8	9.0	5.5	2.3	97.0	1.2	0.5	0.3	(Z)	0.8
"Pascagoula, MS  "	7.3	14.5	13.7	35.6	12.4	13.6	15.1	11.9	11.4	6.9	3.4	1.1	76.2	20.4	1.6	0.4	(Z)	3.5
"Pensacola-Ferry Pass-Brent, FL  "	6.6	12.0	14.9	33.4	12.4	12.8	14.7	12.6	14.1	8.2	4.4	1.6	77.3	17.0	2.3	1.0	0.1	3.8
"Peoria, IL  "	6.7	12.9	13.8	33.3	13.5	12.5	14.3	11.7	14.7	7.2	5.1	2.4	87.9	9.0	1.6	0.3	(Z)	2.2
"Philadelphia-Camden-Wilmington, PA-NJ-DE-MD  "	6.5	13.0	14.1	33.6	11.9	14.3	15.5	11.4	13.2	6.7	4.5	2.0	72.9	21.0	4.4	0.3	0.1	6.7
"Phoenix-Mesa-Scottsdale, AZ  "	8.4	14.7	13.1	36.1	15.3	14.3	12.9	9.9	11.5	6.0	3.8	1.7	87.7	4.9	2.9	2.5	0.2	30.9
"Pine Bluff, AR  "	6.5	12.5	15.1	34.2	12.9	13.1	14.7	11.9	13.2	6.9	4.3	2.1	50.7	47.0	0.9	0.4	(Z)	1.7
"Pittsburgh, PA  "	5.2	11.4	13.1	29.7	10.7	13.2	16.3	12.8	17.2	8.0	6.3	2.9	88.8	8.3	1.5	0.2	(Z)	1.1
"Pittsfield, MA  "	4.8	10.3	14.5	29.6	11.5	11.8	15.6	13.2	18.3	8.5	6.5	3.3	94.3	2.6	1.4	0.2	(Z)	2.6
"Pocatello, ID  "	9.1	15.2	16.5	40.8	13.7	11.3	12.9	10.8	10.5	5.6	3.4	1.4	92.8	0.8	1.2	3.4	0.2	7.8
"Portland-South Portland-Biddeford, ME  "	5.5	11.9	12.3	29.7	10.6	14.8	17.3	13.4	14.2	7.3	4.7	2.1	95.7	1.5	1.3	0.4	(Z)	1.6
"Portland-Vancouver-Beaverton, OR-WA  "	6.8	13.3	12.3	32.3	14.8	14.9	15.2	12.1	10.6	5.8	3.3	1.5	87.5	3.1	5.4	1.0	0.4	10.5
"Port St. Lucie, FL  "	6.0	11.3	11.2	28.5	12.9	11.9	13.2	11.3	22.1	9.6	8.6	3.9	82.7	13.8	1.4	0.7	0.1	13.9
"Poughkeepsie-Newburgh-Middletown, NY  "	6.2	13.5	15.7	35.4	13.1	13.7	15.6	10.9	11.3	6.1	3.7	1.5	84.5	10.6	2.8	0.4	0.1	13.3
"Prescott, AZ  "	5.5	10.8	11.4	27.7	12.7	10.3	13.1	13.0	23.2	11.4	8.5	3.3	94.7	1.1	0.8	1.7	0.1	13.3
"Providence-New Bedford-Fall River, RI-MA  "	5.8	12.1	14.4	32.3	12.7	14.3	15.3	11.5	13.9	6.6	4.9	2.4	89.9	5.5	2.4	0.5	0.1	9.4
"Provo-Orem, UT  "	11.6	18.7	20.7	50.9	17.4	10.6	8.6	6.1	6.4	3.5	2.1	0.9	94.9	0.7	1.4	0.7	0.6	9.5
"Pueblo, CO  "	6.7	13.2	13.7	33.6	14.5	12.5	13.7	10.8	15.0	7.0	5.6	2.4	92.9	2.5	0.8	2.0	0.1	39.1
"Punta Gorda, FL  "	3.9	9.0	9.2	22.2	10.6	10.5	12.8	14.1	29.8	12.9	11.6	5.3	91.3	6.0	1.3	0.3	(Z)	5.6
"Racine, WI  "	6.6	13.8	13.2	33.5	12.3	13.8	16.1	11.8	12.5	6.5	4.2	1.9	86.6	10.6	0.9	0.5	0.1	10.2
"Raleigh-Cary, NC  "	7.9	14.2	13.6	35.8	14.7	16.4	14.7	10.3	8.1	4.7	2.4	0.9	74.1	20.1	3.8	0.5	0.1	9.1
"Rapid City, SD  "	7.9	13.6	13.5	35.0	13.0	12.2	15.0	11.9	12.8	6.9	4.2	1.8	87.9	1.5	0.9	7.0	0.1	3.9
"Reading, PA  "	6.5	12.8	13.8	33.1	12.5	13.9	15.0	11.4	14.2	6.9	5.0	2.3	92.0	5.2	1.3	0.3	0.1	14.1
"Redding, CA  "	6.0	11.8	14.1	32.0	15.0	11.6	14.2	12.1	15.3	7.9	5.2	2.1	90.2	1.1	2.3	3.0	0.1	8.0
"Reno-Sparks, NV  "	7.2	13.1	13.1	33.4	13.8	13.7	14.9	12.3	12.0	6.8	3.7	1.4	87.5	2.6	4.9	2.1	0.5	21.0
"Richmond, VA  "	6.6	12.8	13.9	33.3	13.8	14.6	15.2	11.4	11.8	6.3	3.9	1.6	65.4	30.1	2.6	0.5	0.1	4.0
"Riverside-San Bernardino-Ontario, CA  "	8.1	15.4	15.8	39.3	16.4	13.7	12.6	8.1	10.0	5.1	3.5	1.5	82.0	8.0	5.7	1.4	0.4	45.7
"Roanoke, VA  "	5.9	11.6	12.2	29.7	12.5	13.5	15.1	12.9	16.2	8.2	5.6	2.4	84.5	12.8	1.3	0.2	(Z)	2.1
"Rochester, MN  "	7.5	13.5	12.5	33.5	13.9	14.1	15.6	10.4	12.6	6.4	4.0	2.1	91.4	3.1	4.1	0.3	(Z)	3.1
"Rochester, NY  "	5.6	12.2	16.1	33.9	11.7	13.2	15.6	12.1	13.6	6.9	4.5	2.2	84.4	11.5	2.2	0.3	(Z)	5.2
"Rockford, IL  "	6.9	13.9	13.0	33.8	14.7	13.9	14.2	10.7	12.8	6.5	4.3	1.9	86.0	10.1	1.9	0.4	(Z)	11.8
"Rocky Mount, NC  "	6.8	13.3	13.2	33.3	11.8	13.2	15.6	12.6	13.5	7.2	4.6	1.7	53.9	44.3	0.6	0.5	(Z)	4.5
"Rome, GA  "	7.4	13.3	14.0	34.6	13.5	13.4	13.4	10.8	14.4	7.5	4.8	2.1	83.6	13.3	1.5	0.3	0.1	8.1
"Sacramento--Arden-Arcade--Roseville, CA  "	7.0	13.2	14.6	34.9	15.4	13.7	14.0	10.1	11.8	6.1	4.0	1.7	75.6	7.6	11.1	1.2	0.7	18.9
"Saginaw-Saginaw Township North, MI  "	6.2	13.1	14.6	33.9	11.3	12.4	15.0	12.7	14.7	7.6	4.8	2.3	78.5	18.5	1.0	0.5	(Z)	7.4
"St. Cloud, MN  "	6.8	12.5	17.9	37.1	15.0	12.9	13.6	9.6	11.8	5.8	4.1	1.9	95.4	1.6	1.7	0.4	(Z)	1.8
"St. George, UT  "	9.6	15.3	13.8	38.6	17.9	9.8	8.6	6.8	18.3	7.6	7.4	3.2	95.2	0.7	0.8	1.4	0.5	7.9
"St. Joseph, MO-KS  "	6.4	12.2	14.0	32.7	14.0	13.4	14.6	10.9	14.3	6.9	4.8	2.6	93.0	4.6	0.5	0.5	(Z)	3.0
"St. Louis, MO-IL"	6.5	13.1	13.8	33.5	12.6	13.6	15.8	11.5	13.0	6.7	4.4	1.9	78.3	18.2	1.9	0.3	(Z)	2.2
"Salem, OR  "	7.5	13.9	13.9	35.3	14.7	12.8	13.3	11.0	13.0	6.4	4.3	2.3	92.6	1.2	1.9	1.7	0.4	20.5
"Salinas, CA  "	8.8	14.1	15.7	38.6	15.3	13.6	13.0	9.4	10.2	5.2	3.5	1.5	85.4	3.6	6.4	1.4	0.5	53.2
"Salisbury, MD  "	6.4	11.8	16.6	34.8	14.7	12.9	13.6	10.4	13.7	6.9	4.8	1.9	69.2	27.6	1.6	0.3	(Z)	3.2
"Salt Lake City, UT  "	9.2	15.9	14.8	39.9	15.9	13.5	12.9	9.2	8.6	4.8	2.7	1.1	91.1	1.8	2.9	1.1	1.3	15.9
"San Angelo, TX  "	7.6	13.4	17.2	38.1	12.7	11.9	13.1	10.3	13.9	6.8	4.8	2.3	92.1	4.4	1.1	0.8	0.1	34.4
"San Antonio, TX  "	8.1	15.1	14.7	37.9	14.3	13.8	13.3	9.9	10.8	5.7	3.6	1.5	88.5	6.8	1.9	1.0	0.2	53.2
"San Diego-Carlsbad-San Marcos, CA  "	7.5	13.2	15.9	36.6	14.5	14.3	13.8	9.5	11.2	5.5	4.0	1.8	79.5	5.5	10.3	1.0	0.5	30.9
"Sandusky, OH  "	5.6	12.2	11.8	29.7	11.1	12.3	16.1	13.7	17.2	8.8	6.0	2.4	88.7	8.7	0.6	0.3	(Z)	2.5
"San Francisco-Oakland-Fremont, CA  "	6.4	11.6	12.5	30.5	13.0	16.3	15.6	12.0	12.6	6.5	4.1	2.0	64.0	9.0	22.2	0.7	0.7	20.4
"San Jose-Sunnyvale-Santa Clara, CA  "	7.5	13.0	13.1	33.6	13.4	16.7	15.1	10.4	10.9	6.0	3.4	1.5	62.9	2.8	30.3	0.8	0.4	26.8
"San Luis Obispo-Paso Robles, CA  "	5.2	9.8	19.0	34.1	13.8	11.8	14.5	11.5	14.4	6.9	5.2	2.4	90.9	2.1	3.2	1.1	0.1	19.1
"Santa Barbara-Santa Maria-Goleta, CA"	7.4	12.1	18.8	38.3	13.3	12.3	13.3	9.9	13.0	6.1	4.6	2.2	88.7	2.4	4.5	1.7	0.2	39.5
"Santa Cruz-Watsonville, CA  "	6.6	11.0	17.1	34.7	12.5	13.2	15.9	13.1	10.6	5.5	3.4	1.7	90.3	1.3	4.1	1.2	0.2	29.3
"Santa Fe, NM  "	5.8	11.4	12.4	29.5	12.6	13.7	15.6	14.9	13.8	7.8	4.3	1.7	92.4	1.3	1.2	3.4	0.1	50.1
"Santa Rosa-Petaluma, CA  "	6.2	11.7	14.4	32.3	12.6	12.9	15.7	13.3	13.1	6.5	4.4	2.2	89.7	1.7	3.9	1.6	0.3	23.2
"Savannah, GA  "	7.7	14.0	15.1	36.8	14.1	13.3	13.9	10.5	11.4	6.0	3.8	1.6	62.3	34.0	1.9	0.3	0.1	3.0
"Scranton--Wilkes-Barre, PA  "	5.4	11.0	13.4	29.8	11.4	13.2	14.9	12.7	18.0	8.2	6.5	3.2	95.7	2.5	0.9	0.1	(Z)	3.8
"Seattle-Tacoma-Bellevue, WA  "	6.6	12.5	12.7	31.8	14.0	15.7	16.1	11.9	10.6	5.7	3.3	1.5	78.2	5.7	10.6	1.2	0.7	7.6
"Sebastian-Vero Beach, FL"	5.5	10.2	10.7	26.4	12.3	11.0	13.1	11.8	25.3	10.3	10.2	4.8	88.7	8.9	1.1	0.3	(Z)	10.3
"Sheboygan, WI  "	6.3	12.6	12.6	31.5	13.2	13.5	16.1	11.8	14.0	6.8	4.9	2.3	93.2	1.5	3.9	0.4	(Z)	5.0
"Sherman-Denison, TX  "	7.0	13.1	13.2	33.3	13.9	12.5	14.1	11.1	15.1	7.5	5.2	2.4	89.8	5.9	0.8	1.6	0.1	10.2
"Shreveport-Bossier City, LA  "	7.4	14.0	14.4	35.8	13.6	12.5	14.1	10.7	13.2	6.8	4.4	2.0	58.0	39.1	1.1	0.5	0.1	3.0
"Sioux City, IA-NE-SD  "	7.9	14.9	13.4	36.2	11.8	13.2	14.4	11.3	13.0	6.5	4.4	2.1	91.4	2.3	2.5	2.0	0.1	13.4
"Sioux Falls, SD  "	7.9	13.8	12.9	34.7	15.1	13.6	14.4	10.5	11.6	5.8	3.9	2.0	93.6	2.2	0.9	2.0	0.1	3.4
"South Bend-Mishawaka, IN-MI  "	6.9	13.6	15.4	35.9	11.7	13.0	14.8	11.6	13.1	6.3	4.7	2.2	85.0	11.0	1.5	0.5	0.1	5.9
"Spartanburg, SC  "	6.7	13.0	13.1	32.7	13.2	14.2	14.3	12.1	13.4	7.3	4.2	1.8	76.0	20.8	1.8	0.3	(Z)	5.1
"Spokane, WA  "	6.5	12.7	14.7	33.8	14.8	12.6	14.5	11.5	12.8	6.4	4.2	2.2	91.5	1.9	2.1	1.6	0.2	4.0
"Springfield, IL  "	6.4	12.7	12.5	31.6	13.4	13.3	15.6	12.1	14.0	7.1	4.7	2.2	86.7	10.3	1.2	0.2	(Z)	1.4
"Springfield, MA  "	5.5	11.7	17.2	34.5	12.5	12.7	14.9	11.8	13.7	6.5	4.8	2.4	88.8	7.0	2.1	0.3	0.1	14.0
"Springfield, MO  "	6.9	12.8	14.9	34.6	15.2	12.9	13.4	10.4	13.5	6.8	4.6	2.1	94.7	2.1	1.0	0.7	0.1	2.5
"Springfield, OH  "	6.3	12.8	12.8	32.0	12.4	12.6	14.4	12.7	16.0	8.3	5.3	2.4	88.4	8.7	0.7	0.3	(Z)	1.8
"State College, PA  "	4.6	8.8	30.5	43.9	13.4	11.5	11.2	8.5	11.4	5.8	3.9	1.6	90.7	3.1	4.9	0.2	0.1	2.2
"Stockton, CA  "	8.3	15.5	15.3	39.1	15.3	13.4	13.0	9.0	10.2	5.3	3.4	1.5	72.7	8.0	13.8	1.4	0.5	37.0
"Sumter, SC  "	7.6	14.2	14.5	36.3	11.1	13.0	14.7	11.4	13.6	7.4	4.3	1.9	49.6	47.6	1.1	0.3	0.1	2.5
"Syracuse, NY  "	5.7	12.3	16.4	34.4	12.6	12.8	15.4	11.4	13.4	6.7	4.6	2.1	87.8	7.6	1.9	0.9	(Z)	2.6
"Tallahassee, FL  "	6.2	11.1	20.7	38.1	14.5	12.7	13.3	11.3	10.1	5.9	3.0	1.2	63.3	33.1	2.0	0.3	(Z)	5.0
"Tampa-St. Petersburg-Clearwater, FL  "	6.1	11.8	11.8	29.7	12.4	13.6	14.6	12.3	17.5	8.3	6.1	3.1	83.4	11.8	2.7	0.5	0.1	14.6
"Terre Haute, IN  "	6.1	12.1	15.6	33.8	13.6	13.0	14.1	11.3	14.2	7.0	4.9	2.3	92.1	5.2	1.1	0.3	(Z)	1.4
"Texarkana, TX-Texarkana, AR  "	6.6	13.3	12.8	32.8	14.9	13.3	13.9	11.6	13.6	6.9	4.6	2.1	72.8	24.4	0.6	0.7	(Z)	4.7
"Toledo, OH  "	6.6	12.9	15.7	35.2	12.6	12.9	14.8	11.5	13.0	6.5	4.5	2.0	84.2	12.7	1.3	0.3	(Z)	5.2
"Topeka, KS  "	7.0	13.1	12.9	32.9	13.0	12.5	15.1	12.3	14.2	7.3	4.7	2.2	87.7	7.2	1.1	1.6	0.1	7.5
"Trenton-Ewing, NJ  "	6.3	12.6	15.1	33.9	13.0	14.7	15.1	11.0	12.2	6.2	4.1	1.9	69.4	20.5	8.2	0.3	0.2	13.3
"Tucson, AZ  "	6.9	12.8	14.3	33.9	13.3	12.6	13.6	11.4	15.2	7.4	5.4	2.4	88.1	3.7	2.6	3.6	0.2	33.1
"Tulsa, OK  "	7.5	13.9	13.4	34.7	13.5	13.2	14.6	11.5	12.5	6.7	4.1	1.7	77.7	9.1	1.5	7.3	0.1	7.5
"Tuscaloosa, AL  "	6.5	12.8	18.6	37.9	14.4	12.4	13.2	10.5	11.5	6.0	4.0	1.5	62.6	35.3	1.1	0.2	(Z)	1.7
"Tyler, TX  "	7.7	13.8	13.9	35.5	14.1	12.3	13.1	10.3	14.7	7.3	5.1	2.2	79.5	17.9	0.9	0.5	0.1	15.6
"Utica-Rome, NY  "	5.4	11.4	14.3	31.1	13.0	13.0	14.8	11.9	16.1	7.6	5.6	2.9	92.0	5.2	1.3	0.3	(Z)	3.5
"Valdosta, GA  "	7.9	13.7	17.3	39.0	15.3	13.6	12.7	9.1	10.4	5.8	3.3	1.4	64.1	33.1	1.0	0.4	0.1	4.2
"Vallejo-Fairfield, CA  "	6.8	13.7	14.8	35.3	13.5	13.8	15.2	10.9	11.2	5.9	3.8	1.6	63.6	15.4	14.1	1.0	0.9	22.6
"Victoria, TX  "	7.6	14.4	14.1	36.2	11.9	12.3	14.5	11.1	14.0	7.2	4.8	1.9	91.2	5.7	1.5	0.7	0.1	41.8
"Vineland-Millville-Bridgeton, NJ  "	7.6	12.6	12.8	33.0	16.1	14.8	13.3	10.2	12.6	6.4	4.3	1.9	73.8	21.9	1.2	1.1	0.1	24.2
"Virginia Beach-Norfolk-Newport News, VA-NC  "	7.0	13.5	15.5	36.0	13.7	14.2	14.7	10.0	11.4	6.1	3.8	1.5	62.2	31.9	3.1	0.5	0.1	4.3
"Visalia-Porterville, CA  "	9.7	16.8	16.3	42.8	15.6	12.1	11.7	8.3	9.6	5.0	3.2	1.4	90.7	2.1	3.5	1.9	0.2	57.5
"Waco, TX  "	7.5	13.9	18.7	40.0	13.7	11.6	12.7	9.5	12.4	6.1	4.2	2.1	81.7	14.9	1.5	0.6	0.1	21.8
"Warner Robins, GA  "	7.6	14.6	14.4	36.6	13.7	13.9	15.1	10.1	10.7	6.0	3.4	1.2	68.2	27.6	2.0	0.4	0.1	4.1
"Washington-Arlington-Alexandria, DC-VA-MD-WV  "	7.1	13.0	13.4	33.6	13.8	15.7	15.5	11.4	10.1	5.8	3.0	1.3	62.4	26.5	8.6	0.4	0.1	12.3
"Waterloo-Cedar Falls, IA  "	6.5	11.8	18.2	36.5	12.1	11.1	13.8	11.7	14.9	7.1	5.1	2.7	91.0	6.6	1.1	0.2	(Z)	2.4
"Wausau, WI  "	6.3	12.9	12.8	32.0	12.6	13.8	15.8	12.0	13.8	6.9	4.6	2.3	93.5	0.6	4.6	0.4	(Z)	1.3
"Weirton-Steubenville, WV-OH  "	5.1	10.7	12.5	28.3	10.1	12.4	16.0	14.1	19.2	9.5	6.9	2.8	94.3	4.0	0.4	0.2	(Z)	0.8
"Wenatchee, WA  "	6.9	13.7	13.7	34.2	12.7	11.9	14.5	11.4	15.3	7.6	5.4	2.3	95.2	0.7	1.0	1.4	0.2	23.8
"Wheeling, WV-OH  "	5.2	10.7	12.9	28.8	11.2	12.7	15.9	13.6	17.8	8.4	6.5	2.9	94.8	3.5	0.6	0.1	(Z)	0.6
"Wichita, KS  "	7.9	14.6	13.9	36.4	13.3	13.1	14.7	10.5	12.1	6.0	4.2	1.9	85.5	8.0	3.2	1.1	0.1	9.7
"Wichita Falls, TX  "	7.1	13.4	17.1	37.5	12.8	12.3	14.0	10.2	13.2	6.8	4.6	1.9	85.2	9.4	1.8	1.2	0.1	13.9
"Williamsport, PA  "	5.8	11.1	14.5	31.4	11.7	12.6	15.3	12.4	16.6	8.0	5.9	2.6	93.6	4.6	0.5	0.3	(Z)	1.0
"Wilmington, NC  "	6.2	11.8	13.1	31.0	14.2	13.7	13.7	12.0	15.3	8.5	5.2	1.7	82.5	15.0	0.9	0.5	0.1	3.9
"Winchester, VA-WV  "	6.8	12.8	12.3	31.9	15.5	14.4	14.3	10.6	13.2	7.1	4.5	1.6	92.1	5.2	1.1	0.2	(Z)	6.4
"Winston-Salem, NC  "	6.9	13.1	12.8	32.8	12.5	14.5	14.8	12.0	13.4	7.2	4.4	1.7	76.8	20.4	1.2	0.4	0.1	9.5
"Worcester, MA  "	6.2	13.0	14.1	33.3	12.6	14.7	16.0	11.2	12.3	6.0	4.2	2.1	90.9	3.8	3.6	0.3	0.1	8.3
"Yakima, WA  "	9.1	16.2	14.5	39.7	13.3	12.4	12.8	10.2	11.5	5.9	3.8	1.9	89.9	1.6	1.3	5.2	0.3	41.4
"York-Hanover, PA  "	6.3	12.5	12.1	30.8	13.0	14.4	15.9	12.0	13.8	7.1	4.7	2.1	92.0	5.4	1.2	0.2	(Z)	4.5
"Youngstown-Warren-Boardman, OH-PA "	5.4	11.9	13.1	30.4	11.3	12.4	15.6	13.1	17.2	8.2	6.2	2.8	87.2	10.9	0.5	0.2	(Z)	2.1
"Yuba City, CA  "	8.6	14.5	14.6	37.7	16.7	12.8	12.6	9.0	11.1	6.0	3.6	1.5	80.7	2.9	10.4	2.1	0.2	25.5
"Yuma, AZ  "	8.7	14.9	14.7	38.3	11.5	11.5	11.2	8.6	18.9	8.7	7.5	2.7	92.4	3.2	1.2	1.8	0.2	55.6
																		
																		
																		
																		
																		
																		
																		
																		
																		
																		
																		
																		
																		
																		
