msa08	mmurd08	mrape08	mrobt08	mrobg08	massg08	massa08	mburg08	mlarc08	mmoto08	mpop08	mpopcm08	mpopg308	mpopl308	mpoprp08	mpopgn08	mpopna08	mct08	mctna08	mctcm08	mctg308	mctl308	mrmurd08	mrrobt08	mrassa08	mrburg08	mrlarc08	mrmoto08	mrrape08	mrrobg08	mrassg08
0	14221.53285	68175.40776	417995.2786	158357.9378	141058.4385	704264.1113	1829151.219	5492657.86	866720.8312	246206711	236653846	2996640	2423079	235131137	218997743	4133146	7761	364	6687	314	396	5.9	172.7	290.9	755.6	2269	358	29	72.3	64.4
40	7	92	183	75	163	392	1330	3259	242	132420	132420	0	0	132420	132420	0	5	0	5	0	0	5.3	138.2	296	1004.4	2461.1	182.8	69.5	56.6	123.1
80	23.42656873	295.4454735	1005.297942	383	160	1162.845499	6264.44712	15819.85719	1546.71288	699914	625711	23665	50538	699914	625711	0	35	0	22	4	9	3.3	143.6	166.1	895	2260.3	221	42.2	61.2	25.6
120	11.13685958	42.66667089	264.0077525	2	3	745.4474673	2013.4137	4414.87651	495.5764013	129283	19486	105876	3921	129283	19486	0	5	0	1	2	2	8.6	204.2	576.6	1557.4	3414.9	383.3	33	10.3	15.4
160	24.04584302	180.8000704	962.7536393	266	219	1779.088237	4531.194549	17317.15141	895.3235686	905064	846522	56381	2161	905064	846522	0	40	0	37	2	1	2.7	106.4	196.6	500.6	1913.4	98.9	20	31.4	25.9
200	61	488	1579	795	1057	4429.142857	8638	25727	5819	830223	829586	637	0	830223	829586	0	14	0	13	1	0	7.3	190.2	533.5	1040.4	3098.8	700.9	58.8	95.8	127.4
220	12.41799012	56.51327696	212.2980671	7	93	870.0157548	1688.307912	4674.490406	404.5501523	131292	74043	48592	8657	131292	74043	0	9	0	2	2	5	9.5	161.7	662.7	1285.9	3560.4	308.1	43	9.5	125.6
240	23.12676947	118.5792008	812.9852947	292.8552576	114	940.1709815	3456.742807	14984.75469	1103.797697	701008	674818	6883	19307	701008	674818	0	61	0	56	2	3	3.3	116	134.1	493.1	2137.6	157.5	16.9	43.4	16.9
280	4.137152146	29.96566307	92.2979004	16	21	246.8309188	651.3440506	1902.406307	112.2033356	125036	116659	3168	5209	125036	116659	0	14	0	12	1	1	3.3	73.8	197.4	520.9	1521.5	89.7	24	13.7	18
320	15	132	327	97	238	1065	2598	7643	799	235809	235809	0	0	235809	235809	0	5	0	5	0	0	6.4	138.7	451.6	1101.7	3241.2	338.8	56	41.1	100.9
380	10	265	551	143	270	1952	1276	8088	808	301010	301010	0	0	301010	301010	0	4	0	4	0	0	3.3	183.1	648.5	423.9	2687	268.4	88	47.5	89.7
440	14.08976662	218.5943505	325.9809756	132	181	1235.1569	3158.624777	9973.401012	845.3212139	636037	624993	7342	3702	636037	624993	0	28	0	26	1	1	2.2	51.3	194.2	496.6	1568.1	132.9	34.4	21.1	29
450	15.54994869	59.12726512	289.7459277	185.9941007	130.0425868	562.0396065	1737.463142	3779.556722	347.3943209	113559	59115	0	54444	113559	59115	0	10	0	6	0	4	13.7	255.2	494.9	1530	3328.3	305.9	52.1	314.6	220
460	5	69.05619981	66	13	27	433.6955868	1479.39523	7730.240304	302.844655	382610	381149	1461	0	382610	381149	0	26	0	25	1	0	1.3	17.2	113.4	386.7	2020.4	79.2	18	3.4	7.1
480	7.139567079	62.26945473	313.496746	140	70	459.4533217	2012.717554	4791.395699	671.1141179	250416	239242	8993	2181	250416	239242	0	11	0	5	3	3	2.9	125.2	183.5	803.7	1913.4	268	24.9	58.5	29.3
500	3.80452122	62.49368927	256.156861	78	68	411.6800293	2146.091498	5837.568796	534.0146786	175167	141967	4234	28966	175167	141967	0	7	0	4	2	1	2.2	146.2	235	1225.2	3332.6	304.9	35.7	54.9	47.9
520	392.5977949	1175.884292	12235.0929	7312.495304	3424.515232	13792.09424	57144.55415	127457.8221	26673.17636	5238999	5002082	232886	4031	5238999	4322190	0	111	0	91	17	3	7.5	233.5	263.3	1090.8	2432.9	509.1	22.4	169.2	79.2
560	21.07989353	98.30802325	601.7115672	160	100	910.4209832	2814.555251	10609.69831	557.0729657	367106	364658	0	2448	367106	364658	0	33	0	32	0	1	5.7	163.9	248	766.7	2890.1	151.7	26.8	43.9	27.4
580	6	65.51905059	183.2359783	135.4269837	150.651643	363.2941415	2149.004153	4063.907594	208.8046007	132798	132798	0	0	132798	132798	0	5	0	5	0	0	4.5	138	273.6	1618.3	3060.2	157.2	49.3	102	113.4
600	36.292769	257.0449968	985.2177524	500	343	867.8045324	5867.764993	16065.08218	2484.363207	508739	499629	7200	1910	508739	499629	0	20	0	17	2	1	7.1	193.7	170.6	1153.4	3157.8	488.3	50.5	100.1	68.7
640	33	474	1547	519	679	3638	12991	47862	3477	1646660	1646660	0	0	1646660	1646660	0	42	0	42	0	0	2	93.9	220.9	788.9	2906.6	211.2	28.8	31.5	41.2
680	57	233	1289	287	334	3052	9252	17422	5233	804287	804287	0	0	804287	804287	0	10	0	10	0	0	7.1	160.3	379.5	1150.3	2166.1	650.6	29	35.7	41.5
720	300	536	7158	1320	708	12298	19121	64944	11189	2666452	2666452	0	0	2666452	2031903	0	17	0	17	0	0	11.3	268.4	461.2	717.1	2435.6	419.6	20.1	65	34.8
733	2	14	38	5	7	59	818	3857	155	148610	148610	0	0	148610	148610	0	13	0	13	0	0	1.3	25.6	39.7	550.4	2595.4	104.3	9.4	3.4	4.7
743	1	82	97	23	58	822	2184	4292	228	223304	223304	0	0	223304	223304	0	15	0	15	0	0	0.4	43.4	368.1	978	1922	102.1	36.7	10.3	26
760	96.63003579	146.2742755	1392.996056	843	928	2747.497845	8073.492784	19236.8145	1983.166959	681443	675192	0	6251	681443	674657	0	16	0	15	0	1	14.2	204.4	403.2	1184.8	2823	291	21.5	125	137.6
840	18	168	599	269	272	1248	4537	8988	976	375242	375242	0	0	375242	375242	0	18	0	18	0	0	4.8	159.6	332.6	1209.1	2395.3	260.1	44.8	71.7	72.5
860	2	70	87	15	43	285	1458	5364	374	196614	196614	0	0	196614	196614	0	9	0	9	0	0	1	44.2	145	741.6	2728.2	190.2	35.6	7.6	21.9
870	2.059116969	111.0343064	105.1728339	35.99706118	54.99804079	411.7053045	1049.884403	3791.545743	220.615444	157892	155213	241	2438	157892	155213	0	19	0	15	1	3	1.3	66.6	260.8	664.9	2401.4	139.7	70.3	23.2	35.4
875	34	77	1565	349	190	1804.272727	4657.090909	17720.27273	2490	1383481	1383481	0	0	1383481	1383481	0	86	0	86	0	0	2.5	113.1	130.4	336.6	1280.8	180	5.6	25.2	13.7
880	2	53	54	6	29	236	761	3977	332	141582	141582	0	0	141582	141582	0	3	0	3	0	0	1.4	38.1	166.7	537.5	2809	234.5	37.4	4.2	20.5
920	25.11227132	111.9675644	344.9150554	120	54	344.5371545	3306.822925	9414.692098	1067.954019	344847	263219	14008	67620	344847	169805	0	12	0	9	1	2	7.3	100	99.9	958.9	2730.1	309.7	32.5	70.7	31.8
960	2	85	131	23	22	364.4943467	1078.977387	5639.471734	145	245658	245658	0	0	245658	245658	0	10	0	10	0	0	0.8	53.3	148.4	439.2	2295.7	59	34.6	9.4	9
1000	113.3191518	435.6971255	2628.803325	700.974384	479.888091	2863.376128	12908.52532	31193.22537	4068.489897	985042	879721	51118	54203	985042	649507	0	58	0	46	5	7	11.5	266.9	290.7	1310.5	3166.7	413	44.2	107.9	73.9
1010	2	48	14	2	1	158	321	1826	143	104611	104611	0	0	104611	104611	0	5	0	5	0	0	1.9	13.4	151	306.9	1745.5	136.7	45.9	1.9	1
1020	3	41	54	22	13	230	973	2858	219	129586	129586	0	0	129586	129586	0	2	0	2	0	0	2.3	41.7	177.5	750.9	2205.5	169	31.6	17	10
1040	7	0	74	0	0	382	610	1510	109	165802	76829	0	0	0	0	88973	10	8	2	0	0	9.1	96.3	497.2	794	1965.4	141.9			
1080	5	225	127	40	161	1043	2805	9669	661	568073	568073	0	0	568073	568073	0	9	0	9	0	0	0.9	22.4	183.6	493.8	1702.1	116.4	39.6	7	28.3
1123	154.294521	1506.242572	6456.278156	1544	1743	18007.87085	30333.58413	100750.5549	11549.65178	6251352	6116912	17784	116656	6251352	6116912	0	301	0	279	3	19	2.5	103.3	288.1	485.2	1611.7	184.8	24.1	25.2	28.5
1125	2.028443847	71.51104112	89.52431491	17	48	440.3556743	1179.939514	6070.754191	329.1502741	293331	291974	0	1357	293331	291974	0	8	0	7	0	1	0.7	30.5	150.1	402.3	2069.6	112.2	24.4	5.8	16.4
1145	6.940974935	73.58339845	124.7604736	68.52779948	54.87852377	377.1043457	1662.223177	4733.194687	400.4482178	301347	301347	0	0	301347	301347	0	17	0	17	0	0	2.3	41.4	125.1	551.6	1570.7	132.9	24.4	22.7	18.2
1150	5	195	112	27	61	791	1676	4416	313	237527	237527	0	0	237527	237527	0	5	0	5	0	0	2.1	47.2	333	705.6	1859.2	131.8	82.1	11.4	25.7
1240	13	133	321	40	130	1199	4081	14323	764	394064	394064	0	0	394064	394064	0	12	0	12	0	0	3.3	81.5	304.3	1035.6	3634.7	193.9	33.8	10.2	33
1260	5	92	157	77	140	634	1849	5457	325	173355	173355	0	0	173355	173355	0	3	0	3	0	0	2.9	90.6	365.7	1066.6	3147.9	187.5	53.1	44.4	80.8
1280	44	286	2001.300077	739	626	3162.300077	7857.702226	24422.90714	2661	1122844	1122844	0	0	1122844	1122844	0	28	0	28	0	0	3.9	178.2	281.6	699.8	2175.1	237	25.5	65.8	55.8
1303	1	60	57	8	21	283	1455	5800	252	207874	207874	0	0	207874	207874	0	15	0	15	0	0	0.5	27.4	136.1	699.9	2790.2	121.2	28.9	3.8	10.1
1320	13.14564721	163.1587197	519.9128087	143.9835764	59.99726273	475.0244638	3728.111685	9218.462883	790.6111731	407281	364171	2524	40586	407281	360962	0	24	0	17	3	4	3.2	127.7	116.6	915.4	2263.4	194.1	40.1	39.9	16.6
1350	1	36	21	7	6	136	500	2121	152	73249	73249	0	0	73249	73249	0	4	0	4	0	0	1.4	28.7	185.7	682.6	2895.6	207.5	49.1	9.6	8.2
1360	5.176462027	46.46594371	144.4432719	22	36	329.1981636	1616.188719	5189.802396	432.6763857	207997	199273	2009	6715	207997	199273	0	6	0	4	1	1	2.5	69.4	158.3	777	2495.1	208	22.3	11	18.1
1400	10	0	188	0	0	969	1659	3554	190	191414	175869	0	0	0	0	15545	12	8	4	0	0	5.7	106.9	551	943.3	2020.8	108			
1440	49.02417393	263.160427	1335.814771	861	779	2933.456951	5405.105998	17528.14415	2705.42791	643759	642574	837	348	643759	642574	0	24	0	22	1	1	7.6	207.5	455.7	839.6	2722.8	420.3	40.9	134	121.2
1480	11.36816664	66.74451494	218.0642698	61.34132361	181.3413236	819.6674355	1866.91106	6107.167716	668.1424001	245837	232576	5198	8063	245837	232576	0	23	0	10	3	10	4.6	88.7	333.4	759.4	2484.2	271.8	27.1	26.4	78
1520	142.470854	563.5505729	4058.579186	2685.267511	2687.445851	7155.392152	22273.60903	55412.5147	7965.418313	1888912	1771527	98662	18723	1888912	1629168	0	47	0	38	5	4	7.5	214.9	378.8	1179.2	2933.6	421.7	29.8	164.8	165
1540	10	60	125	48	47	215	613	3810	292	179195	179195	0	0	179195	179195	0	4	0	4	0	0	5.6	69.8	120	342.1	2126.2	163	33.5	26.8	26.2
1560	27	123.2727273	616.5429545	358.665	502.3325	2349.995	5264.478019	15595.65833	1780.117879	504948	488556	16392	0	504948	488556	0	27	0	22	5	0	5.3	122.1	465.4	1042.6	3088.6	352.5	24.4	73.4	102.8
1580	3	29	30	12	21	123	412	2587	144	87931	87931	0	0	87931	87931	0	3	0	3	0	0	3.4	34.1	139.9	468.5	2942.1	163.8	33	13.6	23.9
1600	568	0	18837.67273	0	0	20949.10909	37879.2	137444.3273	22854.72727	8709491	5683535	31536	0	0	0	2994420	312	203	107	2	0	9.9	329.6	366.6	662.8	2404.9	399.9			
1620	7	92	169	28	44	568	1860	4016	787	219628	219628	0	0	219628	219628	0	6	0	6	0	0	3.2	76.9	258.6	846.9	1828.5	358.3	41.9	12.7	20
1640	102.1513138	674.106618	3441.842292	1382.199667	617.249584	2555.468662	13441.89015	39614.51109	3250.384112	1755084	1499483	62221	193380	1755084	1494316	0	112	0	81	9	22	5.8	196.1	145.6	765.9	2257.1	185.2	38.4	92.5	41.3
1660	7.025256631	96.389794	305.1357065	179	339	961.7418656	2411.120849	5332.249379	498.8369989	239017	237001	1001	1015	239017	237001	0	7	0	5	1	1	2.9	127.7	402.4	1008.8	2230.9	208.7	40.3	75.5	143
1680	82.92562364	854.0851444	4981.544201	2076	805.5669394	3196.9584	18643.48344	40235.78876	7805.32451	2192103	1465007	138324	588772	2192103	1465007	0	116	0	65	11	40	3.8	227.2	145.8	850.5	1835.5	356.1	39	141.7	55
1720	31.0180892	416.3250026	554.3334442	219	308	1956.192962	4284.663838	13507.21721	1395.650668	596734	595871	0	863	596734	595871	0	8	0	7	0	1	5.2	92.9	327.8	718	2263.5	233.9	69.8	36.8	51.7
1740	6	26	152	57	51	352	1132	3949	209	154400	153486	914	0	154400	153486	0	6	0	5	1	0	3.9	98.4	228	733.2	2557.6	135.4	16.8	37.1	33.2
1760	35	203.7273219	1090.181966	665.7273219	880.0001803	3337.818756	5377.910189	17225.82164	2677.818575	612014	612014	0	0	612014	612014	0	17	0	17	0	0	5.7	178.1	545.4	878.7	2814.6	437.5	33.3	108.8	143.8
1800	34.77743298	88.69261563	698.3231285	518.2015453	385.5246557	701.3459669	3902.327347	10993.88625	1875.533415	275256	239766	25890	9600	275256	239766	0	11	0	8	1	2	12.6	253.7	254.8	1417.7	3994.1	681.4	32.2	216.1	160.8
1840	113.324211	923.7211408	4164.810616	1915.959974	655	1945.817336	20320.81905	47678.53639	6374.737493	1690416	1534337	104881	51198	1690416	1534337	0	69	0	48	9	12	6.7	246.4	115.1	1202.1	2820.5	377.1	54.6	124.9	42.7
1880	18.98607612	237.1237814	532.1698821	109.9252507	316.2978677	1789.308126	4579.886375	16247.87631	810.4526797	390798	390798	0	0	390798	390798	0	16	0	16	0	0	4.9	136.2	457.9	1171.9	4157.6	207.4	60.7	28.1	80.9
1890	1	21.41221009	19.72309932	4.898679147	3.155444618	70.20956838	343.1560894	1527.68235	109.6356318	81844	81844	0	0	81844	81844	0	4	0	4	0	0	1.2	24.1	85.8	419.3	1866.6	134	26.2	6	3.9
1900	5.030958326	25.23078025	43.81758124	7	35	388.9461529	667.689296	2022.664682	78.59435378	98503	96914	911	678	98503	96914	0	11	0	9	1	1	5.1	44.5	394.9	677.8	2053.4	79.8	25.6	7.2	36.1
1920	260.4445013	1199.228192	8755.846251	4797.832428	3121.596784	9167.606892	43455.06083	108176.5977	20131.9336	4282644	4281874	0	770	4282644	4281874	0	117	0	115	0	2	6.1	204.4	214.1	1014.7	2525.9	470.1	28	112	72.9
1950	12	19	129	93	51	176	753	2463	149	104868	104868	0	0	104868	104868	0	5	0	5	0	0	11.4	123	167.8	718	2348.7	142.1	18.1	88.7	48.6
1960	11	51	283	51	85	944	2164	7039	516	359917	260314	3312	0	163512	160200	96291	27	15	11	1	0	4.2	107.3	358.1	820.9	2670.1	195.7	31.2	31.8	53.1
2000	51.2774903	370.831229	1465.690861	440	283	1408.525935	8255.41287	23507.59626	2682.265666	932522	772369	124558	35595	932522	772369	0	49	0	38	7	4	5.5	157.2	151	885.3	2520.9	287.6	39.8	57	36.6
2020	15	176	779	274	364	2265	5640	14186	1585	595162	595162	0	0	595162	592400	0	18	0	18	0	0	2.5	130.9	380.6	947.6	2383.6	266.3	29.6	46.3	61.4
2030	6	40	134	51	55	212.6363636	1540.818182	3979	185.5454545	150252	146990	3262	0	150252	146990	0	13	0	12	1	0	4	89.2	141.5	1025.5	2648.2	123.5	26.6	34.7	37.4
2040	12	0	187	0	0	499	1314	2245	223	107934	98279	0	0	0	0	9655	7	5	2	0	0	12.2	190.3	507.7	1337	2284.3	226.9			
2080	80.96232374	1062.34189	2241.624706	859.8879504	1356.275344	5444.297096	14207.50452	46817.67449	8996.666257	2394848	2394848	0	0	2394848	2394848	0	38	0	38	0	0	3.4	93.6	227.3	593.3	1954.9	375.7	44.4	35.9	56.6
2120	16	282	379	87	208	1203	3178	12442	1051	529714	529714	0	0	529714	529714	0	24	0	24	0	0	3	71.5	227.1	599.9	2348.8	198.4	53.2	16.4	39.3
2160	396.4474994	1489.766247	9078.744578	4968	5188	18819.6036	37357.79665	79528.55769	27614.58343	4400351	4348118	33778	18455	4400351	4348118	0	130	0	123	5	2	9	206.3	427.7	849	1807.3	627.6	33.9	114.3	119.3
2180	3.381962428	55.16646878	244.6863264	135.2530266	87.10308491	334.5839144	1355.513228	3911.047744	294.3644787	146605	141405	0	5200	146605	141405	0	20	0	16	0	4	2.3	166.9	228.2	924.6	2667.7	200.8	37.6	95.6	61.6
2190	8	98.54532578	196.3930595	96.51487252	149.0906516	741.4532578	1150.876771	3881.050992	353.8477337	155344	155344	0	0	155344	155344	0	10	0	10	0	0	5.1	126.4	477.3	740.9	2498.4	227.8	63.4	62.1	96
2200	0	25.95931067	25	2	1	366	575.7151747	1541.372427	95.91862135	92937	92937	0	0	92937	92937	0	3	0	3	0	0	0	26.9	393.8	619.5	1658.5	103.2	27.9	2.2	1.1
2240	4.037384725	16.00726925	171.2949653	35	37	338.9533933	1394.43769	6766.384263	408.3200127	239443	236533	0	2910	239443	236533	0	18	0	17	0	1	1.7	71.5	141.6	582.4	2825.9	170.5	6.7	14.8	15.6
2281	5.066865891	45.48629739	246.7523081	69	128	595.0878864	1003.508261	4470.897941	213.9029252	294181	289253	1776	3152	294181	289253	0	14	0	12	1	1	1.7	83.9	202.3	341.1	1519.8	72.7	15.5	23.9	44.3
2290	2	30	23	4	2	105	661	2672	110	158895	158895	0	0	158895	158895	0	10	0	10	0	0	1.3	14.5	66.1	416	1681.6	69.2	18.9	2.5	1.3
2320	19	212	517	122	268	2494	2734	17225	3105	741662	741662	0	0	741662	741662	0	6	0	6	0	0	2.6	69.7	336.3	368.6	2322.5	418.7	28.6	16.4	36.1
2330	8	69	203.9500279	84	3	33	1768.450307	4917.104969	471.7001675	199699	199699	0	0	199699	199699	0	4	0	4	0	0	4	102.1	16.5	885.6	2462.3	236.2	34.6	42.1	1.5
2335	4	18	37	9	13	145	441	1652	39	87619	81764	5855	0	87619	81764	0	5	0	4	1	0	4.6	42.2	165.5	503.3	1885.4	44.5	20.5	11	15.9
2340	0	26	36	13	21	156	637	1655	119	57704	57704	0	0	57704	57704	0	3	0	3	0	0	0	62.4	270.3	1103.9	2868.1	206.2	45.1	22.5	36.4
2360	9	127	360	108	57	357	1750	4889	270	278759	275465	3294	0	278759	275465	0	12	0	11	1	0	3.2	129.1	128.1	627.8	1753.8	96.9	45.6	39.2	20.7
2400	8	110	302	73	91	713	3048	11326	2130	346191	346191	0	0	346191	346191	0	10	0	10	0	0	2.3	87.2	206	880.4	3271.6	615.3	31.8	21.1	26.3
2440	15.65532627	96.92657843	170.7328079	59	20	507.6992141	1797.569273	7480.157139	421.5634113	303804	260087	17569	26148	303804	260087	0	8	0	5	1	2	5.2	56.2	167.1	591.7	2462.2	138.8	31.9	22.7	7.7
2520	0	70	36	2	3	258	779	3727	320	194942	194942	0	0	194942	194942	0	6	0	6	0	0	0	18.5	132.3	399.6	1911.9	164.2	35.9	1	1.5
2560	36	109	873	412	478	1487	5606	13147	1314	307781	307781	0	0	307781	307781	0	4	0	4	0	0	11.7	283.6	483.1	1821.4	4271.5	426.9	35.4	133.9	155.3
2580	6	236	92	28	121	915.2	2491.6	7327.6	474	409157	407715	1442	0	409157	407715	0	25	0	23	2	0	1.5	22.5	223.7	609	1790.9	115.8	57.7	6.9	29.7
2620	3	82.38795729	70.55761501	19	67	374.9583216	753.6155754	4149.704231	132.1395509	134735	127818	6917	0	134735	127818	0	9	0	8	1	0	2.2	52.4	278.3	559.3	3079.9	98.1	61.1	14.9	52.4
2640	37.00855959	242.4853608	939.3171595	513	714	2048.64193	5483.531883	8456.748113	1605.437592	430816	422449	8014	353	430816	422449	0	26	0	23	2	1	8.6	218	475.5	1272.8	1963	372.7	56.3	121.4	169
2650	6	48	127	57	43	391	1374.666667	3663	194.3333333	143463	142267	1196	0	143463	142267	0	13	0	12	1	0	4.2	88.5	272.5	958.2	2553.3	135.5	33.5	40.1	30.2
2655	13	68	255	126	249	942	1429	4948.454545	558	133246	133246	0	0	133246	133246	0	8	0	8	0	0	9.8	191.4	707	1072.5	3713.8	418.8	51	94.6	186.9
2670	5.088926174	133.4283308	68.40412212	32	61.11313489	589.5845576	1428.262529	6307.841363	407.9881288	292381	292381	0	0	292381	292381	0	7	0	7	0	0	1.7	23.4	201.6	488.5	2157.4	139.5	45.6	10.9	20.9
2680	85	515	4045	1636	1041	5992	15684	49866	6208	1754213	1754213	0	0	1754213	1754213	0	31	0	31	0	0	4.8	230.6	341.6	894.1	2842.6	353.9	29.4	93.3	59.3
2700	46	157	775	341	495	1856	6199	13520	1493	604488	604488	0	0	604488	604488	0	4	0	4	0	0	7.6	128.2	307	1025.5	2236.6	247	26	56.4	81.9
2710	13	115	512	222	266	1354	3446	8676	567	406587	406587	0	0	406587	406587	0	7	0	7	0	0	3.2	125.9	333	847.5	2133.9	139.5	28.3	54.6	65.4
2720	4.037933968	137.781054	128.8515178	31	103	836.8411408	1857.253738	4939.96561	384.7739121	223554	217773	5054	727	223554	217773	0	14	0	12	1	1	1.8	57.6	374.3	830.8	2209.7	172.1	61.6	14.2	47.3
2750	3	56	139	54	63	491	1047	4198	294	180599	180599	0	0	180599	180599	0	6	0	6	0	0	1.7	77	271.9	579.7	2324.5	162.8	31	29.9	34.9
2760	26.1013435	147.5426658	522.400936	342	73	363.2360433	3358.336148	10529.11069	953.187436	525516	456051	0	69465	525516	456051	0	17	0	13	0	4	5	99.4	69.1	639.1	2003.6	181.4	28.1	75	16
2800	91.58244656	780.0733343	2929.928325	1331.562477	1530.246111	5807.26729	19879.99972	59739.15498	6518.082239	2070151	2070151	0	0	2070151	2070151	0	55	0	55	0	0	4.4	141.5	280.5	960.3	2885.7	314.9	37.7	64.3	73.9
2840	75	209	1469	424	658	3278	8731	25242	6533	1056755	1056755	0	0	1056755	1056755	0	16	0	16	0	0	7.1	139	310.2	826.2	2388.6	618.2	19.8	40.1	62.3
2880	4.88290898	49.87455515	156.9895013	82.27196906	26.07205666	193.5632343	822.9809383	2769.545616	220.9964465	103419	68154	29921	5344	103419	68154	0	9	0	7	1	1	4.7	151.8	187.2	795.8	2678	213.7	48.2	120.7	38.3
2900	4.041976907	134.2823748	354.7552753	123	176	1515.720267	2755.708438	7206.309265	659.8050352	239900	239092	0	808	239900	239092	0	5	0	4	0	1	1.7	147.9	631.8	1148.7	3003.9	275	56	51.4	73.6
2920	19.70190168	176.0140385	375.0509936	118.7617735	126.8419817	598.6390266	2742.72572	6815.928371	711.3477723	288449	288449	0	0	288449	288449	0	12	0	12	0	0	6.8	130	207.5	950.9	2363	246.6	61	41.2	44
2960	91.96470336	142.6445799	811.3532779	399	274	1502.243941	4649.677831	15717.24051	2517.086776	654999	637963	0	17036	654999	637963	0	25	0	22	0	3	14	123.9	229.4	709.9	2399.6	384.3	21.8	62.5	42.9
2975	2	40	13	0	7	172	351	1896	41	129422	129422	0	0	129422	129422	0	10	0	10	0	0	1.5	10	132.9	271.2	1465	31.7	30.9	0	5.4
2980	11.17646896	5.928994625	160.6948034	98.98538813	161.9488584	380.4061502	1701.370129	3375.076841	437.9165546	113923	110937	0	2986	113923	110937	0	6	0	3	0	3	9.8	141.1	333.9	1493.4	2962.6	384.4	5.2	89.2	146
2985	1.017277292	29.79129997	16.24188209	3	5	154.48793	406.9157447	1975.832345	149.3773554	97825	96536	0	1289	97825	96536	0	9	0	8	0	1	1	16.6	157.9	416	2019.8	152.7	30.5	3.1	5.2
2995	7.067955012	83.22092506	45.2526374	9	38	344.6369396	838.6376522	3110.142815	309.6799777	142140	138898	0	3242	142140	138898	0	6	0	4	0	2	5	31.8	242.5	590	2188.1	217.9	58.5	6.5	27.4
3000	26.18304922	567.2564137	1234.791316	462.0035101	420.0017551	2825.873822	7051.243551	24617.97001	1549.570359	1148521	1138686	2286	7549	1148521	1138686	0	37	0	34	1	2	2.3	107.5	246	613.9	2143.4	134.9	49.4	40.6	36.9
3040	2	11	31	1	21	166	329	2635	154	82142	82142	0	0	82142	82142	0	2	0	2	0	0	2.4	37.7	202.1	400.5	3207.9	187.5	13.4	1.2	25.6
3060	6.051856409	74.08225662	94.87176488	27.11204955	92.61152106	609.6107393	1475.501307	4544.809635	430.1267219	252343	247424	0	4919	252343	247424	0	20	0	19	0	1	2.4	37.6	241.6	584.7	1801	170.5	29.4	11	37.4
3080	2	99.10794952	110	37	23	373.5001795	1072.840113	4841.63611	247.9534239	245032	245032	0	0	245032	245032	0	8	0	8	0	0	0.8	44.9	152.4	437.8	1975.9	101.2	40.4	15.1	9.4
3120	70.5073706	408.5274145	2541.226056	1261.87697	1040.887697	4336.229251	19214.45944	39683.41001	4076.502862	1389928	1177630	205790	6508	1389928	1177630	0	40	0	30	4	6	5.1	182.8	312	1382.4	2855.1	293.3	29.4	107.2	88.4
3150	7	24	296.8406446	167.8406446	155.9203223	657.7609669	2569.884512	5165.016115	416.6812892	154878	154878	0	0	154878	154878	0	7	0	7	0	0	4.5	191.7	424.7	1659.3	3334.9	269	15.5	108.4	100.7
3160	70	382.0521503	1451.21786	785.5151132	1335.540021	4983.999272	10944.33995	28947.0867	4300.967439	1070109	1070109	0	0	1070109	1070109	0	37	0	37	0	0	6.5	135.6	465.7	1022.7	2705.1	401.9	35.7	73.4	124.8
3180	3	15	116	52	45	308	701	2234	246	145781	145781	0	0	145781	145781	0	5	0	5	0	0	2.1	79.6	211.3	480.9	1532.4	168.7	10.3	35.7	30.9
3200	10.37542768	200.8884071	406.8982345	114.8003328	68.75041597	828.7933556	3073.93775	10614.51129	640.7565368	363471	339597	10574	13300	363471	339597	0	13	0	9	2	2	2.9	111.9	228	845.7	2920.3	176.3	55.3	33.8	20.2
3240	21.06924748	189.0776497	786.9650355	395	164	1018.253735	2628.783312	10974.87485	626.5171718	659945	654073	3242	2630	659945	654073	0	63	0	60	1	2	3.2	119.2	154.3	398.3	1663	94.9	28.7	60.4	25.1
3283	45	208	1230	380	235	1518	4797	21000	3212	1006641	1006641	0	0	1006641	1006641	0	33	0	33	0	0	4.5	122.2	150.8	476.5	2086.1	319.1	20.7	37.7	23.3
3285	10	42	140	73	26	112	836	2285	183	128183	128183	0	0	128183	128183	0	6	0	6	0	0	7.8	109.2	87.4	652.2	1782.6	142.8	32.8	56.9	20.3
3290	29.85767688	66.30534766	268.0354342	80	171	654.5531161	3599.600659	8270.205104	823.0977048	363694	266140	95090	2464	363694	266140	0	26	0	18	4	4	8.2	73.7	180	989.7	2273.9	226.3	18.2	30.1	64.3
3320	18	203	928	104	156	1426	6370	21473	3938	906349	906349	0	0	906349	906349	0	1	0	1	0	0	2	102.4	157.3	702.8	2369.2	434.5	22.4	11.5	17.2
3350	11	52	173	73	164	686	1063	4954	432	203144	203144	0	0	203144	203144	0	5	0	5	0	0	5.4	85.2	337.7	523.3	2438.7	212.7	25.6	35.9	80.7
3360	419.3757769	1514.592169	14187.59684	7433.710427	5629.279495	21630.62447	50124.3682	126782.8951	24259.36129	5110764	5110231	0	533	5110764	5110231	0	63	0	62	0	1	8.2	277.6	423.2	980.8	2480.7	474.7	29.6	145.5	110.2
3400	9.214161519	82.31957881	324.2112144	109	39	298.6902576	2568.129387	6478.040988	637.3048454	311116	249447	54161	7508	311116	249447	0	30	0	18	5	7	3	104.2	96	825.5	2082.2	204.8	26.5	43.7	15.6
3440	19	131	516	49	80	990	3740	10506.33333	1438	392926	392926	0	0	392926	220132	0	12	0	12	0	0	4.8	131.3	252	951.8	2673.9	366	33.3	22.3	36.3
3480	128.6158669	618.5415831	4440.384701	2431.995882	1110	5997.572266	18279.4561	46734.1757	7917.579102	1796790	1570378	11847	214565	1796790	1570378	0	38	0	29	1	8	7.2	247.1	333.8	1017.3	2601	440.7	34.4	154.9	70.7
3500	8	50	78	19	18	276	646	2115	125	127841	127841	0	0	127841	127841	0	4	0	4	0	0	6.3	61	215.9	505.3	1654.4	97.8	39.1	14.9	14.1
3520	5.054049107	115.9599695	81.00268682	20	70	421.2491591	1018.96694	3210.284176	241.0707192	162183	155826	4128	2229	162183	155826	0	13	0	10	2	1	3.1	49.9	259.7	628.3	1979.4	148.6	71.5	12.8	44.9
3560	75.10481117	202.5685367	1071.634445	736	372	759.276936	5996.95657	10974.50518	2080.932765	483159	448415	24236	10508	483159	404156	0	19	0	14	1	4	15.5	221.8	157.1	1241.2	2271.4	430.7	41.9	182.1	92
3580	10.00308642	42.0154321	260.0401235	164.0216049	261.0339506	612.1666667	1488.404321	3934.268519	532.1203704	113254	113254	0	0	113254	113254	0	5	0	5	0	0	8.8	229.6	540.5	1314.2	3473.8	469.8	37.1	144.8	230.5
3600	126	375	3281	2089	2369	6888	15570	41841	4895	1283027	1283027	0	0	1283027	1283027	0	12	0	12	0	0	9.8	255.7	536.9	1213.5	3261.1	381.5	29.2	162.8	184.6
3605	11	60.16515609	143	53	69	386.3212487	1684.36858	3887.524673	344.1651561	164774	164774	0	0	164774	164774	0	7	0	7	0	0	6.7	86.8	234.5	1022.2	2359.3	208.9	36.5	32.2	41.9
3610	6	39	55	12	21	220	831	2475	87	133217	133217	0	0	133217	133217	0	9	0	9	0	0	4.5	41.3	165.1	623.8	1857.9	65.3	29.3	9	15.8
3620	3.991857603	56	114	32	13	222.9837152	987.9348608	4195.755728	272.9837152	160438	160438	0	0	160438	160438	0	8	0	8	0	0	2.5	71.1	139	615.8	2615.2	170.1	34.9	19.9	8.1
3640	34	80	1857	513	217	1571	3498	9654	2109	594249	594249	0	0	594249	594249	0	12	0	12	0	0	5.7	312.5	264.4	588.6	1624.6	354.9	13.5	86.3	36.5
3660	19	168.1783784	193	42	312	1424.696314	3789.248649	11345.79902	934.1783784	498863	498863	0	0	498863	498863	0	28	0	28	0	0	3.8	38.7	285.6	759.6	2274.3	187.3	33.7	8.4	62.5
3680	8.196394289	46.58277612	80.35435574	18	22	282.6453874	872.4996109	2876.888045	152.0828335	221607	205334	8814	7459	221607	205334	0	54	0	42	6	6	3.7	36.3	127.5	393.7	1298.2	68.6	21	8.8	10.7
3700	5.072424137	36.8547954	91.62573128	27	34	186.0607567	1521.485732	2204.93726	143.3867813	92693	89220	2085	1388	92693	89220	0	7	0	5	1	1	5.5	98.8	200.7	1641.4	2378.8	154.7	39.8	30.3	38.1
3710	7	75	71	20	23	521	1454.714286	5695	514	172779	172779	0	0	172779	172779	0	17	0	17	0	0	4.1	41.1	301.5	842	3296.1	297.5	43.4	11.6	13.3
3720	12.08588692	288.5536843	485.1736009	138.9964899	350.0317516	1628.141485	4515.105164	12204.78055	880.6696731	456852	449126	4184	3542	456852	449126	0	28	0	22	3	3	2.6	106.2	356.4	988.3	2671.5	192.8	63.2	30.9	77.9
3740	1	0	96	0	0	134	371	868	50	111486	26489	0	0	0	0	84997	11	10	1	0	0	3.8	362.4	505.9	1400.6	3276.8	188.8			
3760	177.6752015	706.1305198	3064.368455	1453	2648	7295.956687	16414.3794	49194.65243	9054.527654	1941799	1752206	189317	276	1941799	1742497	0	124	0	109	12	3	9.2	157.8	375.7	845.3	2533.5	466.3	36.4	83.4	152
3800	4	50	139	54	10	207	853	3262	260	164500	164500	0	0	164500	164500	0	5	0	5	0	0	2.4	84.5	125.8	518.5	1983	158.1	30.4	32.8	6.1
3810	16.0396168	145.262266	381.3335593	195.6629842	161.3259683	944.0123497	3364.82762	7747.769844	511.3625704	353937	352805	0	1132	353937	352805	0	13	0	12	0	1	4.5	107.7	266.7	950.7	2189	144.5	41	55.5	45.7
3840	42	281	949	472	734.9831247	2598.070957	8580.344818	19446.63172	2377.548507	777844	777844	0	0	777844	777844	0	23	0	23	0	0	5.4	122	334	1103.1	2500.1	305.7	36.1	60.7	94.5
3850	3.000780553	24	68.00312221	29.00156111	26	184.0007806	857.146744	2662.355152	126.0210749	99575	99575	0	0	99575	99575	0	5	0	5	0	0	3	68.3	184.8	860.8	2673.7	126.6	24.1	29.1	26.1
3870	1.080473511	20.01564763	38.78751302	12	3	210.3574074	534.7730901	2789.423031	137.2991613	131303	125039	0	6264	131303	125039	0	13	0	11	0	2	0.8	29.5	160.2	407.3	2124.4	104.6	15.2	9.6	2.4
3880	30.2940683	143.7267033	523.1102122	96	272	2162.904536	3430.071039	10507.23668	1052.06807	413035	354459	7854	50722	413035	320505	0	22	0	12	2	8	7.3	126.7	523.7	830.5	2543.9	254.7	34.8	30	84.9
3920	4.92059066	47.43219858	81.60549651	22	11	364.8152588	1290.610912	4498.35419	348.7964731	198866	182609	0	16257	198866	182609	0	6	0	5	0	1	2.5	41	183.4	649	2262	175.4	23.9	12	6
3960	16.4	95.4	217.8	80	86	716.4	2728.6	4610.8	540.6	185688	102993	82695	0	185688	102993	0	7	0	6	1	0	8.8	117.3	385.8	1469.5	2483.1	291.1	51.4	77.7	83.5
3980	44.16406321	165.1036381	708.8603459	328	422	1935.540349	6669.036198	15370.73597	1644.963244	579765	576607	0	3158	579765	576607	0	12	0	11	0	1	7.6	122.3	333.8	1150.3	2651.2	283.7	28.5	56.9	73.2
4000	8.308533085	120.2632339	357.2118373	123.9979633	66	478.4112073	1898.869211	8136.191825	530.6759883	501669	476892	13059	11718	501669	476892	0	42	0	40	1	1	1.7	71.2	95.4	378.5	1621.8	105.8	24	26	13.8
4040	13.38598191	224.8554487	376.3018254	120	174.9985663	1328.973727	2917.278246	8519.936817	617.3515083	453640	437722	0	15918	453640	437722	0	26	0	21	0	5	3	83	293	643.1	1878.1	136.1	49.6	27.4	40
4080	11	82	322	82	280	1021	2238	10745	1767	238490	238490	0	0	238490	238490	0	2	0	2	0	0	4.6	135	428.1	938.4	4505.4	740.9	34.4	34.4	117.4
4100	9	68	93	36	201	695	1418	4526	448	201390	201390	0	0	201390	201390	0	5	0	5	0	0	4.5	46.2	345.1	704.1	2247.4	222.5	33.8	17.9	99.8
4120	148	955	5834	2504	1738	9343	21152	40792	14587	2113080	2113080	0	0	2113080	2113080	0	11	0	11	0	0	7	276.1	442.2	1001	1930.5	690.3	45.2	118.5	82.2
4150	4	50	79	19	44	328	967	4246	226	115531	115531	0	0	115531	115531	0	4	0	4	0	0	3.5	68.4	283.9	837	3675.2	195.6	43.3	16.4	38.1
4200	6	80	203	93	117	725	1528	2659	238	113817	113817	0	0	113817	113817	0	2	0	2	0	0	5.3	178.4	637	1342.5	2336.2	209.1	70.3	81.7	102.8
4243	2	36	47	7	6	74	493	1873	102	106715	106715	0	0	106715	106715	0	7	0	7	0	0	1.9	44	69.3	462	1755.1	95.6	33.7	6.6	5.6
4280	19	204.1818182	661.7272727	265	248	1357.727273	4151	12888.27273	926.5454545	534841	513422	21419	0	534841	513422	0	18	0	17	1	0	3.6	123.7	253.9	776.1	2409.7	173.2	38.2	51.6	48.3
4320	2.596309006	95.15183503	204.8774599	76.56893725	81.95393909	325.0756625	1579.590994	4129.322374	285.8217852	151260	119877	10258	21125	151260	119877	0	19	0	10	3	6	1.7	135.4	214.9	1044.3	2730	189	62.9	63.9	68.4
4360	6	116	217	67	65	969	1690	8805	360	278910	278910	0	0	278910	278910	0	2	0	2	0	0	2.2	77.8	347.4	605.9	3156.9	129.1	41.6	24	23.3
4400	64	358	1319.090909	747	1020	3055.181818	9717.524419	23550.22364	2463.083897	645351	644786	565	0	645351	644786	0	24	0	23	1	0	9.9	204.4	473.4	1505.8	3649.2	381.7	55.5	115.9	158.2
4420	17.04143665	92.98356361	305.1872003	129.1247525	191.249505	920.255349	2557.363209	6570.854581	775.2232529	219817	218633	0	1184	219817	218633	0	15	0	14	0	1	7.8	138.8	418.6	1163.4	2989.2	352.7	42.3	59.1	87.5
4480	806	2173	26731	8660	8186	30078	54532	148579	56571	9872263	9872263	0	0	9872263	9872263	0	89	0	89	0	0	8.2	270.8	304.7	552.4	1505	573	22	87.7	82.9
4520	75.79227866	335.0079214	2135.04264	907	752	2684.973752	10241.37757	29687.83089	3651.451812	1084512	1024119	35394	24999	1084512	1024119	0	36	0	29	3	4	7	196.9	247.6	944.3	2737.4	336.7	30.9	88.6	73.4
4600	8	107	312.4938092	67.24690459	269	1829.493809	3580.975237	9387.913328	679.4938092	263223	263223	0	0	263223	263223	0	9	0	9	0	0	3	118.7	695	1360.4	3566.5	258.1	40.6	25.5	102.2
4640	8	76	126	70	60	337	828	4152	328	230377	230377	0	0	230377	230377	0	8	0	8	0	0	3.5	54.7	146.3	359.4	1802.3	142.4	33	30.4	26
4680	37.80958476	90.92373485	597.6135279	328	412	1077.372548	4292.20057	12337.24161	1501.852634	350678	272176	78337	165	350678	272176	0	17	0	11	5	1	10.8	170.4	307.2	1224	3518.1	428.3	25.9	120.5	151.4
4720	13.0081424	91.80479452	450	197	49	684.0162848	2975.065139	10558.80249	724.6258738	482877	482877	0	0	482877	482877	0	22	0	22	0	0	2.7	93.2	141.7	616.1	2186.6	150.1	19	40.8	10.1
4800	3.34499828	66.81769687	117.8670028	36	21	130.5663638	1708.176594	4522.217021	190.720137	169231	150203	6806	12222	169231	150203	0	14	0	9	4	1	2	69.6	77.2	1009.4	2672.2	112.7	39.5	24	14
4880	51.05085089	176.5168794	668.1130695	259	270	1733.728856	7438.768738	23390.21455	2864.154848	729820	728367	0	1453	729820	728367	0	19	0	18	0	1	7	91.5	237.6	1019.3	3204.9	392.4	24.2	35.6	37.1
4890	2	77	73	21	40	333	750	4551	247	201601	201601	0	0	201601	201601	0	10	0	10	0	0	1	36.2	165.2	372	2257.4	122.5	38.2	10.4	19.8
4900	22	179	663	235	590	2826	4935	12445	1268	537212	537212	0	0	537212	537212	0	13	0	13	0	0	4.1	123.4	526	918.6	2316.6	236	33.3	43.7	109.8
4920	160	507	5215	3373	3586	9455	20621	44841	6636	1216059	1216059	0	0	1216059	1216059	0	29	0	29	0	0	13.2	428.8	777.5	1695.7	3687.4	545.7	41.7	277.4	294.9
4940	21	70	267	73	92	1183	2267	5658	1098	248898	248898	0	0	248898	248898	0	7	0	7	0	0	8.4	107.3	475.3	910.8	2273.2	441.1	28.1	29.3	37
5000	207	620	7406	3470	2607	12363	23688	81303	14839	2213429	2213429	0	0	2213429	2213429	0	32	0	32	0	0	9.4	334.6	558.5	1070.2	3673.2	670.4	28	156.8	117.8
5015	19	104	752.3636364	196	111	1017.363636	4170.272727	16140.68182	1411.045455	1244988	1244033	955	0	1244988	1244033	0	62	0	61	1	0	1.5	60.4	81.7	335	1296.5	113.3	8.4	15.8	8.9
5080	76	311	3680.972953	2133.986727	1807	4432.944906	9367.757078	42575.51172	7469.907586	1548830	1548830	0	0	1548830	1548830	0	55	0	55	0	0	4.9	237.7	286.2	604.8	2748.9	482.3	20.1	137.8	116.7
5120	86.5874926	527.1142347	3771.327568	1238.03743	1022.07486	5526.374001	18596.70403	79074.65156	7848.953838	3225227	3138900	40597	45730	3225227	3138900	0	119	0	115	3	1	2.7	116.9	171.3	576.6	2451.8	243.4	16.3	39.4	32.6
5140	4	33	29	4	33	254	377	2757	169	107119	107119	0	0	107119	107119	0	2	0	2	0	0	3.7	27.1	237.1	351.9	2573.8	157.8	30.8	3.7	30.8
5160	72.92706114	142.4480155	1306.652509	219	144	915.0560892	6325.13089	16767.90872	2017.07542	582175	540610	714	40851	582175	289569	0	24	0	18	1	5	12.5	224.4	157.2	1086.5	2880.2	346.5	24.5	75.6	49.7
5170	31	141	810	290	288	1847	5646	13583	3949	516995	516995	0	0	516995	516995	0	10	0	10	0	0	6	156.7	357.3	1092.1	2627.3	763.8	27.3	56.1	55.7
5190	11	123	741	165	113	1263	4806	19753	877	1212473	1212473	0	0	1212473	1212473	0	82	0	82	0	0	0.9	61.1	104.2	396.4	1629.1	72.3	10.1	13.6	9.3
5200	11.21024711	28.75894078	185.3357498	66	87	550.8481052	2407.529507	5957.019846	342.0613145	150638	148552	0	2086	150638	148552	0	5	0	4	0	1	7.4	123	365.7	1598.2	3954.5	227.1	19.1	44.4	58.6
5240	27.8723314	96.10829917	547.6343843	50.76205288	59.66718507	544.2221123	4644.738301	11341.20854	1189.794854	356677	337986	18691	0	356677	133588	0	13	0	12	1	0	7.8	153.5	152.6	1302.2	3179.7	333.6	26.9	38	44.7
5280	1	39	85.00255661	47.00255661	3	264.0076698	684.0204529	2629.125274	192.0025566	114943	114943	0	0	114943	114943	0	3	0	3	0	0	0.9	74	229.7	595.1	2287.3	167	33.9	40.9	2.6
5330	17	100	463	237	414	1575	3563	11482	1631	258448	258448	0	0	258448	258448	0	8	0	8	0	0	6.6	179.1	609.4	1378.6	4442.7	631.1	38.7	91.7	160.2
5345	8	56	234	52	82	876	1360	4502	321	320551	320551	0	0	320551	320551	0	3	0	3	0	0	2.5	73	273.3	424.3	1404.5	100.1	17.5	16.2	25.6
5360	98	522.5843899	2855.389593	1773.597398	2483.792195	8294.701136	11366.29853	39305.19381	3596.973983	1463113	1463113	0	0	1463113	1463113	0	42	0	42	0	0	6.7	195.2	566.9	776.9	2686.4	245.8	35.7	121.2	169.8
5380	70.03137521	186.2281833	2097.291454	631	307	2509.387368	7376.338426	38838.57489	3539.362128	2877560	2856473	19608	1479	2877560	2856473	0	39	0	37	1	1	2.4	72.9	87.2	256.3	1349.7	123	6.5	22.1	10.7
5483	67	309	2606	978	561	3550	7446	33811	4903	1672745	1672745	0	0	1672745	1672745	0	43	0	43	0	0	4	155.8	212.2	445.1	2021.3	293.1	18.5	58.5	33.5
5523	6	57	92	22	27	353	707	2649	185	142186	142186	0	0	142186	142186	0	7	0	7	0	0	4.2	64.7	248.3	497.2	1863.1	130.1	40.1	15.5	19
5560	257.3516549	260.2693885	2060.579305	1336	1459	4564.162051	11750.71786	27506.13147	5888.465449	1135779	1132290	0	3489	1135779	1132290	0	19	0	18	0	1	22.7	181.4	401.9	1034.6	2421.8	518.5	22.9	118	128.9
5600	552	1004	23436	235	107	26460	23002.66667	133463	13450	9697353	9695352	2001	0	9697353	1350277	0	57	0	56	1	0	5.7	241.7	272.9	237.2	1376.3	138.7	10.4	17.4	7.9
5640	134	263	4192.090909	1744	787	3716.909091	9565.181818	28811.90909	8699.272727	2043964	2043964	0	0	2043964	2043964	0	109	0	109	0	0	6.6	205.1	181.8	468	1409.6	425.6	12.9	85.3	38.5
5660	13	84.18181818	344.3636364	81	51	705.7272727	1607.272727	7160.090909	374.4545455	441869	409414	32455	0	441869	409414	0	36	0	33	3	0	2.9	77.9	159.7	363.7	1620.4	84.7	19.1	19.8	12.5
5720	106	488	3221	2131	996	3304	9763	44024	3833	1656314	1656314	0	0	1656314	1656314	0	16	0	16	0	0	6.4	194.5	199.5	589.4	2658	231.4	29.5	128.7	60.1
5775	223	766	8041	3815	2166	8345	19166	52809	22219	2481921	2481921	0	0	2481921	2481921	0	36	0	36	0	0	9	324	336.2	772.2	2127.7	895.2	30.9	153.7	87.3
5790	22	165	312	166	257	1577	2365	5469	504	329862	329862	0	0	329862	329862	0	4	0	4	0	0	6.7	94.6	478.1	717	1658	152.8	50	50.3	77.9
5800	13.98831022	74.80711858	187.7252901	66.90648174	223.7749717	1017.251854	2260.556835	6573.717265	560.5382536	258580	258580	0	0	258580	258580	0	5	0	5	0	0	5.4	72.6	393.4	874.2	2542.2	216.8	28.9	25.9	86.5
5880	74	536.8260278	1865.167763	950	1016.167763	4647.807401	14169.96833	33319.59419	5250.868871	1192545	1192545	0	0	1192545	1192545	0	42	0	42	0	0	6.2	156.4	389.7	1188.2	2794	440.3	45	79.7	85.2
5910	4	88	112	33	39	425	1714	6087	471	242881	242881	0	0	242881	242881	0	8	0	8	0	0	1.6	46.1	175	705.7	2506.2	193.9	36.2	13.6	16.1
5920	50.02251599	305.3706478	1045.16454	534	411	2051.188151	5069.806934	20091.85737	3538.110211	787403	786565	0	838	787403	786565	0	16	0	15	0	1	6.4	132.7	260.5	643.9	2551.7	449.3	38.8	67.9	52.3
5945	72	430	3034	940	577	4101	11583	44758	7364	3000164	3000164	0	0	3000164	3000164	0	35	0	35	0	0	2.4	101.1	136.7	386.1	1491.9	245.5	14.3	31.3	19.2
5960	163	799	4934	2664	2222	11014	24987	58805	8288	2060706	2060706	0	0	2060706	2060706	0	36	0	36	0	0	7.9	239.4	534.5	1212.5	2853.6	402.2	38.8	129.3	107.8
5990	2	19	20	4	10	92	370	1279	79	94065	94065	0	0	94065	94065	0	2	0	2	0	0	2.1	21.3	97.8	393.3	1359.7	84	20.2	4.3	10.6
6015	11	94	172	72	107	799	1615	4747	363	164007	164007	0	0	164007	164007	0	7	0	7	0	0	6.7	104.9	487.2	984.7	2894.4	221.3	57.3	43.9	65.2
6020	6.04231324	56.56220848	34.40289712	10	18	113.5937987	715.0581881	2572.415704	149.5364983	147300	145801	0	1499	147300	145801	0	10	0	8	0	2	4.1	23.4	77.1	485.4	1746.4	101.5	38.4	6.9	12.3
6080	24	178	718	368	442	2087	3511	10009	960	453297	453297	0	0	453297	453297	0	5	0	5	0	0	5.3	158.4	460.4	774.5	2208	211.8	39.3	81.2	97.5
6120	6	0	340	0	0	661	1651	4729	414	352480	209334	0	0	0	0	143146	30	25	5	0	0	2.9	162.4	315.8	788.7	2259.1	197.8			
6160	482.032658	1715.014047	13391.60556	5666	3679	16554.69701	28239.22921	107374.1394	14961.43119	5205654	5100618	90307	14729	5205654	5100618	0	282	0	269	9	4	9.3	257.3	318	542.5	2062.6	287.4	32.9	111.1	72.1
6200	281.2140668	1042.999303	7505.108014	4037.866991	3235.920194	10676.39821	39734.15109	115645.0124	26969.35507	4283537	4280488	0	3049	4283537	4280488	0	28	0	27	0	1	6.6	175.2	249.2	927.6	2699.8	629.6	24.3	94.3	75.6
6240	20.05823151	84.88728506	259.3071442	147	209	569.873058	1917.651955	3101.56564	520.1230893	78308	76017	1175	1116	78308	76017	0	5	0	3	1	1	25.6	331.1	727.7	2448.9	3960.7	664.2	108.4	193.4	274.9
6280	123.4797058	468.4985347	2820.80744	1197.166332	1025.332664	5209.549069	10118.42157	36255.03551	3353.871089	2277096	2188227	57990	30879	2277096	2188227	0	261	0	224	20	17	5.4	123.9	228.8	444.4	1592.2	147.3	20.6	54.7	46.9
6323	3.068973638	77.19050388	26.9101206	6	31	414.2593555	1025.353008	1829.015801	132.3830138	129918	124995	0	4923	129918	124995	0	19	0	17	0	2	2.4	20.7	318.9	789.2	1407.8	101.9	59.4	4.8	24.8
6340	1	43	15	6	27	179	329	1951	83	80477	80477	0	0	80477	80477	0	4	0	4	0	0	1.2	18.6	222.4	408.8	2424.3	103.1	53.4	7.5	33.5
6403	6	86	153	18	9	211	1388	5611	282	275332	275332	0	0	275332	275332	0	14	0	14	0	0	2.2	55.6	76.6	504.1	2037.9	102.4	31.2	6.5	3.3
6440	45.39294675	815.6159663	1983.551045	453	419	3621.809515	10903.00297	52984.03005	7992.673572	2197008	2160201	11866	24941	2197008	2160201	0	55	0	51	2	2	2.1	90.3	164.9	496.3	2411.6	363.8	37.1	21	19.4
6483	29	249	856	211	288	1310	5289	19128	3077	968982	968982	0	0	968982	968982	0	33	0	33	0	0	3	88.3	135.2	545.8	1974	317.5	25.7	21.8	29.7
6520	3	133.1199793	67.05998966	16	27.01999655	263.3599379	1766.57921	9790.677642	529.3197725	506288	496041	10247	0	506288	496041	0	16	0	15	1	0	0.6	13.2	52	348.9	1933.8	104.5	26.3	3.2	5.4
6560	8	18	156	1	3	431	1690	5237	646	156301	52284	104017	0	156301	52284	0	2	0	1	1	0	5.1	99.8	275.7	1081.2	3350.6	413.3	11.5	1.9	5.7
6580	3	15	72	19	63	440	1274	3506	227	152292	152292	0	0	152292	152292	0	2	0	2	0	0	2	47.3	288.9	836.6	2302.2	149.1	9.8	12.5	41.4
6600	10	25	331	129	59	276	1644	4181	310	195756	195756	0	0	195756	195756	0	7	0	7	0	0	5.1	169.1	141	839.8	2135.8	158.4	12.8	65.9	30.1
6640	86.77202539	324.6467664	2562.857445	1480.12303	787.112303	2978.071573	13236.25992	33005.18815	3301.744307	1536232	1419137	92245	24850	1536232	1419137	0	43	0	35	4	4	5.6	166.8	193.9	861.6	2148.5	214.9	21.1	104.3	55.5
6660	3	139	53	7	21	274	512	2369	162	97495	97495	0	0	97495	97495	0	3	0	3	0	0	3.1	54.4	281	525.2	2429.9	166.2	142.6	7.2	21.5
6680	16.38158078	65	561.146779	244.146779	142	698.9605502	2142.365511	6959.109255	1193.400887	405335	405335	0	0	405335	405335	0	41	0	41	0	0	4	138.4	172.4	528.5	1716.9	294.4	16	60.2	35
6690	4	133	104	19	58	933	1433	3134	446	180598	180598	0	0	180598	180598	0	3	0	3	0	0	2.2	57.6	516.6	793.5	1735.3	247	73.6	10.5	32.1
6720	15	141	631	188	178	1419	3477	10232	1454	407997	407997	0	0	407997	407997	0	3	0	3	0	0	3.7	154.7	347.8	852.2	2507.9	356.4	34.6	46.1	43.6
6740	2	95	107	27	42	392	1423	4302	458	234413	234413	0	0	234413	234413	0	8	0	8	0	0	0.9	45.6	167.2	607	1835.2	195.4	40.5	11.5	17.9
6760	76	241	1850	1130	483	1943.2	6712	23927	2816.4	1105553	1105553	0	0	1105553	1105553	0	14	0	14	0	0	6.9	167.3	175.8	607.1	2164.3	254.8	21.8	102.2	43.7
6780	209	992	6311	1804	1614	11244	33573	73461	21137	4175614	4175614	0	0	4175614	4175614	0	50	0	50	0	0	5	151.1	269.3	804	1759.3	506.2	23.8	43.2	38.7
6800	15	75	244	111	88	612	1411	5896	425	239927	239927	0	0	239927	239927	0	5	0	5	0	0	6.3	101.7	255.1	588.1	2457.4	177.1	31.3	46.3	36.7
6820	4	0	67	9	18	152	646	2390	225	141350	141350	0	0	141350	141350	0	2	0	2	0	0	2.8	47.4	107.5	457	1690.8	159.2	0	6.4	12.7
6840	51.0694964	235.5518052	1351.860584	529	359	1833.427175	5750.225184	21308.93926	1889.017127	1087034	1080441	3317	3276	1087034	1080441	0	42	0	38	2	2	4.7	124.4	168.7	529	1960.3	173.8	21.7	49	33.2
6880	24	0	619	260	760	1677	3809	8684	909	411634	305478	0	0	0	157262	106156	20	14	6	0	0	7.9	202.6	549	1246.9	2842.8	297.6		165.3	483.3
6895	19.08210205	40.68923855	404.1000117	35.79875	28.59958333	597.223311	2413.440199	3923.180611	483.9428815	146336	83509	61544	1283	146336	83509	0	14	0	10	3	1	13	276.1	408.1	1649.2	2680.9	330.7	27.8	42.9	34.2
6920	108	523	3590	1326	1133	6290	14788	38172	10403	1921167	1921167	0	0	1921167	1921167	0	15	0	15	0	0	5.6	186.9	327.4	769.7	1986.9	541.5	27.2	69	59
6960	23	218	459	207	853	2119.090909	3275.181818	6856.883117	589.1818182	388055	382171	5884	0	388055	382171	0	25	0	22	3	0	5.9	118.3	546.1	844	1767	151.8	56.2	54.2	223.2
6980	1	0	67	17	13	252.3333333	642.6666667	4368	188.6666667	193673	187431	6242	0	193673	187431	0	19	0	18	1	0	0.5	34.6	130.3	331.8	2255.3	97.4	0	9.1	6.9
7000	3	14	91	29	25	289.0180556	918.0902778	2980.361111	241	103275	103275	0	0	103275	103275	0	6	0	6	0	0	2.9	88.1	279.9	889	2885.8	233.4	13.6	28.1	24.2
7040	233.2043728	571.8767626	3880.707727	2084	2958	8290.25381	17503.5609	59393.10356	10139.391	2723508	2211919	3950	424	2101610	2097236	507215	185	60	121	3	1	10.5	175.1	374.1	789.8	2679.8	457.5	27.2	99.4	141
7080	13	102	217	55	95	630	2390	9968	1224	391860	391860	0	0	391860	391860	0	17	0	17	0	0	3.3	55.4	160.8	609.9	2543.8	312.4	26	14	24.2
7120	36	99	587	200	190	1251	3056	6541	1894	406198	406198	0	0	406198	406198	0	13	0	13	0	0	8.9	144.5	308	752.3	1610.3	466.3	24.4	49.2	46.8
7160	31.00465339	591.9985597	1268.077898	400	483.9800034	2778.005966	9913.398726	49428.49468	5965.406647	1563412	1563041	0	371	1563412	1563041	0	33	0	32	0	1	2	81.1	177.7	634.1	3161.6	381.6	37.9	25.6	31
7200	6	70	66	17	52	252	1133	3465	254	106633	106633	0	0	106633	106633	0	2	0	2	0	0	5.6	61.9	236.3	1062.5	3249.5	238.2	65.6	15.9	48.8
7240	148	608	3055	1440	1827	7498.840801	23652.28644	85008.4751	9109.028715	1886259	1886259	0	0	1886259	1886259	0	38	0	38	0	0	7.8	162	397.6	1253.9	4506.7	482.9	32.2	76.3	96.9
7320	90	845	4018	791	1035	7921	16931	47389	19974	2979368	2979368	0	0	2979368	2979368	0	19	0	19	0	0	3	134.9	265.9	568.3	1590.6	670.4	28.4	26.5	34.7
7360	121	350	5029	1258	521	4022	9442	40940	8834	1748400	1748400	0	0	1748400	1748400	0	32	0	32	0	0	6.9	287.6	230	540	2341.6	505.3	20	72	29.8
7400	50	352	1698	370	361	3352	6820	28347	7274	1748342	1748342	0	0	1748342	1748342	0	16	0	16	0	0	2.9	97.1	191.7	390.1	1621.4	416.1	20.1	21.2	20.6
7460	4	106	112	30	12	558	1517	4308	345	263017	263017	0	0	263017	263017	0	8	0	8	0	0	1.5	42.6	212.2	576.8	1637.9	131.2	40.3	11.4	4.6
7480	14	136	292	45	66	1211	2035	6561	812	402753	402753	0	0	402753	402753	0	9	0	9	0	0	3.5	72.5	300.7	505.3	1629	201.6	33.8	11.2	16.4
7485	8	77	276	59	62	886	1585	5601	696	250002	250002	0	0	250002	250002	0	5	0	5	0	0	3.2	110.4	354.4	634	2240.4	278.4	30.8	23.6	24.8
7490	14	66.57313746	95.73137461	27.43284365	40.45078699	466.8868835	2445.525813	2172.152781	227.0358867	162802	162802	0	0	162802	162802	0	4	0	4	0	0	8.6	58.8	286.8	1502.1	1334.2	139.5	40.9	16.9	24.8
7500	12	145	274	72	112	1600	2060	5824	815	462650	462650	0	0	462650	462650	0	10	0	10	0	0	2.6	59.2	345.8	445.3	1258.8	176.2	31.3	15.6	24.2
7510	28	192	1154	459	585	3025	7297	20619	1512	691365	691365	0	0	691365	691365	0	11	0	11	0	0	4	166.9	437.5	1055.4	2982.4	218.7	27.8	66.4	84.6
7520	27	57.81818182	895.9090909	554	222	675.0909091	3640.363636	9428.090909	1486.909091	332641	268271	64370	0	332641	268271	0	14	0	10	4	0	8.1	269.3	202.9	1094.4	2834.3	447	17.4	206.5	82.8
7560	24.41898677	131.1500089	325.4205864	81	83	1043.813981	2646.976054	10728.18304	727.8324188	612698	578836	17949	15913	612698	578836	0	99	0	84	5	10	4	53.1	170.4	432	1751	118.8	21.4	14	14.3
7600	73.09491679	868.695916	3488.326275	803.4874403	631.2405562	4253.91573	21958.04456	69811.13452	13296.45872	2645956	2641661	0	4295	2645956	2641661	0	59	0	58	0	1	2.8	131.8	160.8	829.9	2638.4	502.5	32.8	30.4	23.9
7610	5	37	56	23	28	196.0909091	544.0909091	2150.181818	109.5	116340	111553	4787	0	116340	111553	0	16	0	14	2	0	4.3	48.1	168.5	467.7	1848.2	94.1	31.8	20.6	25.1
7620	0	16	29	9	0	73	467	2606	89	114653	114653	0	0	114653	114653	0	6	0	6	0	0	0	25.3	63.7	407.3	2272.9	77.6	14	7.8	0
7640	3	15	47	15	31	270	898	2436	153	119673	119673	0	0	119673	119673	0	9	0	9	0	0	2.5	39.3	225.6	750.4	2035.5	127.8	12.5	12.5	25.9
7680	36.41988948	156.5156986	615.661905	327	743	2883.656379	3521.976954	10933.82966	1233.108071	405846	401680	0	4166	405846	401680	0	14	0	12	0	2	9	151.7	710.5	867.8	2694.1	303.8	38.6	81.4	185
7720	6	43	57	11	25	275.408039	620	2348	184	122614	122614	0	0	122614	122614	0	6	0	6	0	0	4.9	46.5	224.6	505.7	1915	150.1	35.1	9	20.4
7760	5.338284526	158.8861507	48.64631803	12	46	393.1094983	829.4615486	3494.429291	307.1259835	219255	213118	0	6137	219255	213118	0	10	0	7	0	3	2.4	22.2	179.3	378.3	1593.8	140.1	72.5	5.6	21.6
7800	16	98	507	212	156	530	3424	8379	847	265955	265335	620	0	265955	265335	0	6	0	5	1	0	6	190.6	199.3	1287.4	3150.5	318.5	36.8	79.9	58.8
7840	19	136	559	108	102	1203	3654	11707	2231	461536	461536	0	0	461536	461536	0	7	0	7	0	0	4.1	121.1	260.7	791.7	2536.5	483.4	29.5	23.4	22.1
7880	4	0	330	0	0	1308	1754	5051	321	207030	120282	0	0	0	0	86748	18	16	2	0	0	3.3	274.4	1087.4	1458.2	4199.3	266.9			
7920	11	123	320	110	78	1019	2964	14142	1306	378702	378702	0	0	378702	378702	0	24	0	24	0	0	2.9	84.5	269.1	782.7	3734.3	344.9	32.5	29	20.6
8003	18.12040614	278.5327885	785.3528769	241	339	2433.370652	4635.682572	12336.46785	1679.706587	614774	574875	31305	8594	614774	574875	0	40	0	32	2	6	2.9	127.7	395.8	754	2006.7	273.2	45.3	41.9	59
8050	0.076962127	20.5418762	26.41174177	7	7	87.95541861	496.8548013	2053.292117	70.48096561	145722	142799	0	2923	145722	142799	0	7	0	6	0	1	0.1	18.1	60.4	341	1409	48.4	14.1	4.9	4.9
8080	3.265944717	18.65287614	53.7987575	5	14	163.4038556	542.4438689	1824.735276	136.1214764	121534	100659	13496	7379	121534	100659	0	25	0	11	5	9	2.7	44.3	134.5	446.3	1501.4	112	15.3	5	13.9
8120	35	171	2024	741	720	3926	7660	21467	4440	681786	681786	0	0	681786	681786	0	7	0	7	0	0	5.1	296.9	575.8	1123.5	3148.6	651.2	25.1	108.7	105.6
8140	15	25	171	104	173	562	1205	2226	366	104311	103302	1009	0	104311	103302	0	3	0	2	1	0	14.4	163.9	538.8	1155.2	2134	350.9	24	100.7	167.5
8160	31.09183453	176.6678875	552.7800577	124	204	1380.987773	4093.64334	12488.09261	811.9869173	724273	718192	1752	4329	724273	718192	0	32	0	30	1	1	4.3	76.3	190.7	565.2	1724.2	112.1	24.4	17.3	28.4
8200	33.0319289	357.375897	1104.970216	362.5125597	617.7594438	2693.335745	7207.830137	22501.11928	5419.708244	783068	783068	0	0	783068	783068	0	21	0	21	0	0	4.2	141.1	343.9	920.5	2873.5	692.1	45.6	46.3	78.9
8240	15	163	778	495	330	1889	4436	7814	693	307248	307248	0	0	307248	307248	0	8	0	8	0	0	4.9	253.2	614.8	1443.8	2543.2	225.6	53.1	161.1	107.4
8280	153	949	4828	1923	2060	12141	28483	75151	8904	2734761	2734761	0	0	2734761	2734761	0	34	0	34	0	0	5.6	176.5	444	1041.5	2748	325.6	34.7	70.3	75.3
8320	1.590972055	32.00336127	100.8033613	39	7	258.2917325	1509.352768	4485.095201	553.394469	147755	101867	2237	43651	147755	101867	0	7	0	5	1	1	1.1	68.2	174.8	1021.5	3035.5	374.5	21.7	38.3	6.9
8360	5	49	163	70	214	982	1508	3506	345	134769	134769	0	0	134769	134769	0	9	0	9	0	0	3.7	120.9	728.7	1119	2601.5	256	36.4	51.9	158.8
8400	19.94283158	188.5272351	1483.259618	513	376	2264.513323	8176.514914	17672.27397	1840.518733	608978	571949	3628	33401	608978	571949	0	29	0	20	3	6	3.3	243.6	371.9	1342.7	2902	302.2	31	89.7	65.7
8440	10.04193698	49.6239714	282.5578889	121	144	417.0577203	1979.210885	6382.379124	772.4666568	174316	170729	2215	1372	174316	170729	0	5	0	2	2	1	5.8	162.1	239.3	1135.4	3661.4	443.1	28.5	70.9	84.3
8480	24	55	730	254	135	669	1752	5492	862	365688	365688	0	0	365688	365688	0	13	0	13	0	0	6.6	199.6	182.9	479.1	1501.8	235.7	15	69.5	36.9
8520	96	338	1798	862	1286	3009	8479	11265	7576	1010650	1010650	0	0	1010650	1010650	0	6	0	6	0	0	9.5	177.9	297.7	839	1114.6	749.6	33.4	85.3	127.2
8560	68.2	377.981769	1211.613607	610.0053244	935.008874	4451.997058	9322.433433	20038.40367	3048.357567	856691	830244	26447	0	856691	830244	0	41	0	40	1	0	8	141.4	519.7	1088.2	2339	355.8	44.1	73.5	112.6
8600	15	60.16374951	280	159	183.0915038	496.9385003	2462.468265	5768.711281	610.6110013	179939	179939	0	0	179939	179939	0	6	0	6	0	0	8.3	155.6	276.2	1368.5	3205.9	339.3	33.4	88.4	101.8
8640	11.07261913	82.98861376	151.6514166	65.06186441	157.0618644	725.5137085	1567.581822	4927.058296	419.6306091	201817	199742	0	2075	201817	199742	0	8	0	7	0	1	5.5	75.1	359.5	776.7	2441.3	207.9	41.1	32.6	78.6
8680	8.091155689	60.61443561	228.7521155	60	88	570.5361193	1543.633113	5281.770309	230.8604163	294181	287411	2473	4297	294181	287411	0	23	0	20	1	2	2.8	77.8	193.9	524.7	1795.4	78.5	20.6	20.9	30.6
8720	25	162	975	348	228	2024	4679	10453	2902	541012	541012	0	0	541012	541012	0	14	0	14	0	0	4.6	180.2	374.1	864.9	1932.1	536.4	29.9	64.3	42.1
8735	31	124	867	155	151	1115	3279	11459	1361	799817	799817	0	0	799817	799817	0	11	0	11	0	0	3.9	108.4	139.4	410	1432.7	170.2	15.5	19.4	18.9
8750	1	54	69	11	148	400	1024	2775	148	86581	86581	0	0	86581	86581	0	2	0	2	0	0	1.2	79.7	462	1182.7	3205.1	170.9	62.4	12.7	170.9
8760	15	25	350	78	91	614	1495	4096	254	156078	156078	0	0	156078	156078	0	4	0	4	0	0	9.6	224.2	393.4	957.9	2624.3	162.7	16	50	58.3
8780	43	104	469	159	299	1641	3930	10169	2791	426568	426568	0	0	426568	426568	0	9	0	9	0	0	10.1	109.9	384.7	921.3	2383.9	654.3	24.4	37.3	70.1
8800	14	153	293.9987038	126	181	952.9935191	2791.977965	7430.935191	544.9961115	229941	229941	0	0	229941	229941	0	14	0	14	0	0	6.1	127.9	414.5	1214.2	3231.7	237	66.5	54.8	78.7
8840	404	1028	11080.09091	4882	2091	11399.09091	23465.09091	118899.6364	23090	5537170	5536017	1153	0	5537170	5536017	0	74	0	73	1	0	7.3	200.1	205.9	423.8	2147.3	417	18.6	88.2	37.8
8920	2	64	122	40	78	503	1032	2741	218	127624	127624	0	0	127624	127624	0	4	0	4	0	0	1.6	95.6	394.1	808.6	2147.7	170.8	50.1	31.3	61.1
8940	3	35.28041598	34.04005943	13.04005943	4	274.1602377	502.5119765	1772.519016	91.72777128	130393	130393	0	0	130393	130393	0	10	0	10	0	0	2.3	26.1	210.3	385.4	1359.4	70.3	27.1	10	3.1
8960	96	393	2847	1178	1143	5323	13246	36299	4637	1267953	1267953	0	0	1267953	1267953	0	33	0	33	0	0	7.6	224.5	419.8	1044.7	2862.8	365.7	31	92.9	90.1
9000	3.528280309	51.014915	74.44448814	11	16	209.4190065	705.1595105	2165.003875	204.1593475	144612	118295	9931	16386	144612	118295	0	25	0	14	5	6	2.4	51.5	144.8	487.6	1497.1	141.2	35.3	9.3	13.5
9040	32.06137715	352.1132176	515.0361272	227	941.6392501	2722.838273	5128.703459	17864.15163	2130.502445	577320	564210	11102	2008	577320	564210	0	36	0	22	11	3	5.6	89.2	471.6	888.4	3094.3	369	61	40.2	166.9
9080	6	51	212	71	50	350	1761	5305	560	136603	136603	0	0	136603	136603	0	7	0	7	0	0	4.4	155.2	256.2	1289.1	3883.5	409.9	37.3	52	36.6
9140	2	17.2	60	23	14	101	535.8	1777.6	87	116368	114327	2041	0	116368	114327	0	10	0	9	1	0	1.7	51.6	86.8	460.4	1527.6	74.8	14.8	20.1	12.2
9160	51	189	1544	680	686	2813	5078	16329	2176	631028	631028	0	0	631028	631028	0	15	0	15	0	0	8.1	244.7	445.8	804.7	2587.7	344.8	30	107.8	108.7
9200	15.34453423	108.6750526	432.3472313	187	159	702.0937652	3886.336058	8003.535309	897.2548339	298261	287088	5789	5384	298261	287088	0	18	0	12	3	3	5.1	145	235.4	1303	2683.4	300.8	36.4	65.1	55.4
9260	19.06154748	100.0052755	244.0847236	78	153	418.0037424	3051.892168	7370.568085	1810.270538	234618	232534	0	2084	234618	232534	0	13	0	12	0	1	8.1	104	178.2	1300.8	3141.5	771.6	42.6	33.5	65.8
9270	4	66	180	49	14	299	1474	5157	654	198386	198386	0	0	198386	198386	0	5	0	5	0	0	2	90.7	150.7	743	2599.5	329.7	33.3	24.7	7.1
9280	20	95.69090909	500.2	174	91	468.6909091	1638.490909	7573.927273	535	425908	412786	13122	0	425908	412786	0	21	0	19	2	0	4.7	117.4	110	384.7	1778.3	125.6	22.5	42.2	22
9320	42.76245693	142.7939197	626.7504579	238.0164236	216.0027373	932.0474587	5092.05432	11325.21194	1407.971534	558888	514326	17551	27011	558888	465184	0	53	0	39	8	6	7.7	112.1	166.8	911.1	2026.4	251.9	25.5	51.2	46.4
9340	10	53	130	33	66	502	1320	2925	586	166703	166703	0	0	166703	166703	0	5	0	5	0	0	6	78	301.1	791.8	1754.6	351.5	31.8	19.8	39.6
9360	7.910034251	49.30537057	87.35347958	23	104	634.9242732	1368.657889	3521.82756	627.5769585	193476	168731	0	24745	193476	168731	0	5	0	4	0	1	4.1	45.1	328.2	707.4	1820.3	324.4	25.5	13.6	61.6
