msa05	mmurd05	mrape05	mrobt05	mrobg05	massg05	massa05	mburg05	mlarc05	mmoto05	mpop05	mpopcm05	mpopg305	mpopl305	mpoprp05	mpopgn05	mpopna05	mct05	mctna05	mctcm05	mctg305	mctl305	mrmurd05	mrrobt05	mrassa05	mrburg05	mrlarc05	mrmoto05	mrrape05	mrrobg05	mrassg05
0	14756.53165	73265.9237	394242.0996	140085.3863	140063.4034	726930.2851	1755833.547	5612320.896	1128160.792	238918103	223059317	3930312	4724110	228020956	206571969	7204364	7624	497	6124	386	617	6.4	170.1	313.7	757.8	2422.1	486.9	32.1	67.8	67.8
40	6	80	151	49	126	369	1665	3906	330	132986	132986	0	0	132986	132986	0	5	0	5	0	0	4.5	113.5	277.5	1252	2937.2	248.1	60.2	36.8	94.7
80	40.65422958	357.7052845	830.3482749	223.9990518	125	690.3418133	6081.290638	17827.42529	2158.381589	702386	678637	504	23245	702386	678637	0	32	0	28	1	3	5.8	118.2	98.3	865.8	2538.1	307.3	50.9	33	18.4
120	8	45.27272727	226.7272727	93	72	291.9090909	2031.036364	3822.8	379.9090909	129053	105386	23667	0	129053	105386	0	5	0	2	3	0	6.2	175.7	226.2	1573.8	2962.2	294.4	35.1	88.2	68.3
160	26.0827374	231.7247796	914.4104357	240	236	2079.183793	4679.7441	17326.23944	1363.686246	895834	888621	3362	3851	895834	888621	0	42	0	39	1	2	2.9	102.1	232.1	522.4	1934.1	152.2	25.9	27	26.6
200	75	372.3333333	1323.666667	682	1019	4631.333333	8447.666667	24780.51515	5034.666667	774664	766990	7674	0	774664	766990	0	14	0	12	2	0	9.7	170.9	597.9	1090.5	3198.9	649.9	48.1	88.9	132.9
220	10.69466164	52.58320322	171.19053	73	259	1191.88955	1794.489731	4518.712995	471.3148328	128236	59859	59757	8620	128236	59859	0	9	0	2	2	5	8.3	133.5	929.5	1399.4	3523.7	367.5	41	122	432.7
240	31.61701764	146.041621	845.0121988	280.4116561	149	1218.243801	3207.078153	14246.1122	1227.304303	671057	581551	40435	49071	671057	581551	0	55	0	39	9	7	4.7	125.9	181.5	477.9	2122.9	182.9	21.8	48.2	25.6
280	7.347814824	42.29657635	97.33213262	28	32	196.0948674	774.3487813	2228.685932	151.596901	127708	112438	4715	10555	127708	112438	0	13	0	9	1	3	5.8	76.2	153.5	606.3	1745.1	118.7	33.1	24.9	28.5
320	11	94	352	115	297	1154	2797	8879	1130	231214	231214	0	0	231214	231214	0	5	0	5	0	0	4.8	152.2	499.1	1209.7	3840.2	488.7	40.7	49.7	128.5
380	16	228	397	137	306	1557	1882	9165	1423	291624	291624	0	0	291624	291624	0	4	0	4	0	0	5.5	136.1	533.9	645.4	3142.7	488	78.2	47	104.9
440	9.109833045	248.6597847	308.0522834	110	165	1013.944569	3343.701898	10484.85262	1258.450955	619001	608760	6600	3641	619001	608760	0	28	0	26	1	1	1.5	49.8	163.8	540.2	1693.8	203.3	40.2	18.1	27.1
450	6.563579743	39.82459783	191.7632859	90	170.0182292	443.2245241	1484.27065	3703.698103	305.4977712	113111	91094	0	22017	113111	91094	0	10	0	7	0	3	5.8	169.5	391.8	1312.2	3274.4	270.1	35.2	98.8	186.6
460	3.213769656	66.00637207	42	11	16.47301262	433.086086	1333.657531	6372.315497	272.674436	373945	366095	7850	0	373945	366095	0	24	0	21	3	0	0.9	11.2	115.8	356.6	1704.1	72.9	17.7	3	4.5
480	8.106685534	36.84542717	263.6640139	110	64	341.9937268	2192.974907	5462.131819	946.8123011	239549	234049	4151	1349	239549	234049	0	11	0	7	2	2	3.4	110.1	142.8	915.5	2280.2	395.2	15.4	47	27.3
500	5.031967428	44.33462249	149.0568432	56	39	261.1397863	1247.668776	5459.385347	463.5214691	164615	135738	28361	516	164615	135738	0	8	0	5	2	1	3.1	90.5	158.6	757.9	3316.5	281.6	26.9	41.3	28.7
520	329.5449033	1068.242976	9453.292751	4643	2675	12840.5109	44363.66576	121487.9654	28757.68828	4685328	4281677	325685	77966	4685328	3448611	0	108	0	67	26	15	7	201.8	274.1	946.9	2592.9	613.8	22.8	134.6	77.6
560	18	98	638	188	121	946	2754	11901	617	370260	370260	0	0	370260	370260	0	33	0	33	0	0	4.9	172.3	255.5	743.8	3214.2	166.6	26.5	50.8	32.7
580	6.158012669	42.88995641	115.3110011	79	109	322.2232641	1204.555396	3830.24204	244.4022374	121450	119225	0	2225	121450	119225	0	5	0	4	0	1	5.1	94.9	265.3	991.8	3153.8	201.2	35.3	66.3	91.4
600	24.11566509	252.6437882	772.3693425	74	133	715.255918	4556.153434	15657.1255	2562.802191	503255	494414	6974	1867	503255	297819	0	20	0	18	1	1	4.8	153.5	142.1	905.3	3111.2	509.2	50.2	24.8	44.7
640	42	502.5300292	1387	438	574.5300292	3037.240233	11242.24023	44656.7207	3455.530029	1435502	1435502	0	0	1435502	1435502	0	40	0	40	0	0	2.9	96.6	211.6	783.2	3110.9	240.7	35	30.5	40
680	69	205	952	266	463	2673	8472	19612	5895	739726	739726	0	0	739726	739726	0	10	0	10	0	0	9.3	128.7	361.4	1145.3	2651.3	796.9	27.7	36	62.6
720	338	545	7077	1335	841	14302	18067	62167	11979	2659312	2659312	0	0	2659312	2018215	0	17	0	17	0	0	12.7	266.1	537.8	679.4	2337.7	450.5	20.5	66.1	41.7
733	0	15	33	4	3	75	780	3326	138	148674	148674	0	0	148674	148674	0	13	0	13	0	0	0	22.2	50.4	524.6	2237.1	92.8	10.1	2.7	2
743	3.080861925	73.65223675	71.6646175	21	48	933.7491656	1855.857207	3172.669888	314.164561	228050	205264	17180	5606	228050	205264	0	15	0	12	2	1	1.4	31.4	409.4	813.8	1391.2	137.8	32.3	10.2	23.4
760	77.27231901	190.5751786	1362.211438	812	859	3011.648389	7087.635318	22144.70839	2650.873748	628422	624534	0	3888	628422	624534	0	15	0	12	0	3	12.3	216.8	479.2	1127.8	3523.9	421.8	30.3	130	137.5
840	30	176	561	188	252	1365	4850	11415	1284	389750	389750	0	0	389750	389750	0	18	0	18	0	0	7.7	143.9	350.2	1244.4	2928.8	329.4	45.2	48.2	64.7
860	5	72	82	24	28	260	1754	7174	596	182606	182606	0	0	182606	182606	0	9	0	9	0	0	2.7	44.9	142.4	960.5	3928.7	326.4	39.4	13.1	15.3
870	5.077646322	110.1627818	82.13736335	14.99772842	53.99469965	600.2809819	907.4222395	3975.730203	302.0115525	163258	158880	1804	2574	163258	158880	0	19	0	15	1	3	3.1	50.3	367.7	555.8	2435.2	185	67.5	9.4	34
875	36	107	1418	323	186	1969	4456	16673	2876	1406498	1406498	0	0	1406498	1406498	0	86	0	86	0	0	2.6	100.8	140	316.8	1185.4	204.5	7.6	23	13.2
880	5	42	54	12	23	200	783	5391	418	135994	135994	0	0	135994	135994	0	3	0	3	0	0	3.7	39.7	147.1	575.8	3964.1	307.4	30.9	8.8	16.9
920	32.48894871	208.2604979	376.1305357	107	88	511.7298429	4668.710103	10618.29148	1455.072461	376095	280992	64392	30711	376095	280992	0	12	0	8	3	1	8.6	100	136.1	1241.4	2823.3	386.9	55.4	38.1	31.3
960	8	61	98.9842233	14	18	268.476335	863.476335	5189	127	249588	249588	0	0	249588	249588	0	10	0	10	0	0	3.2	39.7	107.6	346	2079	50.9	24.4	5.6	7.2
1000	136.3342098	489.102266	2345.407654	405	337	3358.938761	11855.50513	30996.8896	4071.286245	955196	767435	0	187761	955196	532864	0	59	0	40	0	19	14.3	245.5	351.6	1241.2	3245.1	426.2	51.2	76	63.2
1010	1	22	11	0	4	81	277	1705	195	98280	98280	0	0	98280	98280	0	5	0	5	0	0	1	11.2	82.4	281.8	1734.8	198.4	22.4	0	4.1
1020	2	50	62	27	10	135	810	2848	221	121680	121680	0	0	121680	121680	0	2	0	2	0	0	1.6	51	110.9	665.7	2340.6	181.6	41.1	22.2	8.2
1040	0	0	0	0	0	0	0	0	0	158624	0	0	0	0	0	158624	11	11	0	0	0									
1080	16.0664124	281.032411	151.4075307	53	176	1170.334919	3378.204789	11629.44705	1385.95678	503175	501330	0	1845	503175	501330	0	9	0	8	0	1	3.2	30.1	232.6	671.4	2311.2	275.4	55.9	10.6	35.1
1123	153.1231093	1575.040134	6935.399658	1617	1633	17726.93639	28944.72916	90900.54746	16325.26814	6142602	5819159	158613	164830	6142602	5747500	0	300	0	263	11	26	2.5	112.9	288.6	471.2	1479.8	265.8	25.6	28.1	28.4
1125	3.829984199	98.3022009	85.16916407	10	28	551.2424306	1751.386331	7789.78688	842.7312517	283111	182618	0	100493	283111	182618	0	7	0	4	0	3	1.4	30.1	194.7	618.6	2751.5	297.7	34.7	5.5	15.3
1145	7.945122409	87.13416191	104.792693	30.28659132	55.50610168	339.4085499	1974.024557	4570.238228	373.1158944	275590	275590	0	0	275590	275590	0	17	0	17	0	0	2.9	38	123.2	716.3	1658.3	135.4	31.6	11	20.1
1150	7	211	119	42	68	682	1819	4572	586	242375	242375	0	0	242375	242375	0	5	0	5	0	0	2.9	49.1	281.4	750.5	1886.3	241.8	87.1	17.3	28.1
1240	13	143.4	260.6909091	33	142	1396.490909	3740.8	14297.01818	958.1818182	377941	368104	9837	0	377941	368104	0	12	0	10	2	0	3.4	69	369.5	989.8	3782.9	253.5	37.9	9	38.6
1260	9	91	136	43	95	658	2008	5929	346	158846	158846	0	0	158846	158846	0	3	0	3	0	0	5.7	85.6	414.2	1264.1	3732.5	217.8	57.3	27.1	59.8
1280	66	341	2275	820	688.2982965	3285.491482	7564.772744	23994.90069	3352	1156031	1156031	0	0	1156031	1156031	0	29	0	29	0	0	5.7	196.8	284.2	654.4	2075.6	290	29.5	70.9	59.5
1303	5	74	36	9	21	245.0909091	1433.727273	4858.454545	241.1818182	205030	205030	0	0	205030	205030	0	15	0	15	0	0	2.4	17.6	119.5	699.3	2369.6	117.6	36.1	4.4	10.2
1320	7.266966048	133.0591477	542.4490844	129.9910225	57.99501675	472.2032722	3546.802231	10358.72021	1052.080629	410985	333092	32984	44909	410985	333092	0	24	0	14	4	6	1.8	132	114.9	863	2520.5	256	32.4	39	17.4
1350	2	7	16	0	8	138	687	2497	131	69387	69387	0	0	69387	69387	0	4	0	4	0	0	2.9	23.1	198.9	990.1	3598.7	188.8	10.1	0	11.5
1360	1.126270818	63.54879985	127.3204549	27	27	364.2509111	1359.274493	5812.220382	378.2218355	198055	191464	0	6591	198055	191464	0	5	0	4	0	1	0.6	64.3	183.9	686.3	2934.6	191	32.1	14.1	14.1
1400	0	0	0	0	0	0	0	0	0	185090	0	0	0	0	0	185090	12	12	0	0	0									
1440	41	300	1189	679	767	3458	5306.181818	17647.45455	2957	591358	589513	1845	0	591358	589513	0	24	0	23	1	0	6.9	201.1	584.8	897.3	2984.2	500	50.7	115.2	130.1
1480	17.33139646	45.51495525	187.252477	55.00347222	216	744.9255958	2498.976757	7251.973364	979.3561378	249259	244157	0	5102	249259	244157	0	23	0	18	0	5	7	75.1	298.9	1002.6	2909.4	392.9	18.3	22.5	88.5
1520	129.0124248	604.5441189	4645.025888	3005.41208	2841.41208	7673.872106	21605.79053	51089.92055	9897.962504	1678802	1568825	46325	63652	1678802	1568825	0	45	0	37	5	3	7.7	276.7	457.1	1287	3043.2	589.6	36	191.6	181.1
1540	4	80	100	27	58	328	613	3705	310	168394	168394	0	0	168394	168394	0	4	0	4	0	0	2.4	59.4	194.8	364	2200.2	184.1	47.5	16	34.4
1560	29	182.3298046	547	237	389.3298046	2142.978827	4425.126814	16445.69551	1964.433373	484634	467825	16809	0	484634	467825	0	27	0	25	2	0	6	112.9	442.2	913.1	3393.4	405.3	37.6	50.7	83.2
1580	5	27	22	5	14	99	377	2624	134	85764	85764	0	0	85764	85764	0	3	0	3	0	0	5.8	25.7	115.4	439.6	3059.6	156.2	31.5	5.8	16.3
1600	476	0	16310	0	0	18777	27232	92435	23048	8574647	3311387	0	0	0	0	5263260	308	299	9	0	0	14.4	492.5	567	822.4	2791.4	696			
1620	10	98	166	49	36	478	2235	3756	1344	214382	214382	0	0	214382	214382	0	6	0	6	0	0	4.7	77.4	223	1042.5	1752	626.9	45.7	22.9	16.8
1640	107.3633383	714.4663594	3178.741999	682.4413871	458.9660917	1967.481777	11671.4893	41836.7002	5285.071946	1681284	1202929	233171	245184	1681284	1202929	0	105	0	61	23	21	6.4	189.1	117	694.2	2488.4	314.3	42.5	56.7	38.2
1660	9.015569691	99.27679451	210.6867964	108	262	891.3459133	1849.77549	4807.238709	404.7680249	214815	214024	0	791	214815	214024	0	7	0	6	0	1	4.2	98.1	414.9	861.1	2237.9	188.4	46.2	50.5	122.4
1680	138.2886917	824.6142699	4799.099402	1664.018527	756	3416.894864	16544.43986	40666.32819	9682.363389	2241208	1669067	176162	395979	2241208	1606814	0	105	0	65	8	32	6.2	214.1	152.5	738.2	1814.5	432	36.8	103.6	47
1720	14.01644369	318.3565291	471.3968909	231	288	1938.279092	4557.180299	16832.25338	2191.497589	562260	560612	745	903	562260	560612	0	8	0	6	1	1	2.5	83.8	344.7	810.5	2993.7	389.8	56.6	41.2	51.4
1740	9	25	124	49	66	456	779	3468	266	142489	142489	0	0	142489	142489	0	6	0	6	0	0	6.3	87	320	546.7	2433.9	186.7	17.5	34.4	46.3
1760	44	255.5508716	905.6406973	518.7305229	848.5508716	3066.113661	4839.430808	17559.72295	2313.101743	573348	573348	0	0	573348	573348	0	19	0	19	0	0	7.7	158	534.8	844.1	3062.7	403.4	44.6	90.5	148
1800	25.61586609	41.81079603	504.5806061	359.4260666	300.0651666	644.0253069	3257.767678	10567.06943	1840.919911	278852	203146	24364	51342	278852	203146	0	12	0	5	2	5	9.2	180.9	231	1168.3	3789.5	660.2	15	176.9	147.7
1840	112.976571	844.6605233	4385.563682	2128.974706	763	2170.792405	20773.24716	51052.83885	9718.599927	1615882	1470190	15289	130403	1615882	1467138	0	58	0	44	6	8	7	271.4	134.3	1285.6	3159.4	601.4	52.3	145.1	52
1880	10.88261549	273.7087704	532.3566168	106.8826155	272.530462	1625.478465	4412.153091	19004.96452	1101.896005	392045	392045	0	0	392045	392045	0	16	0	16	0	0	2.8	135.8	414.6	1125.4	4847.6	281.1	69.8	27.3	69.5
1890	1	16.00719813	22.76979485	1.007198128	2.881298362	70.15469228	418.4282212	2447.950828	162.6728226	80383	80383	0	0	80383	80383	0	4	0	4	0	0	1.2	28.3	87.3	520.5	3045.4	202.4	19.9	1.3	3.6
1900	1.108863282	33.49766072	28.12315024	6	24	278.7722579	582.1939006	1850.050659	91.80647204	101601	79941	19984	1676	101601	79941	0	11	0	8	1	2	1.1	27.7	274.4	573	1820.9	90.4	33	7.5	30
1920	285.0073064	1261.842456	8719.520336	4082.328565	4217.406789	13063.2427	42169.2051	119586.8182	23303.6502	3949709	3947708	1525	476	3949709	3947708	0	114	0	112	1	1	7.2	220.8	330.7	1067.7	3027.7	590	31.9	103.4	106.8
1950	11	23	103	66	24	176	454	2036.6	167.2	109683	107118	2565	0	109683	107118	0	5	0	3	2	0	10	93.9	160.5	413.9	1856.8	152.4	21	61.6	22.4
1960	8.058738633	66.18565018	284.5446085	51	92	1107.885494	1742.386678	6270.3697	490.6157105	359884	157719	0	3066	160785	157719	199099	27	22	4	0	1	5	177	689	1083.7	3899.8	305.1	41.2	32.3	58.3
2000	50.09287365	464.0903395	1488.954874	449.0560199	259.0560199	1193.719782	9419.987434	26719.30381	4180.345228	946122	759852	21307	164963	946122	759852	0	45	0	30	5	10	5.3	157.4	126.2	995.6	2824.1	441.8	49.1	59.1	34.1
2020	29.68070887	205.4944982	681.9262967	228	300	2214.938766	4736.219326	12387.20227	1954.008173	560038	545969	0	14069	560038	545969	0	18	0	17	0	1	5.3	121.8	395.5	845.7	2211.9	348.9	36.7	41.8	54.9
2030	2.387113284	28.18029321	80.11158066	28	52	204.6203288	1197.177077	3965.245683	295.6847624	148689	143238	0	5451	148689	143238	0	14	0	11	0	3	1.6	53.9	137.6	805.2	2666.8	198.9	19	19.5	36.3
2040	0	0	0	0	0	0	0	0	0	111414	0	0	0	0	0	111414	7	7	0	0	0									
2080	117	1057.882928	2888.621284	1266.908373	1726.496052	6239.414906	18831.35363	65168.57597	19120.40189	2264777	2264777	0	0	2264777	2264777	0	38	0	38	0	0	5.2	127.5	275.5	831.5	2877.5	844.3	46.7	55.9	76.2
2120	7	158.1818182	334	67	190	1199	4046.454545	15737.27273	1546.181818	487290	484453	2837	0	487290	484453	0	23	0	22	1	0	1.4	68.5	246.1	830.4	3229.5	317.3	32.5	13.8	39.2
2160	461.7478964	1796.302126	9700.879652	5192	5815	21358.55324	33352.14533	82219.86364	36848.33824	4471819	4426380	20646	24793	4471819	4426380	0	130	0	121	6	3	10.3	216.9	477.6	745.8	1838.6	824	40.2	117.3	131.4
2180	10.77280623	76.39751908	199.3551557	105.0718916	89.00898645	270.3108045	1183.043014	4009.634452	305.6354889	142944	132062	0	10882	142944	132062	0	20	0	12	0	8	7.5	139.5	189.1	827.6	2805	213.8	53.4	79.6	67.4
2190	4	78.01486111	99.16833333	25.72277778	137.8911111	697.3466667	788.1634722	3206.847083	288.4752778	140951	140951	0	0	140951	140951	0	10	0	10	0	0	2.8	70.4	494.7	559.2	2275.2	204.7	55.3	18.2	97.8
2200	1	22	10	2	9	338	494.8925844	1487.952698	105.9462922	91366	91366	0	0	91366	91366	0	3	0	3	0	0	1.1	10.9	369.9	541.7	1628.6	116	24.1	2.2	9.9
2240	4	101	138	31	31	337	1970	5647	506	243635	235876	7759	0	243635	235876	0	18	0	16	2	0	1.6	56.6	138.3	808.6	2317.8	207.7	41.5	13.1	13.1
2281	5.106692792	71.02553795	219.5796951	49	45	540.3378556	905.5449956	4161.461648	264.7703525	293815	270467	18382	4966	293815	270467	0	14	0	11	1	2	1.7	74.7	183.9	308.2	1416.4	90.1	24.2	18.1	16.6
2290	1	16	30	7	9	146	591	2757	160	153906	153906	0	0	153906	153906	0	10	0	10	0	0	0.6	19.5	94.9	384	1791.4	104	10.4	4.5	5.8
2320	18	343	477	84	240	2133	2622	17111	2848	724856	724856	0	0	724856	724856	0	6	0	6	0	0	2.5	65.8	294.3	361.7	2360.6	392.9	47.3	11.6	33.1
2330	6	59.86173306	174	78	9	103	1381.032131	5325.870166	509.5391102	192826	192826	0	0	192826	89449	0	4	0	4	0	0	3.1	90.2	53.4	716.2	2762	264.2	31	87.2	10.1
2335	5	28	46	9	8	132.2	421.2	2120	65.2	90113	79216	10897	0	90113	79216	0	6	0	5	1	0	5.5	51	146.7	467.4	2352.6	72.4	31.1	11.4	10.1
2340	0	29	32	12	25	151	813	1884	109	57678	57678	0	0	57678	57678	0	3	0	3	0	0	0	55.5	261.8	1409.5	3266.4	189	50.3	20.8	43.3
2360	8	118.3333333	246.3333333	55	22	364	1251.757576	4172.333333	274.6666667	282886	277808	5078	0	282886	277808	0	12	0	10	2	0	2.8	87.1	128.7	442.5	1474.9	97.1	41.8	19.8	7.9
2400	8	105	190	39	83	528	3560	11864	3054	335881	335881	0	0	335881	335881	0	10	0	10	0	0	2.4	56.6	157.2	1059.9	3532.2	909.3	31.3	11.6	24.7
2440	9.835055019	80.97700773	211.8354278	70	15	471.8799799	1820.258492	7165.405428	447.7920142	302749	237243	17970	47536	302749	237243	0	8	0	5	1	2	3.2	70	155.9	601.2	2366.8	147.9	26.7	29.5	6.3
2520	3	89	26	2	12	164	712	3145	335	182319	182319	0	0	182319	182319	0	6	0	6	0	0	1.6	14.3	90	390.5	1725	183.7	48.8	1.1	6.6
2560	22	81.45454545	622.7272727	82	183	1208.636364	5283.181818	11719.27273	1190.181818	313618	305283	8335	0	313618	177960	0	4	0	3	1	0	7	198.6	385.4	1684.6	3736.8	379.5	26	46.1	102.8
2580	9	211.0909091	86	27	120	725.0909091	1791.272727	9013.454545	683.2727273	357242	354287	2955	0	357242	354287	0	21	0	19	2	0	2.5	24.1	203	501.4	2523.1	191.3	59.1	7.6	33.9
2620	1	77.72439706	74.28739951	4	23.28739951	606.3109927	913.4171618	4918.826285	275.8739951	133317	133317	0	0	133317	74338	0	9	0	9	0	0	0.8	55.7	454.8	685.1	3689.6	206.9	58.3	5.4	31.3
2640	57.01098029	310.1659329	773.3051445	332	869.1643836	2677.145161	5021.06658	10386.61851	2720.470347	444309	443088	857	364	444309	443088	0	25	0	23	1	1	12.8	174	602.5	1130.1	2337.7	612.3	69.8	74.9	196.2
2650	7.94559042	39.32573915	110.8139234	29	61	332.0406674	856.6647919	2878.347693	130.3127153	143207	129892	0	13315	143207	129892	0	13	0	11	0	2	5.5	77.4	231.9	598.2	2009.9	91	27.5	22.3	47
2655	12	57	351	181	226	942	1792	5357.666667	535	131440	131440	0	0	131440	131440	0	8	0	8	0	0	9.1	267	716.7	1363.4	4076.1	407	43.4	137.7	171.9
2670	5	165	83	21	52	405.1279236	1368.993639	6167.693385	655.3431974	272598	272598	0	0	272598	272598	0	6	0	6	0	0	1.8	30.4	148.6	502.2	2262.6	240.4	60.5	7.7	19.1
2680	63	541	3372	1181	1001	6620	13414	44903	7213	1794506	1794506	0	0	1794506	1794506	0	30	0	30	0	0	3.5	187.9	368.9	747.5	2502.2	401.9	30.1	65.8	55.8
2700	33	187	823	369	519	1943	4875	11341	2363	525904	525904	0	0	525904	525904	0	4	0	4	0	0	6.3	156.5	369.5	927	2156.5	449.3	35.6	70.2	98.7
2710	14	95	400	133	166	1497	2896	7090	1022	373006	373006	0	0	373006	373006	0	7	0	7	0	0	3.8	107.2	401.3	776.4	1900.8	274	25.5	35.7	44.5
2720	8.815345876	129.3477179	145.9088214	32	171	1105.794152	2000.817067	6170.940694	504.3992885	216902	180615	0	36287	216902	180615	0	13	0	10	0	3	4.1	67.3	509.8	922.5	2845	232.5	59.6	17.7	94.7
2750	3	45	106	34	84	435	1081	3909	388	185556	185556	0	0	185556	185556	0	6	0	6	0	0	1.6	57.1	234.4	582.6	2106.6	209.1	24.3	18.3	45.3
2760	37.6025917	123.7231773	439.6283393	241	57	438.6788828	3147.010998	11305.3423	987.8572871	518392	417971	17134	83287	518392	417971	0	17	0	11	1	5	7.3	84.8	84.6	607.1	2180.8	190.6	23.9	57.7	13.6
2800	106.1399879	750.2101054	2613.859233	1048.06143	1425.723209	5424.937884	19337.21349	63763.88088	8270.538176	1910005	1909368	637	0	1910005	1909368	0	54	0	53	1	0	5.6	136.9	284	1012.4	3338.4	433	39.3	54.9	74.7
2840	87	299	1719	580	823	4200	8723	28335	8948	1012402	1012402	0	0	1012402	1012402	0	16	0	16	0	0	8.6	169.8	414.9	861.6	2798.8	883.8	29.5	57.3	81.3
2880	7.003824302	52.8173588	173.12509	76.09093244	27.07270328	215.3640851	972.9401901	3488.356641	323.2543315	103880	89745	0	14135	103880	89745	0	9	0	7	0	2	6.7	166.7	207.3	936.6	3358.1	311.2	50.8	84.8	30.2
2900	7	175	291	97	172	1622	2442	6448	749	228126	228126	0	0	228126	228126	0	5	0	5	0	0	3.1	127.6	711	1070.5	2826.5	328.3	76.7	42.5	75.4
2920	14.99272079	195.347714	325.6243082	105.1847758	155.46137	633.7240274	2922.353404	7495.373202	921.6237595	276213	276213	0	0	276213	276213	0	12	0	12	0	0	5.4	117.9	229.4	1058	2713.6	333.7	70.7	38.1	56.3
2960	88.98272194	175.9638765	886.3938872	388	321	1841.443184	4554.593274	15701.83714	3510.255103	649367	623799	0	25568	649367	623799	0	25	0	22	0	3	13.7	136.5	283.6	701.4	2418	540.6	27.1	62.2	51.5
2975	4	30	17	4	8	135.4	424.8	1799.8	62	128137	125984	2153	0	128137	125984	0	10	0	9	1	0	3.1	13.3	105.7	331.5	1404.6	48.4	23.4	3.2	6.4
2980	13.03533149	8.231141705	146.2534646	71.97823219	168.9492084	358.2736223	1339.204648	3388.328593	257.437735	116145	115423	0	722	116145	115423	0	6	0	5	0	1	11.2	125.9	308.5	1153	2917.3	221.7	7.1	62.4	146.4
2985	3.097629503	29.71841743	10.64659357	0	3	104.2725759	481.9905392	2564.701067	235.1103152	96477	86135	984	9358	96477	86135	0	9	0	6	1	2	3.2	11	108.1	499.6	2658.4	243.7	30.8	0	3.5
2995	1.016170539	26.35060668	40.39029801	12	74	283.2432948	1004.327091	3877.507558	431.6868829	129017	128129	0	888	129017	128129	0	6	0	4	0	2	0.8	31.3	219.5	778.4	3005.4	334.6	20.4	9.4	57.8
3000	23.02102273	613.2683509	1097.497547	365.0017483	387.006993	2965.609178	7192.640519	26118.96407	2154.096756	1134051	1133470	0	581	1134051	1133470	0	37	0	36	0	1	2	96.8	261.5	634.2	2303.2	189.9	54.1	32.2	34.1
3040	2	20	28	7	32	137	304	3086	160	80608	80608	0	0	80608	80608	0	2	0	2	0	0	2.5	34.7	170	377.1	3828.4	198.5	24.8	8.7	39.7
3060	8.132642123	75.36817796	88.58021451	30.09162686	212.5039477	806.4845373	2275.188553	6574.290748	969.0024648	221968	214684	0	7284	221968	214684	0	21	0	19	0	2	3.7	39.9	363.3	1025	2961.8	436.6	34	14	99
3080	5	78.6349369	74	23	31.52698738	398.7855298	1071.825434	4488.181516	354.7236489	238336	238336	0	0	238336	238336	0	8	0	8	0	0	2.1	31	167.3	449.7	1883.1	148.8	33	9.7	13.2
3120	82.51310285	358.1262509	2051.452751	915	985	4148.648675	16349.54937	37087.51785	4210.144707	1330632	1314588	9556	6488	1330632	1314588	0	40	0	32	2	6	6.2	154.2	311.8	1228.7	2787.2	316.4	26.9	69.6	74.9
3150	15	34	223.7335574	106.9111858	110	586.9111858	2214.845415	4298.292847	318.7335574	142925	142925	0	0	142925	142925	0	7	0	7	0	0	10.5	156.5	410.6	1549.7	3007.4	223	23.8	74.8	77
3160	83	414.5158001	1161.217853	608.7690694	1242.644299	5204.154479	10662.26198	30202.0623	3874.189601	1018863	1018863	0	0	1018863	1018863	0	38	0	38	0	0	8.1	114	510.8	1046.5	2964.3	380.2	40.7	59.7	122
3180	4	18	111	45	55	388	703	2314	261	140687	137674	3013	0	140687	137674	0	5	0	4	1	0	2.8	78.9	275.8	499.7	1644.8	185.5	12.8	32.7	39.9
3200	6.368483476	207.6753703	426.9718981	117.502593	58.97788843	691.5550646	2992.885723	10669.92777	959.6147757	348950	272203	69638	7109	348950	272203	0	13	0	10	2	1	1.8	122.4	198.2	857.7	3057.7	275	59.5	43.2	21.7
3240	19.3635791	214.0944457	839.3961152	370	124	1094.255944	2680.902479	11308.19815	771.8941735	645030	549044	54606	41380	645030	549044	0	60	0	43	4	13	3	130.1	169.6	415.6	1753.1	119.7	33.2	67.4	22.6
3283	40	181	1310	429	230	1393	5141	22989	3809	1002799	984097	18702	0	1002799	984097	0	33	0	32	1	0	4	130.6	138.9	512.7	2292.5	379.8	18	43.6	23.4
3285	7.008023638	43.75968792	88.92152717	33	26	111.8479479	1183.167924	2626.502581	267.8675223	118466	93070	2398	22998	118466	93070	0	6	0	4	1	1	5.9	75.1	94.4	998.7	2217.1	226.1	36.9	35.5	27.9
3290	19.19407435	77.4769545	216.5025646	66	204	706.4579772	4115.469383	7889.003563	995.7633072	358599	341731	14414	2454	358599	341731	0	26	0	17	5	4	5.4	60.4	197	1147.7	2200	277.7	21.6	19.3	59.7
3320	15	234	841	91	153	1480	6209	29376	6798	908521	908521	0	0	908521	908521	0	1	0	1	0	0	1.7	92.6	162.9	683.4	3233.4	748.2	25.8	10	16.8
3350	11.15149846	69.87631464	142.8992647	57	152	696.3815499	1444.169802	5496.399497	367.1620156	199025	196862	0	2163	199025	196862	0	5	0	4	0	1	5.6	71.8	349.9	725.6	2761.7	184.5	35.1	29	77.2
3360	451.0811607	1596.729742	14173.95611	7511.528633	5102.032528	19474.21958	47632.1586	126608.5075	28658.58812	4662546	4662023	0	523	4662546	4662023	0	63	0	62	0	1	9.7	304	417.7	1021.6	2715.4	614.7	34.2	161.1	109.4
3400	16.49432428	66.80940919	231.7273975	61	51	295.9397169	2105.089929	5961.979901	664.316832	315397	252536	47275	15586	315397	252536	0	27	0	18	4	5	5.2	73.5	93.8	667.4	1890.3	210.6	21.2	24.2	20.2
3440	31.03788201	144.6283202	658.4762719	30	37	1003.378023	4173.904079	12364.33801	1540.502337	364509	260480	0	104029	364509	95333	0	12	0	6	0	6	8.5	180.6	275.3	1145.1	3392.1	422.6	39.7	31.5	38.8
3480	124.7651519	664.9193904	3662.162846	2082	939	4926.282025	15439.10986	46590.30102	10449.29076	1709579	1508233	7130	194216	1709579	1453326	0	36	0	26	1	9	7.3	214.2	288.2	903.1	2725.2	611.2	38.9	143.3	64.6
3500	1	51	44	9	11	206	533	2109	111	116564	116564	0	0	116564	116564	0	4	0	4	0	0	0.9	37.7	176.7	457.3	1809.3	95.2	43.8	7.7	9.4
3520	6.067751996	116.1147697	99.88284219	17	85	419.2335402	1089.395763	3357.74351	355.0582235	163106	159749	1111	2246	163106	159749	0	13	0	11	1	1	3.7	61.2	257	667.9	2058.6	217.7	71.2	10.6	53.2
3560	51.50754399	238.0246357	749.5627022	445	302	772.4374001	4925.814331	11716.38468	2384.999598	463212	425936	7179	30097	463212	413030	0	19	0	13	2	4	11.1	161.8	166.8	1063.4	2529.4	514.9	51.4	107.7	73.1
3580	8	70.00890774	193.0267232	112.0178155	267.0950159	827.3325557	1638.442418	3991.092683	618.1217391	111328	111328	0	0	111328	111328	0	5	0	5	0	0	7.2	173.4	743.1	1471.7	3585	555.2	62.9	100.6	239.9
3600	104.0795426	309.6420467	2512.263262	1267	1886	6218.938825	11869.61871	38305.07474	5884.128967	1228481	1226837	0	1644	1228481	1226837	0	13	0	12	0	1	8.5	204.5	506.2	966.2	3118.1	479	25.2	103.3	153.7
3605	2.779742804	35.35813367	47.58488895	9.362110312	9	207.3083512	876.1920529	1811.672967	173.0921677	156863	77804	0	79059	156863	77804	0	7	0	6	0	1	1.8	30.3	132.2	558.6	1154.9	110.3	22.5	12	11.6
3610	3	41	76	10	21	271	813	2693	107	137464	137464	0	0	137464	137464	0	9	0	9	0	0	2.2	55.3	197.1	591.4	1959.1	77.8	29.8	7.3	15.3
3620	4	61	113	37	7	259.0909091	1072.188354	4369.740345	287.419489	157284	151828	5456	0	157284	151828	0	8	0	7	1	0	2.5	71.8	164.7	681.7	2778.2	182.7	38.8	24.4	4.6
3640	49	91	2225	576	221	2019	4022	9925	3329	607567	607567	0	0	607567	607567	0	12	0	12	0	0	8.1	366.2	332.3	662	1633.6	547.9	15	94.8	36.4
3660	23	168.7182292	234	57	376	1768.172743	3788.97309	12900.22783	1090.772743	493480	491907	1573	0	493480	491907	0	28	0	27	1	0	4.7	47.4	358.3	767.8	2614.1	221	34.2	11.6	76.4
3680	5.506395724	66.12835454	101.7382831	21	24	364.4120928	1135.710852	2956.540797	271.9145977	228439	165845	16880	45714	228439	165845	0	52	0	26	5	21	2.4	44.5	159.5	497.2	1294.2	119	28.9	12.7	14.5
3700	2	38	106	15	60	410	1660	2640	204	87022	85650	1372	0	87022	85650	0	5	0	4	1	0	2.3	121.8	471.1	1907.6	3033.7	234.4	43.7	17.5	70.1
3710	10	69	107	33	43	458.8666667	1423.533333	5957.6	640.8666667	165539	163145	2394	0	165539	163145	0	17	0	15	2	0	6	64.6	277.2	859.9	3598.9	387.1	41.7	20.2	26.4
3720	16.08099742	283.4832161	413.7791727	114.9982517	328.993007	1656.972809	3780.838623	12487.06616	1029.731919	458705	433910	21994	2801	458705	433910	0	28	0	20	6	2	3.5	90.2	361.2	824.2	2722.2	224.5	61.8	26.5	75.8
3740	0	0	0	0	0	0	0	0	0	107607	0	0	0	0	0	107607	11	11	0	0	0									
3760	189.499319	727.6546969	3062.757076	1288.495104	2416.385086	7678.84385	16101.37921	60187.73868	12502.00019	1874660	1869264	5235	161	1874660	1357708	0	120	0	113	6	1	10.1	163.4	409.6	858.9	3210.6	666.9	38.8	94.9	178
3800	4	46	129	36	5	119	829	2985	268	159217	159217	0	0	159217	159217	0	5	0	5	0	0	2.5	81	74.7	520.7	1874.8	168.3	28.9	22.6	3.1
3810	14.99068547	157.2650512	334.7764513	151.9347983	110.2929948	792.200895	3711.477707	8440.116427	475.2557367	330751	330751	0	0	330751	330751	0	13	0	13	0	0	4.5	101.2	239.5	1122.1	2551.8	143.7	47.5	45.9	33.3
3840	40	222.983449	770.3640099	293.983449	590.682005	2407.058928	7158.919244	19277.95176	2673.051652	735025	735025	0	0	735025	735025	0	23	0	23	0	0	5.4	104.8	327.5	974	2622.8	363.7	30.3	40	80.4
3850	12.71428571	33	79.71503727	24	31	175.2887205	1110.768398	2968.399138	209.4398448	101779	90455	11324	0	101779	90455	0	5	0	4	1	0	12.5	78.3	172.2	1091.4	2916.5	205.8	32.4	26.5	34.3
3870	1.049935242	25.0085064	29.20084955	11	4	136.6889187	427.8991912	2457.268468	118.1886388	129304	124209	0	5095	129304	124209	0	13	0	12	0	1	0.8	22.6	105.7	330.9	1900.4	91.4	19.3	8.9	3.2
3880	24.09093901	168.9155716	319.1478224	101	494	1734.295091	3722.257292	10994.31416	1085.032934	395651	279488	21390	94773	395651	279488	0	22	0	10	2	10	6.1	80.7	438.3	940.8	2778.8	274.2	42.7	36.1	176.8
3920	4.657666525	61.48176396	91.01168584	29	13	236.2635464	1248.118458	4757.002768	375.8226829	187217	169413	0	17804	187217	169413	0	6	0	5	0	1	2.5	48.6	126.2	666.7	2540.9	200.7	32.8	17.1	7.7
3960	11.83976428	121.6417738	254.2080379	90	129	787.7901849	3073.087934	5340.929072	583.9739544	185283	154416	4600	26267	185283	154416	0	7	0	3	1	3	6.4	137.2	425.2	1658.6	2882.6	315.2	65.7	58.3	83.5
3980	19	197	510	197	439	1868	5079	14432	1774	536226	536226	0	0	536226	536226	0	15	0	15	0	0	3.5	95.1	348.4	947.2	2691.4	330.8	36.7	36.7	81.9
4000	6.770853295	86.58049283	323.2172097	106	53	436.2983085	2096.139431	8166.252076	639.1095016	488248	435980	31634	20634	488248	435980	0	40	0	34	2	4	1.4	66.2	89.4	429.3	1672.6	130.9	17.7	24.3	12.2
4040	17.16011914	267.4197026	380.4497446	131	194	1512.29936	2753.732608	10001.78314	845.0441007	456300	449977	1015	5308	456300	449977	0	25	0	21	1	3	3.8	83.4	331.4	603.5	2191.9	185.2	58.6	29.1	43.1
4080	23	71	253	73	172	774	1660	10219	987	223074	223074	0	0	223074	223074	0	2	0	2	0	0	10.3	113.4	347	744.1	4581	442.5	31.8	32.7	77.1
4100	8.150668927	147.4719195	122.0248579	11	138	512.4959841	1387.587381	4221.612865	444.7330136	188549	170506	15801	2242	188549	170506	0	5	0	2	2	1	4.3	64.7	271.8	735.9	2239	235.9	78.2	6.5	80.9
4120	194	771	4160	1860	1562	7172	20966	43628.42857	25283	1932370	1928079	4291	0	1932370	1928079	0	11	0	10	1	0	10	215.3	371.2	1085	2257.8	1308.4	39.9	96.5	81
4150	3	33	41	7	31	250	720	3402	186	103131	103131	0	0	103131	103131	0	4	0	4	0	0	2.9	39.8	242.4	698.1	3298.7	180.4	32	6.8	30.1
4200	6	45	137.6666667	35	67	532.3333333	1452	3276.666667	247.6666667	111277	88823	22454	0	111277	88823	0	2	0	1	1	0	5.4	123.7	478.4	1304.9	2944.6	222.6	40.4	39.4	75.4
4243	3	30	44	6	3	54	506	2241	135	107367	107367	0	0	107367	107367	0	7	0	7	0	0	2.8	41	50.3	471.3	2087.2	125.7	27.9	5.6	2.8
4280	15.45331225	189.0588844	663.6627737	267	168	992.8529923	3562.153661	12698.81433	1124.809458	504189	443591	37568	23030	504189	443591	0	18	0	13	4	1	3.1	131.6	196.9	706.5	2518.7	223.1	37.5	60.2	37.9
4320	5.696704964	114.2313408	168.0619919	58	73	291.8611935	1362.698351	3743.316907	275.7519308	153879	115863	13369	24647	153879	115863	0	15	0	5	5	5	3.7	109.2	189.7	885.6	2432.6	179.2	74.2	50.1	63
4360	4	125	228	75	77	1040	2065	10996	447	263277	263277	0	0	263277	263277	0	2	0	2	0	0	1.5	86.6	395	784.3	4176.6	169.8	47.5	28.5	29.2
4400	56.13322906	301.4774176	1266.12732	726	1281	3842.258441	8517.367173	25632.39426	2605.463106	614804	609688	3281	1835	614804	609688	0	22	0	19	2	1	9.1	205.9	625	1385.4	4169.2	423.8	49	119.1	210.1
4420	17.04269527	116.9231028	189.2859276	72.55647756	269.8911939	980.6109016	2536.141372	6805.498934	918.1167558	218698	217523	0	1175	218698	217523	0	15	0	14	0	1	7.8	86.6	448.4	1159.7	3111.8	419.8	53.5	33.4	124.1
4480	1069	2384	26694	10532	11874	36204	58861	156681	70621	10003731	10003731	0	0	10003731	10003731	0	89	0	89	0	0	10.7	266.8	361.9	588.4	1566.2	705.9	23.8	105.3	118.7
4520	70.61678866	296.390422	2132.4168	1111	636	2403.146267	10035.36193	27046.49015	4260.476565	1057712	967190	40214	50308	1057712	967190	0	38	0	26	4	8	6.7	201.6	227.2	948.8	2557.1	402.8	28	114.9	65.8
4600	12	124.4929178	323	89	290.2464589	1902.739377	3243.725212	10252.94334	915	255147	255147	0	0	255147	255147	0	9	0	9	0	0	4.7	126.6	745.7	1271.3	4018.4	358.6	48.8	34.9	113.8
4640	9	55	105	53	51	303	804	3519	311	221779	221779	0	0	221779	221779	0	8	0	8	0	0	4.1	47.3	136.6	362.5	1586.7	140.2	24.8	23.9	23
4680	32.42374222	99.65639692	524.1707361	240	353	996.9246511	4410.593563	12866.73238	1877.406396	349645	314192	31548	3905	349645	314192	0	18	0	10	4	4	9.3	149.9	285.1	1261.4	3679.9	536.9	28.5	76.4	112.4
4720	3	120.5	410.6958457	179	48	600	2152.114451	10374.66065	797.4133947	455819	452253	3566	0	455819	452253	0	23	0	22	1	0	0.7	90.1	131.6	472.1	2276	174.9	26.4	39.6	10.6
4800	4.391813507	66.7961427	133.3279788	37	14	108.7104577	1622.962588	5023.552833	353.4288873	174133	159275	997	13861	174133	159275	0	13	0	10	1	2	2.5	76.6	62.4	932	2884.9	203	38.4	23.2	8.8
4880	37.05352352	232.5960089	516.0508521	159	326	2318.808273	6828.77698	25900.39796	2414.739609	669076	667603	0	1473	669076	667603	0	19	0	18	0	1	5.5	77.1	346.6	1020.6	3871.1	360.9	34.8	23.8	48.8
4890	5.007684366	67.33136777	77.32764667	32	101	445.802183	1241.048571	5897.361464	488.9667277	195487	189157	5888	442	195487	189157	0	11	0	9	1	1	2.6	39.6	228	634.8	3016.8	250.1	34.4	16.9	53.4
4900	18	218	499	170	391	2576	4348	11499	1188	531111	531111	0	0	531111	531111	0	13	0	13	0	0	3.4	94	485	818.7	2165.1	223.7	41	32	73.6
4920	174	543	4863.945455	3009	4098	9288.272727	20594.30909	44210.63636	9913.981818	1190375	1179538	10837	0	1190375	1179538	0	29	0	26	3	0	14.6	408.6	780.3	1730.1	3714	832.8	45.6	255.1	347.4
4940	22	82	249	68	90	1143	2308	5730	1413	238579	238579	0	0	238579	238579	0	7	0	7	0	0	9.2	104.4	479.1	967.4	2401.7	592.3	34.4	28.5	37.7
5000	171.2535784	780.0468167	7397.403136	3221	3099	15574.30863	25622.97971	84347.19995	17286.72683	2416950	2411709	0	5241	2416950	2411709	0	34	0	33	0	1	7.1	306.1	644.4	1060.1	3489.8	715.2	32.3	133.6	128.5
5015	22	120	782	235	118	1098	3990	15660	1907	1234288	1234288	0	0	1234288	1234288	0	61	0	61	0	0	1.8	63.4	89	323.3	1268.7	154.5	9.7	19	9.6
5080	139.1997566	302.9866215	3292.696514	1806.976533	1111.990936	3235.5851	7587.593385	38565.88001	7811.357743	1523217	1513676	0	9541	1523217	1513676	0	53	0	51	0	2	9.1	216.2	212.4	498.1	2531.9	512.8	19.9	119.4	73.5
5120	90.29402791	1315.646601	4336.505583	1102.723679	929.0339346	6006.638836	20055.00806	79030.23117	11397.41126	3129516	2962879	155188	11449	3129516	2684187	0	121	0	112	8	1	2.9	138.6	191.9	640.8	2525.3	364.2	42	41.1	34.6
5140	3	54	40	9	36	220	513	3716	244	99959	99959	0	0	99959	99959	0	2	0	2	0	0	3	40	220.1	513.2	3717.5	244.1	54	9	36
5160	58.75883155	142.4231904	790.1297974	62	65	1003.042821	6077.953424	15427.61863	1838.22094	560625	454439	0	106186	560625	204641	0	24	0	19	0	5	10.5	140.9	178.9	1084.1	2751.9	327.9	25.4	30.3	31.8
5170	30	129	663	205	244	2258	4836	15988	6356	501664	501664	0	0	501664	501664	0	10	0	10	0	0	6	132.2	450.1	964	3187	1267	25.7	40.9	48.6
5190	10	126	607	121	76	1270	3930	17565	1143	1192153	1192153	0	0	1192153	1192153	0	82	0	82	0	0	0.8	50.9	106.5	329.7	1473.4	95.9	10.6	10.1	6.4
5200	7.235267378	61.36086032	107.5023718	49	69	772.8865585	1962.745893	6119.066995	283.12215	148613	145254	0	3359	148613	145254	0	5	0	3	0	2	4.9	72.3	520.1	1320.7	4117.5	190.5	41.3	33.7	47.5
5240	32.55303554	154.3461985	929.0540425	22.03108189	38.83243674	851.0275277	4542.954298	11330.06189	1270.812644	344056	302360	0	41696	344056	100151	0	13	0	9	0	4	9.5	270	247.4	1320.4	3293.1	369.4	44.9	22	38.8
5280	2	79	71.00281294	31	4	194	699.0534459	2820.33474	229.0112518	118424	118424	0	0	118424	118424	0	3	0	3	0	0	1.7	60	163.8	590.3	2381.6	193.4	66.7	26.2	3.4
5330	29	121	414	198	336	1340	3000	10801	1453	220563	220563	0	0	220563	220563	0	8	0	8	0	0	13.1	187.7	607.5	1360.2	4897	658.8	54.9	89.8	152.3
5345	9	95	218	55	77	1021	1413	4569	422	303375	303375	0	0	303375	303375	0	3	0	3	0	0	3	71.9	336.5	465.8	1506.1	139.1	31.3	18.1	25.4
5360	112	611.5295207	2843.529521	1727.63238	2430.794281	8905.706645	10665.25139	41748.15038	5150.956182	1325411	1325411	0	0	1325411	1325411	0	43	0	43	0	0	8.5	214.5	671.9	804.7	3149.8	388.6	46.1	130.3	183.4
5380	58.1746133	212.7332489	2358.450288	788	341	3061.437871	7140.291711	35848.65241	4388.741007	2819162	2789237	26029	3896	2819162	2789237	0	39	0	32	5	2	2.1	83.7	108.6	253.3	1271.6	155.7	7.5	28.3	12.2
5483	60	311	2360	538	228	2713	7560	32985	5898	1682951	1557884	125067	0	1682951	1557884	0	43	0	42	1	0	3.6	140.2	161.2	449.2	1960	350.5	18.5	34.5	14.6
5523	2	75	132	47	30	256	680	2801	262	141228	141228	0	0	141228	141228	0	7	0	7	0	0	1.4	93.5	181.3	481.5	1983.3	185.5	53.1	33.3	21.2
5560	337.2929811	394.6946945	2622.606854	156	255	4937.246197	11472.97725	33599.71918	8790.850537	1343066	463692	875191	4183	1343066	463692	0	19	0	14	3	2	25.1	195.3	367.6	854.2	2501.7	654.5	29.4	33.6	55
5600	568.8907398	1534.006517	26246.42357	290	124	29799.05207	26210.3816	138590.5286	19945.84787	9454245	9385073	31944	37228	9454245	1269383	0	57	0	51	5	1	6	277.6	315.2	277.2	1465.9	211	16.2	22.8	9.8
5640	187	291	4434	2004	998	4283	9656	30464	13365	2083602	2083602	0	0	2083602	2083602	0	109	0	109	0	0	9	212.8	205.6	463.4	1462.1	641.4	14	96.2	47.9
5660	10.36824982	94.84991025	348.6258541	93	58	619.0650669	1464.53764	6306.728855	452.6670523	425102	410785	0	14317	425102	410785	0	37	0	34	0	3	2.4	82	145.6	344.5	1483.6	106.5	22.3	22.6	14.1
5720	153	523	3190	1928	1203	3955	10055	46581	4648	1660954	1660954	0	0	1660954	1660954	0	16	0	16	0	0	9.2	192.1	238.1	605.4	2804.5	279.8	31.5	116.1	72.4
5775	206	739	6288	2440	1355	7029	20685	54896	26600	2480743	2480743	0	0	2480743	2480743	0	36	0	36	0	0	8.3	253.5	283.3	833.8	2212.9	1072.3	29.8	98.4	54.6
5790	15.18603494	156.5016238	258.6321423	96	239	1677.567386	2502.867959	5407.131618	615.6732835	297898	294053	0	3845	297898	294053	0	4	0	3	0	1	5.1	86.8	563.1	840.2	1815.1	206.7	52.5	32.6	81.3
5800	7	95	132	27	129	849	1862	6941	444	248860	248860	0	0	248860	248860	0	5	0	5	0	0	2.8	53	341.2	748.2	2789.1	178.4	38.2	10.8	51.8
5880	63	560.045899	1475.963465	708	1106.311008	4117.637476	13589.25432	42474.71096	6264.762983	1138684	1138684	0	0	1138684	1138684	0	39	0	39	0	0	5.5	129.6	361.6	1193.4	3730.2	550.2	49.2	62.2	97.2
5910	2	65	101	29	49	428	1793	5983	814	227714	227714	0	0	227714	227714	0	8	0	8	0	0	0.9	44.4	188	787.4	2627.4	357.5	28.5	12.7	21.5
5920	32	315.2420168	815.4446429	378	357	2258.919275	5242.195794	22896.67384	4995.595531	757347	738153	475	18719	757347	738153	0	17	0	15	1	1	4.2	107.7	298.3	692.2	3023.3	659.6	41.6	51.2	48.4
5945	76	438	2751	1006	710	5264	13402	45527	13077	3007430	3007430	0	0	3007430	3007430	0	35	0	35	0	0	2.5	91.5	175	445.6	1513.8	434.8	14.6	33.5	23.6
5960	103	807	3954	1841	1839	10773	20743	52158	9226	1903731	1903731	0	0	1903731	1903731	0	35	0	35	0	0	5.4	207.7	565.9	1089.6	2739.8	484.6	42.4	96.7	96.6
5990	5	20	56	20	12	107	581	1860	81	93201	93201	0	0	93201	93201	0	2	0	2	0	0	5.4	60.1	114.8	623.4	1995.7	86.9	21.5	21.5	12.9
6015	4	93	164	45	98	807	1373	5001	380	161514	161514	0	0	161514	161514	0	8	0	8	0	0	2.5	101.5	499.6	850.1	3096.3	235.3	57.6	27.9	60.7
6020	3.044407981	44.58840574	52.5105876	9	58	298.2806168	845.3745312	2873.609816	224.6754767	149776	148205	0	1571	149776	148205	0	10	0	8	0	2	2	35.1	199.2	564.4	1918.6	150	29.8	6.1	39.1
6080	12	187	479	180	261	2045	3363	9622	1172	447002	447002	0	0	447002	447002	0	5	0	5	0	0	2.7	107.2	457.5	752.3	2152.6	262.2	41.8	40.3	58.4
6120	14	0	380	0	0	528	1839	4848	783	349881	113161	0	0	0	0	236720	30	29	1	0	0	12.4	335.8	466.6	1625.1	4284.2	691.9			
6160	508.8843221	1658.714401	13547.95896	6003	4244	16849.03933	24514.83297	96583.50845	18013.67893	5195844	5076261	65159	54424	5195844	5076261	0	270	0	248	10	12	9.8	260.7	324.3	471.8	1858.9	346.7	31.9	118.3	83.6
6200	325.0179051	1288.366174	6243.230101	3412.928121	3355.939823	11918.94214	39283.5431	119770.9869	42565.88479	3841790	3469854	0	371936	3841790	3469854	0	28	0	25	0	3	8.5	162.5	310.2	1022.5	3117.6	1108	33.5	98.4	96.7
6240	18	46.18181818	216	115	225	526.5454545	2057	3162.181818	457.2727273	83452	82267	1185	0	83452	82267	0	5	0	4	1	0	21.6	258.8	631	2464.9	3789.2	547.9	55.3	139.8	273.5
6280	119.2043266	463.0854467	2989.124233	999.1682176	1018.252326	5248.194416	10828.9288	41980.17695	5500.476975	2334562	1920772	120676	293114	2334562	1920772	0	252	0	149	23	80	5.1	128	224.8	463.9	1798.2	235.6	19.8	52	53
6323	3.124711416	55.93129485	54.6518521	7	33	546.6726518	747.0381399	1707.0024	160.218836	132119	123473	0	8646	132119	123473	0	19	0	15	0	4	2.4	41.4	413.8	565.4	1292	121.3	42.3	5.7	26.7
6340	1	37	8	2	31	196	444	1927	92	77763	77763	0	0	77763	77763	0	4	0	4	0	0	1.3	10.3	252	571	2478	118.3	47.6	2.6	39.9
6403	6	65	143	25	9	231	1454	5781	393	274388	274388	0	0	274388	274388	0	14	0	14	0	0	2.2	52.1	84.2	529.9	2106.9	143.2	23.7	9.1	3.3
6440	53.03103302	899.6755609	1920.051536	451	448.0477404	3953.696281	14879.5735	64620.43788	12399.83483	2080577	2075715	3077	1785	2080577	2075715	0	55	0	52	2	1	2.5	92.3	190	715.2	3105.9	596	43.2	21.7	21.6
6483	31	295	751	191	228	1451	4834	17748	4250	991535	991535	0	0	991535	991535	0	33	0	33	0	0	3.1	75.7	146.3	487.5	1790	428.6	29.8	19.3	23
6520	5.024915095	147.1993208	61.09966038	28	19	262.4983019	2390.534547	10187.34884	722.6194812	416951	416951	0	0	416951	416951	0	14	0	14	0	0	1.2	14.7	63	573.3	2443.3	173.3	35.3	6.7	4.6
6560	8	24	168	38	57	531	1909	6184	547	152252	152252	0	0	152252	152252	0	2	0	2	0	0	5.3	110.3	348.8	1253.8	4061.7	359.3	15.8	25	37.4
6580	2	44	64	19	85	624	1200	3437	312	160681	160681	0	0	160681	160681	0	2	0	2	0	0	1.2	39.8	388.3	746.8	2139	194.2	27.4	11.8	52.9
6600	16	41	267	78	29	124	1377	5004	470	195146	195146	0	0	195146	195146	0	7	0	7	0	0	8.2	136.8	63.5	705.6	2564.2	240.8	21	40	14.9
6640	78.64351584	311.651297	1844.645353	983.8894362	650.8894362	2972.407226	12149.34682	31358.29414	3247.300663	1351048	1287762	57448	5838	1351048	1287762	0	41	0	32	5	4	5.8	136.5	220	899.3	2321	240.4	23.1	76.4	50.5
6660	2	102	39	8	16	193	630	2475	143	93238	90365	2873	0	93238	90365	0	3	0	2	1	0	2.1	41.8	207	675.7	2654.5	153.4	109.4	8.9	17.7
6680	23.70205541	86.36182781	482.3314024	186.5883439	158	841.4903819	2463.027503	7150.474009	1577.314599	392376	343730	27341	21305	392376	343730	0	39	0	27	5	7	6	122.9	214.5	627.7	1822.4	402	22	54.3	46
6690	4	119	96	20	57	632	1578	3590	857	178997	178997	0	0	178997	178997	0	3	0	3	0	0	2.2	53.6	353.1	881.6	2005.6	478.8	66.5	11.2	31.8
6720	14	176	539	133	187	1388	3228	10772	2236	393806	393806	0	0	393806	393806	0	3	0	3	0	0	3.6	136.9	352.5	819.7	2735.4	567.8	44.7	33.8	47.5
6740	7	69	82.33333333	21	64	361.6666667	1525.666667	5917	692.3333333	218379	213156	5223	0	218379	213156	0	8	0	7	1	0	3.2	37.7	165.6	698.6	2709.5	317	31.6	9.9	30
6760	132.0336489	243.1988736	2015.591444	1209	543	2147.305405	6913.914512	28099.87192	4082.294188	1062478	1061990	0	488	1062478	1061990	0	15	0	14	0	1	12.4	189.7	202.1	650.7	2644.7	384.2	22.9	113.8	51.1
6780	283	1079.545455	5514.181818	1850	1878	11519.45455	32666.81818	77113.63636	30867.09091	3818268	3812100	6168	0	3818268	3812100	0	50	0	49	1	0	7.4	144.4	301.7	855.5	2019.6	808.4	28.3	48.5	49.3
6800	19	86	257	91	125	827	1423	6902.090909	597	239563	239563	0	0	239563	239563	0	5	0	5	0	0	7.9	107.3	345.2	594	2881.1	249.2	35.9	38	52.2
6820	0	56	72	14	19	156	536	2169	169	134115	128586	5529	0	134115	128586	0	3	0	2	1	0	0	53.7	116.3	399.7	1617.3	126	41.8	10.9	14.8
6840	62.35855739	255.1409627	1306.779736	648	385	1705.798579	5846.321694	24222.2448	3103.354595	1102765	1086076	0	16689	1102765	1086076	0	43	0	39	0	4	5.7	118.5	154.7	530.2	2196.5	281.4	23.1	59.7	35.4
6880	19	0	537	0	0	764	2371	6758	977	390486	153048	0	0	0	0	237438	20	19	1	0	0	12.4	350.9	499.2	1549.2	4415.6	638.4			
6895	14	40.58490566	245.754717	17.16981132	26.16981132	462.4339623	2127.113208	4594.735849	378.1698113	147841	147841	0	0	147841	90553	0	14	0	14	0	0	9.5	166.2	312.8	1438.8	3107.9	255.8	27.5	19	28.9
6920	120	487	3496	1146	1258	6699	16982	41476	17818	1844506	1844506	0	0	1844506	1844506	0	13	0	13	0	0	6.5	189.5	363.2	920.7	2248.6	966	26.4	62.1	68.2
6960	25.07007475	226.0589618	349.947392	136	678	2008.350103	3198.097868	7602.130167	935.3344849	403485	395017	6145	2323	403485	395017	0	25	0	22	2	1	6.2	86.7	497.8	792.6	1884.1	231.8	56	34.4	171.6
6980	5	100	40	4	20	229	762	3866	235	186264	186264	0	0	186264	186264	0	19	0	19	0	0	2.7	21.5	122.9	409.1	2075.5	126.2	53.7	2.1	10.7
7000	2	26	65	19	23	162.0164835	892	3452.098901	397	102467	102467	0	0	102467	102467	0	6	0	6	0	0	2	63.4	158.1	870.5	3369	387.4	25.4	18.5	22.4
7040	167	555.5909091	3893.360277	1883	2256.786759	8538.347828	14354.6263	60325.38188	12501.83439	2686580	2060447	11380	0	2071827	2060447	614753	184	70	106	8	0	8.1	187.9	412.1	692.8	2911.7	603.4	26.8	91.4	109.5
7080	10.0175593	119.3417309	210.5409614	35	113	867.4175756	2786.381659	12446.30972	1992.70184	374181	373171	0	1010	374181	373171	0	18	0	17	0	1	2.7	56.3	231.8	744.7	3326.3	532.6	31.9	9.4	30.3
7120	14	118	569	191	165	1157	2809	9490	2319	417382	417382	0	0	417382	417382	0	13	0	13	0	0	3.4	136.3	277.2	673	2273.7	555.6	28.3	45.8	39.5
7160	40.64789433	638.605558	991.6932121	289	501	2646.943139	10169.21284	52447.3982	7002.042033	1452509	1391991	60140	378	1452509	1391991	0	33	0	31	1	1	2.8	68.3	182.2	700.1	3610.8	482.1	44	20.8	36
7200	4	62	40	6	66	294	1219	4202	295	105479	105479	0	0	105479	105479	0	2	0	2	0	0	3.8	37.9	278.7	1155.7	3983.7	279.7	58.8	5.7	62.6
7240	100	751.6906372	2361.006004	1016	1535	6236.193826	18122.99819	73482.78668	6860.006004	1750445	1750445	0	0	1750445	1750445	0	38	0	38	0	0	5.7	134.9	356.3	1035.3	4197.9	391.9	42.9	58	87.7
7320	98	814.4	3941.4	942	1414	8996	17665.6	54206.8	25750	2951182	2951182	0	0	2951182	2951182	0	19	0	19	0	0	3.3	133.6	304.8	598.6	1836.8	872.5	27.6	31.9	47.9
7360	129	384	3964	876	639	4495	11120	37010	11791	1700710	1700710	0	0	1700710	1700710	0	32	0	32	0	0	7.6	233.1	264.3	653.8	2176.1	693.3	22.6	51.5	37.6
7400	43	406	1312	305	340	3589	8014	29066	7915	1696378	1696378	0	0	1696378	1696378	0	16	0	16	0	0	2.5	77.3	211.6	472.4	1713.4	466.6	23.9	18	20
7460	4	76	90	20	27	590	1469	4434	524	256256	256256	0	0	256256	256256	0	8	0	8	0	0	1.6	35.1	230.2	573.3	1730.3	204.5	29.7	7.8	10.5
7480	9	119	252	50	56	1288	2084	6541	1112	404519	404519	0	0	404519	404519	0	9	0	9	0	0	2.2	62.3	318.4	515.2	1617	274.9	29.4	12.4	13.8
7485	5	112	232	48	19	806	1940	7256	1059	252297	252297	0	0	252297	252297	0	5	0	5	0	0	2	92	319.5	768.9	2876	419.7	44.4	19	7.5
7490	6.18742892	67.83103637	81.06652399	13	37	446.4316477	2590.770468	2551.834607	241.0542586	159578	156789	0	2789	159578	156789	0	4	0	3	0	1	3.9	50.8	279.8	1623.5	1599.1	151.1	42.5	8.3	23.6
7500	5	168	288	54	127	1946	2340	8417	1310	471561	471561	0	0	471561	471561	0	10	0	10	0	0	1.1	61.1	412.7	496.2	1784.9	277.8	35.6	11.5	26.9
7510	23	201	808	219	485	3181	6242	18794	1994	666576	666576	0	0	666576	666576	0	11	0	11	0	0	3.5	121.2	477.2	936.4	2819.5	299.1	30.2	32.9	72.8
7520	33.30276128	98.04719892	796.0092879	525	290	935.6606573	3276.221349	10107.60978	1774.008318	319272	292343	22042	4887	319272	292343	0	13	0	7	4	2	10.4	249.3	293.1	1026.2	3165.8	555.6	30.7	179.6	99.2
7560	20.92401711	222.9735739	437.7226492	90	158	1280.493807	3002.149974	10947.25535	938.5745683	617705	480606	48365	88734	617705	480606	0	93	0	52	9	32	3.4	70.9	207.3	486	1772.2	151.9	36.1	18.7	32.9
7600	71.10590891	951.2532719	3105.186302	672.4607032	697.188936	4864.956473	22958.79988	82267.2095	28483.01279	2534558	2534558	0	0	2534558	2534558	0	59	0	59	0	0	2.8	122.5	191.9	905.8	3245.8	1123.8	37.5	26.5	27.5
7610	1.734645541	19.48713324	65.06452961	10	9	230.604416	603.1336208	2222.337977	184.1371296	120022	81325	16403	22294	120022	81325	0	17	0	8	2	7	1.4	54.2	192.1	502.5	1851.6	153.4	16.2	12.3	11.1
7620	0	29	12	4	2	82	366	2485	107	114520	114520	0	0	114520	114520	0	6	0	6	0	0	0	10.5	71.6	319.6	2169.9	93.4	25.3	3.5	1.7
7640	3	14	51	10	39	264	1059	3081	267	117840	117840	0	0	117840	117840	0	9	0	9	0	0	2.5	43.3	224	898.7	2614.6	226.6	11.9	8.5	33.1
7680	45.02423415	219.6401779	757.4637751	432	788	3115.960479	4147.33946	13082.33413	1509.145658	397531	386813	10372	346	397531	386813	0	13	0	9	3	1	11.3	190.5	783.8	1043.3	3290.9	379.6	55.3	111.7	203.7
7720	2.003431965	55.11256844	56.05628422	11	39	346.3596699	926.7352013	2912.492814	256.5209722	124277	123936	0	341	124277	123936	0	6	0	5	0	1	1.6	45.1	278.7	745.7	2343.5	206.4	44.3	8.9	31.5
7760	5.113842652	156.0983355	73.74558733	0	7	283.5873666	854.1303552	3596.80092	373.1966709	190037	183469	0	6568	190037	45879	0	11	0	6	0	5	2.7	38.8	149.2	449.5	1892.7	196.4	82.1	0	15.3
7800	14	110	430	187	123	533	2332	8638.5	860	267901	265046	2855	0	267901	265046	0	6	0	4	2	0	5.2	160.5	199	870.5	3224.5	321	41.1	70.6	46.4
7840	16	133	362	58	134	1265	3952	12660	2697	441541	441541	0	0	441541	441541	0	7	0	7	0	0	3.6	82	286.5	895	2867.2	610.8	30.1	13.1	30.3
7880	5	0	258	0	0	1306	1719	5288	338	205546	115187	0	0	0	0	90359	18	17	1	0	0	4.3	224	1133.8	1492.4	4590.8	293.4			
7920	9	93	223	65	62	943	2505.090909	12649.09091	1147.090909	349088	347864	1224	0	349088	347864	0	23	0	22	1	0	2.6	63.9	270.1	717.6	3623.5	328.6	26.6	18.7	17.8
8003	30.14747276	267.2837796	1019.683384	332	435	3448.993198	4839.710611	12058.62671	2777.361483	614034	603810	0	10224	614034	603810	0	39	0	32	0	7	4.9	166.1	561.7	788.2	1963.8	452.3	43.5	55	72
8050	1.097836306	20.64600049	17.5994498	3	4	113.3711664	445.5797929	2270.714473	95.87309066	140740	137771	0	2969	140740	137771	0	7	0	6	0	1	0.8	12.5	80.6	316.6	1613.4	68.1	14.7	2.2	2.9
8080	1.179793297	21.82191222	58.44587105	7	13	138.1513185	405.5025757	1768.312782	123.6078249	127790	112896	12126	2768	127790	112896	0	14	0	12	1	1	0.9	45.7	108.1	317.3	1383.8	96.7	17.1	6.2	11.5
8120	56	181	1750	566	697	3962	7088	22292	7172	654183	654183	0	0	654183	654183	0	7	0	7	0	0	8.6	267.5	605.6	1083.5	3407.6	1096.3	27.7	86.5	106.5
8140	8	27	171	80	225	806	1712	2886	316	107382	107382	0	0	107382	107382	0	2	0	2	0	0	7.5	159.2	750.6	1594.3	2687.6	294.3	25.1	74.5	209.5
8160	23.09616531	189.8424081	716.9639341	202	198	1462.187395	3932.120255	12276.29511	1247.537712	736958	726643	5839	4476	736958	726643	0	34	0	30	3	1	3.1	97.3	198.4	533.6	1665.8	169.3	25.8	27.8	27.2
8200	28.03698446	333.6634338	1127.480847	72.53929676	164.811064	2620.123813	8411.453119	24278.96504	7472.828658	755500	750262	0	5238	755500	201974	0	22	0	20	0	2	3.7	149.2	346.8	1113.4	3213.6	989.1	44.2	35.9	81.6
8240	17	189	516	213	257	1875	3985	7744	1009	296520	296520	0	0	296520	296520	0	8	0	8	0	0	5.7	174	632.3	1343.9	2611.6	340.3	63.7	71.8	86.7
8280	112	1092	3987	1339	1996	14649	25217	73113	11839	2646385	2646385	0	0	2646385	2646385	0	34	0	34	0	0	4.2	150.7	553.5	952.9	2762.7	447.4	41.3	50.6	75.4
8320	2.089607723	42.54481846	75.32259948	16	5	189.0682081	1293.262089	5011.843644	650.8962232	147715	73065	0	74650	147715	73065	0	7	0	4	0	3	1.4	51	128	875.5	3392.9	440.6	28.8	21.9	6.8
8360	8.8	52.8	124.2	56	223	955.6	1256.2	4034.8	414.2	134610	121511	13099	0	134610	121511	0	9	0	8	1	0	6.5	92.3	709.9	933.2	2997.4	307.7	39.2	46.1	183.5
8400	32.23642932	219.5645067	1403.222762	406	396	2270.562165	8082.697372	19007.38541	3395.498692	617100	581088	30864	5148	617100	581088	0	26	0	22	3	1	5.2	227.4	367.9	1309.8	3080.1	550.2	35.6	69.9	68.1
8440	9.035549807	61.57933019	275.5227138	0	8	435.3838746	2045.592163	8409.687955	758.6833521	172293	170935	0	1358	172293	48717	0	5	0	4	0	1	5.2	159.9	252.7	1187.3	4881	440.3	35.7	0	16.4
8480	34	56	1009	317	197	889	1978	6183	1076	366071	366071	0	0	366071	366071	0	13	0	13	0	0	9.3	275.6	242.8	540.3	1689	293.9	15.3	86.6	53.8
8520	78	478	1962	863	1516	3576	8080	32523	8449	937925	937925	0	0	937925	937925	0	6	0	6	0	0	8.3	209.2	381.3	861.5	3467.5	900.8	51	92	161.6
8560	70.00040141	388.0032113	1208.003009	583.0016037	935.0038134	4383.040467	9139.793527	21801.74365	4754.835315	830788	830788	0	0	830788	830788	0	42	0	42	0	0	8.4	145.4	527.6	1100.1	2624.2	572.3	46.7	70.2	112.5
8600	9.851543832	63.27987947	259.0123704	100.1296117	76.12961165	409.0463237	1896.694923	5483.617365	438.1532679	168123	82502	0	85621	168123	82502	0	6	0	3	0	3	5.9	154.1	243.3	1128.2	3261.7	260.6	37.6	121.4	92.3
8640	11.07339953	109.8173374	202.4410871	72	138.059898	619.2907634	1998.524727	5086.390745	415.8497932	189480	187460	0	2020	189480	187460	0	8	0	7	0	1	5.8	106.8	326.8	1054.7	2684.4	219.5	58	38.4	73.6
8680	10.14805075	83.2499829	176.102652	31	24	473.9244881	1433.797044	5458.981016	232.2917112	299248	287288	5069	6891	299248	287288	0	23	0	19	1	3	3.4	58.8	158.4	479.1	1824.2	77.6	27.8	10.8	8.4
8720	24.9498238	161.9745569	721.0543171	136	94	1604.695278	3177.595417	10834.72717	2923.012992	548930	429795	0	119135	548930	429795	0	14	0	13	0	1	4.5	131.4	292.3	578.9	1973.8	532.5	29.5	31.6	21.9
8735	32	146	729	237	218	1176	3773	10966	1988	802996	802996	0	0	802996	802996	0	11	0	11	0	0	4	90.8	146.5	469.9	1365.6	247.6	18.2	29.5	27.1
8750	4	37	60	14	84	252	981	3002	190	87188	87188	0	0	87188	87188	0	2	0	2	0	0	4.6	68.8	289	1125.2	3443.1	217.9	42.4	16.1	96.3
8760	8	51	411	74	82	893	1336	4259	380	151514	151514	0	0	151514	151514	0	4	0	4	0	0	5.3	271.3	589.4	881.8	2811	250.8	33.7	48.8	54.1
8780	54	117	465	180	421	2124	4655	11733	3882	404168	404168	0	0	404168	404168	0	9	0	9	0	0	13.4	115.1	525.5	1151.7	2903	960.5	28.9	44.5	104.2
8800	14	120	290	135	239	826	3181.994901	8400.979605	913.9987253	226098	226098	0	0	226098	226098	0	14	0	14	0	0	6.2	128.3	365.3	1407.4	3715.6	404.2	53.1	59.7	105.7
8840	435.7100028	1084.916892	11653.00303	6282	2401	12128.96433	21305.40196	108122.249	32771.51842	5336891	5293077	4445	39369	5336891	5293077	0	68	0	62	2	4	8.2	218.3	227.3	399.2	2025.9	614.1	20.3	118.7	45.4
8920	1	65	85	19	77	325	1074	3099	235	126585	126585	0	0	126585	126585	0	4	0	4	0	0	0.8	67.1	256.7	848.4	2448.2	185.6	51.3	15	60.8
8940	0.099574724	30.78162456	29.08041528	7	6	132.5209186	496.0154697	1836.068958	96.44181341	128363	123607	0	4756	128363	123607	0	10	0	7	0	3	0.1	22.7	103.2	386.4	1430.4	75.1	24	5.7	4.9
8960	69	480	2452	852	894	5509	12776	35620	6151	1271293	1271293	0	0	1271293	1271293	0	33	0	33	0	0	5.4	192.9	433.3	1005	2801.9	483.8	37.8	67	70.3
9000	1.277119104	41.28233938	50.40061921	9	19	183.3517036	689.6276265	1861.110552	206.9464792	149595	133669	7689	8237	149595	133669	0	22	0	17	3	2	0.9	33.7	122.6	461	1244.1	138.3	27.6	6.7	14.2
9040	13	251.6195924	521.2727273	211	750.8097962	2340.655042	4557.5721	15541.18214	1999.569279	561277	547615	13662	0	561277	547615	0	35	0	22	13	0	2.3	92.9	417	812	2768.9	356.3	44.8	38.5	137.1
9080	6	47	244	82	118	481	1948	5866	602	138842	138842	0	0	138842	138842	0	7	0	7	0	0	4.3	175.7	346.4	1403	4224.9	433.6	33.9	59.1	85
9140	4.316938226	30.09270216	77.42085153	27	14	122.399757	516.5124445	1888.006668	148.7862533	118765	109147	0	9618	118765	109147	0	10	0	7	0	3	3.6	65.2	103.1	434.9	1589.7	125.3	25.3	24.7	12.8
9160	31	217	1209	524	502	2547	4592	13416	2112	623882	623882	0	0	623882	623882	0	13	0	13	0	0	5	193.8	408.3	736	2150.4	338.5	34.8	84	80.5
9200	13.34686638	127.5391252	392.4657871	155	185	788.6906358	4421.671634	8389.08201	1104.737131	262421	255163	2872	4386	262421	255163	0	18	0	12	3	3	5.1	149.6	300.5	1685	3196.8	421	48.6	60.7	72.5
9260	22.05641533	130.1515364	219.8426241	63	109	393.9797694	3845.024664	10264.34726	2194.098534	232195	230127	0	2068	232195	230127	0	13	0	12	0	1	9.5	94.7	169.7	1655.9	4420.6	944.9	56.1	27.4	47.4
9270	4	66	147	36	14	561	1558	3683	983	185588	185588	0	0	185588	185588	0	5	0	5	0	0	2.2	79.2	302.3	839.5	1984.5	529.7	35.6	19.4	7.5
9280	18.36991886	145.2968109	400.5949342	130	101	562.1356847	1593.65964	7810.364856	569.7152713	402368	377041	16860	8467	402368	377041	0	22	0	19	1	2	4.6	99.6	139.7	396.1	1941.1	141.6	36.1	34.5	26.8
9320	51.60838536	178.700709	775.0401271	205.0089775	235.0049832	1241.221646	5329.171763	13039.30709	2062.552114	582016	310965	99325	171726	582016	304661	0	48	0	24	12	12	8.9	133.2	213.3	915.6	2240.4	354.4	30.7	67.3	77.1
9340	11	53	107	27	42	500	1551	3453	872	152396	152396	0	0	152396	152396	0	5	0	5	0	0	7.2	70.2	328.1	1017.7	2265.8	572.2	34.8	17.7	27.6
9360	11.9018151	43.6769901	114.5041031	37	111	738.5966546	1561.785351	4277.152554	988.085481	182075	160837	0	21238	182075	160837	0	5	0	4	0	1	6.5	62.9	405.7	857.8	2349.1	542.7	24	23	69
