msa99	mmurd99	mrape99	mrobt99	mrobg99	massg99	massa99	mburg99	mlarc99	mmoto99	mpop99	mpopcm99	mpopg399	mpopl399	mpoprp99	mpopgn99	mpopna99	mct99	mctna99	mctcm99	mctg399	mctl399	mrmurd99	mrrobt99	mrassa99	mrburg99	mrlarc99	mrmoto99	mrrape99	mrrobg99	mrassg99
0	12901.65966	69375.0681	378531.9676	124127.9678	119165.7436	762272.9984	1680990.705	5701839.993	1027700.297	218206731	193639840	6959270	7692587	204230837	179554091	9915034	7189	678	5344	574	593	6.2	181.7	366	807	2737.4	493.4	34	69.1	66.4
40	11.89837546	41.69512639	122.9583485	16.85603191	125.9414111	341.2561375	1126.336508	3438.840843	268.8404786	123773	123773	0	0	123773	123773	0	4	0	4	0	0	9.6	99.3	275.7	910	2778.3	217.2	33.7	13.6	101.8
80	13.96457221	239.1744332	547.2023885	136	48	658.9645085	4314.348759	16833.48581	1484.784991	691850	551646	103223	36981	691850	551646	0	29	0	19	3	7	2	79.1	95.2	623.6	2433.1	214.6	34.6	24.7	8.7
120	12	36	271.3333333	90	92	356.1818182	1835.030303	4747.878788	406.6666667	120332	119191	1141	0	120332	99140	0	5	0	4	1	0	10	225.5	296	1525	3945.6	338	29.9	90.8	92.8
160	20.07024112	161.4253321	720.1717148	74	53	1460.340745	5626.93804	18570.75719	1177.515992	872626	623646	197600	51380	872626	613292	0	42	0	29	12	1	2.3	82.5	167.4	644.8	2128.1	134.9	18.5	12.1	8.6
200	76.51393203	305.6479499	1953.713722	964	1187	4667.77262	9550.399252	30309.95182	5788.146222	679926	611770	29682	38474	679926	611770	0	14	0	6	5	3	11.3	287.3	686.5	1404.6	4457.8	851.3	45	157.6	194
220	12.2262623	43.17930652	168.2612733	3	75	613.5016505	2031.559355	4824.138329	302.885627	126852	122080	1658	3114	126852	76248	0	8	0	4	1	3	9.6	132.6	483.6	1601.5	3803	238.8	34	3.9	98.4
240	21.74028622	121.0378999	631.0905597	199	138	1007.643375	3101.368785	12960.70633	1352.082625	616496	505944	79422	31130	616496	489071	0	52	0	32	12	8	3.5	102.4	163.4	503.1	2102.3	219.3	19.6	40.7	28.2
280	1	28	60.18181818	8	16	173.0909091	667.5636364	2388.945455	187.8363636	130534	121965	8569	0	130534	121965	0	13	0	10	3	0	0.8	46.1	132.6	511.4	1830.1	143.9	21.5	6.6	13.1
320	11	62	239	71	226	1014	1948	10378	767	211611	211611	0	0	211611	211611	0	5	0	5	0	0	5.2	112.9	479.2	920.6	4904.3	362.5	29.3	33.6	106.8
380	19	166	403	175	244	1192	1621	9308	1326	267853	267853	0	0	267853	267853	0	3	0	3	0	0	7.1	150.5	445	605.2	3475	495	62	65.3	91.1
440	16.52688365	183.6784937	350.3946052	107.6856629	167	1053.390317	3009.510581	10927.44716	1305.054715	550242	532868	0	17374	550242	532868	0	27	0	23	0	4	3	63.7	191.4	546.9	1985.9	237.2	33.4	20.2	31.3
450	13	54	207	77	187	633	1671	4188	444	117498	117498	0	0	117498	117498	0	6	0	6	0	0	11.1	176.2	538.7	1422.2	3564.3	377.9	46	65.5	159.2
460	1	73.6	30.09090909	8	12	302.1736884	858.8695166	6519.709146	287.6893864	346241	331290	14951	0	346241	331290	0	19	0	13	6	0	0.3	8.7	87.3	248.1	1883	83.1	21.3	2.4	3.6
480	10.71243215	58.63408851	252.6919987	84	57	549.9412837	1979.225242	5243.968809	625.897375	216581	193104	19370	4107	216581	193104	0	11	0	4	4	3	4.9	116.7	253.9	913.8	2421.3	289	27.1	43.5	29.5
500	7.018411527	60.99520731	194.3472604	72	71	309.9796674	1505.051685	6157.267317	553.5000532	141330	116863	1072	23395	141330	116863	0	9	0	6	1	2	5	137.5	219.3	1064.9	4356.7	391.6	43.2	61.6	60.8
520	298.7141358	1201.56472	8720.345823	3720	2639	12986.27443	36837.35896	129596.333	26964.82844	3817395	3561361	224533	31501	3817395	2249333	0	106	0	80	19	7	7.8	228.4	340.2	965	3394.9	706.4	31.5	165.4	117.3
560	11	111	603	202	97	971	3225	15776	707	337292	337292	0	0	337292	337292	0	33	0	33	0	0	3.3	178.8	287.9	956.1	4677.3	209.6	32.9	59.9	28.8
580	9	54	96	48	133	750	1137	3593	211	100856	100856	0	0	100856	100856	0	3	0	3	0	0	8.9	95.2	743.6	1127.3	3562.5	209.2	53.5	47.6	131.9
600	19.01935848	209.2406826	675.8181258	273	275	969.4749937	4062.055708	14270.82102	1769.036707	466083	378909	86884	290	466083	378909	0	19	0	16	2	1	4.1	145	208	871.5	3061.9	379.6	44.9	72	72.6
640	36	323	1116	315	470	2692.5	9648	36459	3298	1121834	1120392	1442	0	1121834	1120392	0	32	0	31	1	0	3.2	99.5	240	860	3249.9	294	28.8	28.1	41.9
680	52.35071606	136.0080883	751.9424777	192	301	2518.533503	6129.120274	14583.86916	2512.261148	640710	631476	1215	8019	640710	631476	0	13	0	10	1	2	8.2	117.4	393.1	956.6	2276.2	392.1	21.2	30.4	47.7
720	51	409	2723	1195	825	7212	13010	47704	5786	2502132	1851544	0	0	1851544	1851544	650588	17	1	16	0	0	2.8	147.1	389.5	702.7	2576.4	312.5	22.1	64.5	44.6
733	4.190433886	16.3073613	30.47502511	2	3	85.59097851	659.0599931	2994.827397	168.0084121	143328	127390	15473	465	143328	127390	0	14	0	10	3	1	2.9	21.3	59.7	459.8	2089.5	117.2	11.4	1.6	2.4
743	0	54	41	10	37	1205	1250	4026	317	209369	209369	0	0	209369	209369	0	15	0	15	0	0	0	19.6	575.5	597	1922.9	151.4	25.8	4.8	17.7
760	82.09084003	156.6855905	1395.725972	924	596	2281.538526	8481.392946	27418.36127	3634.302158	575533	559194	1326	15013	575533	559194	0	15	0	12	1	2	14.3	242.5	396.4	1473.7	4764	631.5	27.2	165.2	106.6
840	24	280	591	202	180	1464.2	4502.2	12111.4	1578	380972	380320	652	0	380972	380320	0	18	0	17	1	0	6.3	155.1	384.3	1181.8	3179.1	414.2	73.5	53.1	47.3
860	1	119	99	45	28	234	1584	5643	372	158680	158680	0	0	158680	158680	0	8	0	8	0	0	0.6	62.4	147.5	998.2	3556.2	234.4	75	28.4	17.6
870	13.02307807	103.3062936	100.6117387	22	66	564.167133	1326.608997	4552.456167	426.2061554	161005	160244	0	761	161005	160244	0	21	0	19	0	2	8.1	62.5	350.4	824	2827.5	264.7	64.2	13.7	41.2
875	29	109	1382	311	155	1846	5759	21422	4732	1348971	1348971	0	0	1348971	1348971	0	86	0	86	0	0	2.1	102.4	136.8	426.9	1588	350.8	8.1	23.1	11.5
880	1	33	52	24	26	134	621	4223	436	126768	120725	0	0	120725	120725	6043	3	1	2	0	0	0.8	43.1	111	514.4	3498	361.2	27.3	19.9	21.5
920	18.00379714	181.4838059	480.4735311	91	59	1457.469281	4891.966709	14949.41991	1238.968281	351315	267861	59813	23641	351315	133162	0	12	0	9	2	1	5.1	136.8	414.9	1392.5	4255.3	352.7	51.7	68.3	44.3
960	6.090909091	51.40909091	94.04545455	18	10	260.0752122	976.4997955	4784.954545	150.7727273	249313	135471	113842	0	249313	135471	0	10	0	7	3	0	2.4	37.7	104.3	391.7	1919.3	60.5	20.6	13.3	7.4
1000	102.5180159	357.6455811	1556.999556	354	376	2831.820006	7857.490594	26317.92186	3677.889827	912373	904844	0	7529	912373	650673	0	45	0	39	0	6	11.2	170.7	310.4	861.2	2884.6	403.1	39.2	54.4	57.8
1010	1	14	12	2	1	35	359	2157	154	90786	90786	0	0	90786	90786	0	4	0	4	0	0	1.1	13.2	38.6	395.4	2375.9	169.6	15.4	2.2	1.1
1020	6	50	29	15	5	254	669	2830	204	115983	115983	0	0	115983	115983	0	2	0	2	0	0	5.2	25	219	576.8	2440	175.9	43.1	12.9	4.3
1040	0	0	0	0	0	0	0	0	0	143635	0	0	0	0	0	143635	9	9	0	0	0									
1080	7	171	111	38	150	826	3014	11249	805	403671	403671	0	0	403671	403671	0	9	0	9	0	0	1.7	27.5	204.6	746.6	2786.7	199.4	42.4	9.4	37.2
1123	104.3978679	1421.200749	5282.844978	1025	859	19606.16931	26136.10419	94688.79393	22972.59825	5900340	4930404	399159	119894	5449457	4473769	450883	288	40	214	18	16	1.9	96.9	359.8	479.6	1737.6	421.6	26.1	22.9	19.2
1125	5	92.82462366	61.08207887	11.82462366	71.31516967	347.5591733	1422.362856	6155.894752	394.2680623	273006	273006	0	0	273006	273006	0	8	0	8	0	0	1.8	22.4	127.3	521	2254.9	144.4	34	4.3	26.1
1145	6.028969542	69.33128073	85.59808087	34	43	316.4091445	1412.464485	4543.111754	422.3501152	233652	232772	0	880	233652	232772	0	17	0	16	0	1	2.6	36.6	135.4	604.5	1944.4	180.8	29.7	14.6	18.5
1150	2	158	122	29	67	540	2148	5672	548	235367	235367	0	0	235367	235367	0	5	0	5	0	0	0.8	51.8	229.4	912.6	2409.9	232.8	67.1	12.3	28.5
1240	9	85	266.3333333	56	145	1176.333333	3581	11583.33333	708.6666667	331150	325932	5218	0	331150	325932	0	11	0	10	1	0	2.7	80.4	355.2	1081.4	3497.9	214	25.7	17.2	44.5
1260	5	112	73	14	55	367	1233	5460	330	135328	135328	0	0	135328	135328	0	3	0	3	0	0	3.7	53.9	271.2	911.1	4034.6	243.9	82.8	10.3	40.6
1280	35.98956167	273.1070186	1754.31973	448	368	2439.065414	7701.415404	24982.58833	4280.55412	1153892	811338	263042	79512	1153892	792095	0	29	0	20	7	2	3.1	152	211.4	667.4	2165.1	371	23.7	56.6	46.5
1303	6	40.8	36	6	14	242.6	1300.2	4686.4	388	194089	186746	7343	0	194089	160137	0	15	0	14	1	0	3.1	18.5	125	669.9	2414.6	199.9	21	3.7	8.7
1320	8.55206824	88.5666261	219.7014046	44	4	447.5112767	2369.577046	8064.12321	679.3329019	403899	218420	10956	174523	403899	218420	0	22	0	12	3	7	2.1	54.4	110.8	586.7	1996.6	168.2	21.9	20.1	1.8
1350	2	26	20	4	3	143	621	1735	169	63169	63169	0	0	63169	63169	0	4	0	4	0	0	3.2	31.7	226.4	983.1	2746.6	267.5	41.2	6.3	4.7
1360	4.161120977	58.26579827	107.8297217	20	36	309.5044008	1436.951687	6148.631574	388.6688374	183095	173588	1565	7942	183095	173588	0	9	0	5	1	3	2.3	58.9	169	784.8	3358.2	212.3	31.8	11.5	20.7
1400	0	0	0	0	0	0	0	0	0	168945	0	0	0	0	0	168945	12	12	0	0	0									
1440	36.50594105	318.045965	921.2231803	330	644	3475.983235	5065.350012	18978.43332	2874.47161	548182	544451	3642	89	548182	544451	0	19	0	15	3	1	6.7	168.1	634.1	924	3462.1	524.4	58	60.6	118.3
1480	16.05182543	71.28913135	267.2732228	77	233	907.1128125	2484.872388	6843.40372	1091.776125	252662	243618	7926	1118	252662	243618	0	22	0	17	4	1	6.4	105.8	359	983.5	2708.5	432.1	28.2	31.6	95.6
1520	131.2027553	479.9400696	3490.569386	1702	2208	8201.655842	18621.57842	53567.73328	6749.256588	1402272	1342709	45351	14212	1402272	1284945	0	42	0	34	4	4	9.4	248.9	584.9	1328	3820.1	481.3	34.2	132.5	171.8
1540	7	48	97	37	69	412	572	3625	213	150982	150982	0	0	150982	150982	0	4	0	4	0	0	4.6	64.2	272.9	378.9	2400.9	141.1	31.8	24.5	45.7
1560	30.87026917	183.1443595	700.6955971	354	604	2655.357842	4525.621944	14984.65988	2200.4998	455876	296483	62992	96401	455876	247115	0	25	0	18	3	4	6.8	153.7	582.5	992.7	3287	482.7	40.2	143.3	244.4
1580	1	31	24	4	15	113	279	2415	90	79057	79057	0	0	79057	79057	0	3	0	3	0	0	1.3	30.4	142.9	352.9	3054.8	113.8	39.2	5.1	19
1600	655	0	20653	0	0	33447	31683	116850	32064	7993721	3070928	0	0	0	0	4922793	278	274	4	0	0	21.3	672.5	1089.1	1031.7	3805	1044.1			
1620	4	65	125	35	47	484	1708	4422	642	197448	197448	0	0	197448	197448	0	6	0	6	0	0	2	63.3	245.1	865	2239.6	325.1	32.9	17.7	23.8
1640	37.97747236	516.3064082	1691.52898	285.0682973	163	1988.000242	9040.036835	36344.06774	3195.309738	1625511	1151313	13491	201395	1366199	858678	259312	108	41	41	2	24	2.8	123.8	145.5	661.7	2660.2	233.9	37.8	33.2	19
1660	8	62	78	36	113	499	943	2568	307	201446	128505	0	0	128505	128505	72941	7	5	2	0	0	6.2	60.7	388.3	733.8	1998.4	238.9	48.2	28	87.9
1680	112.6046684	911.3931245	4107.984283	1271	503.5271243	4057.08576	16268.71971	51444.95351	10873.44363	2232083	1357862	24671	849550	2232083	1275870	0	97	0	42	3	52	5	184	181.8	728.9	2304.8	487.1	40.8	99.6	39.5
1720	29.01853113	255.242642	530.2629104	292	390	1441.365513	3531.281849	14624.51253	1344.889596	500895	500207	0	688	500895	500207	0	8	0	7	0	1	5.8	105.9	287.8	705	2919.7	268.5	51	58.4	78
1740	4	21	110	45	33	278	795	3897	220	129805	129805	0	0	129805	129805	0	3	0	3	0	0	3.1	84.7	214.2	612.5	3002.2	169.5	16.2	34.7	25.4
1760	40	219.7333333	1067.401833	579.9405216	706.6431298	2868.172802	4893.027915	18530.71786	2127.666528	519224	515600	3624	0	519224	515600	0	15	0	12	3	0	7.7	205.6	552.4	942.4	3568.9	409.8	42.3	112.5	137.1
1800	21.04177049	41.48451287	510.0143416	15	44	645.369218	2117.4185	9747.577566	1336.468239	276577	274951	1083	543	276577	89250	0	13	0	10	2	1	7.6	184.4	233.3	765.6	3524.4	483.2	15	16.8	49.3
1840	87.394978	850.3364995	3609.769681	1574	821	2622.814143	18941.91625	54342.13565	8441.767147	1476134	1199829	67699	208606	1476134	1134275	0	42	0	25	5	12	5.9	244.5	177.7	1283.2	3681.4	571.9	57.6	138.8	72.4
1880	19	248.2475319	412.0970383	78	298.5485191	2061.786179	4429.144715	15252.23597	1685.883217	393316	393316	0	0	393316	393316	0	13	0	13	0	0	4.8	104.8	524.2	1126.1	3877.9	428.6	63.1	19.8	75.9
1890	1	17	25	2	2	146	493	2252	117	78565	78565	0	0	78565	78565	0	3	0	3	0	0	1.3	31.8	185.8	627.5	2866.4	148.9	21.6	2.5	2.5
1900	1.363418576	29.71026365	35.25601455	4	29	401.2903872	668.7074184	2257.964434	155.3847978	98520	77820	0	20700	98520	77820	0	11	0	9	0	2	1.4	35.8	407.3	678.8	2291.9	157.7	30.2	5.1	37.3
1920	251.5537976	1266.724902	7766.678498	3701.615278	3918.851924	13431.24432	35515.93518	108887.4455	24894.32472	3256107	3140658	112249	3200	3256107	3140658	0	94	0	89	4	1	7.7	238.5	412.5	1090.7	3344.1	764.5	38.9	117.9	124.8
1950	10	29	109	57	31	151	604.5	2116.9	194.5	109552	106904	2648	0	109552	106904	0	5	0	3	2	0	9.1	99.5	137.8	551.8	1932.3	177.5	26.5	53.3	29
1960	3	64	183	39	92	1256	1667.363636	5310.272727	508.0909091	359573	156050	2927	0	158977	156050	200596	29	24	4	1	0	1.9	115.1	790.1	1048.8	3340.3	319.6	40.3	25	59
2000	38.82944978	489.6678453	1611.117148	413	220	1772.686363	8854.631638	28948.15876	5133.157322	952512	811146	8785	132581	952512	738653	0	39	0	30	1	8	4.1	169.1	186.1	929.6	3039.1	538.9	51.4	55.9	29.8
2020	26.16656181	216.4871021	811.018875	292	294	2367.211988	5670.015687	13132.84757	1759.729709	477028	473513	0	3515	477028	473513	0	17	0	15	0	2	5.5	170	496.2	1188.6	2753.1	368.9	45.4	61.7	62.1
2030	6.491870833	29.51205461	122.4948638	58	42	212.1635306	1066.629998	3359.743309	243.7345424	143402	136253	0	7149	143402	136253	0	12	0	7	0	5	4.5	85.4	148	743.8	2342.9	170	20.6	42.6	30.8
2040	0	0	0	0	0	0	0	0	0	114556	0	0	0	0	0	114556	7	7	0	0	0									
2080	122.0249955	732.3026608	1969.672544	709.1753763	869.7835842	4071.01103	14420.53217	51980.17281	10852.14844	1980084	1954783	24373	928	1980084	1954783	0	38	0	33	3	2	6.2	99.5	205.6	728.3	2625.1	548.1	37	36.3	44.5
2120	18.28709023	128.9235665	311.1483609	104	86	718.3120983	2824.83322	13406.75701	1201.445702	437572	412659	3591	21322	437572	412659	0	18	0	16	1	1	4.2	71.1	164.2	645.6	3063.9	274.6	29.5	25.2	20.8
2160	505.9236668	1997.396878	10218.57771	5211.314337	5570	21595.77706	34553.05859	109470.1975	41906.63378	4495283	4343537	22363	129383	4495283	4200407	0	130	0	116	6	8	11.3	227.3	480.4	768.7	2435.2	932.2	44.4	124.1	132.6
2180	11.19244128	29.98282511	162.714804	79	89	389.1925297	1071.416017	3167.361594	309.5034991	135302	132505	0	2797	135302	132505	0	15	0	12	0	3	8.3	120.3	287.6	791.9	2341	228.8	22.2	59.6	67.2
2190	1	0	153.5199882	59	80.97142434	583.051377	858.6285164	3733.913977	251.5199882	125747	125747	0	0	0	125747	0	11	0	11	0	0	0.8	122.1	463.7	682.8	2969.4	200		46.9	64.4
2200	0	28	15	5	7	102	423.884555	1620.208377	74.96701571	88020	88020	0	0	88020	88020	0	3	0	3	0	0	0	17	115.9	481.6	1840.7	85.2	31.8	5.7	8
2240	8	107	95	3	3	326	1501	5998	516	238736	238736	0	0	238736	47632	0	18	0	18	0	0	3.4	39.8	136.6	628.7	2512.4	216.1	44.8	6.3	6.3
2281	12.0989421	45.07470234	173.4810898	51	20	386.0424562	1016.741904	4842.34608	281.8264558	265628	247648	13230	4750	265628	247648	0	14	0	11	1	2	4.6	65.3	145.3	382.8	1823	106.1	17	20.6	8.1
2290	0.017306351	35.28613167	19.55264947	3	0	145.5812236	699.2147106	3276.73942	197.3530868	144604	143165	0	1439	144604	143165	0	12	0	11	0	1	0	13.5	100.7	483.5	2266	136.5	24.4	2.1	0
2320	18	262	758	166	425	3704	3000	29224	2484	713252	713252	0	0	713252	713252	0	6	0	6	0	0	2.5	106.3	519.3	420.6	4097.3	348.3	36.7	23.3	59.6
2330	7	42.18181818	192.0909091	65	6	368.8181818	1734.636364	5281.181818	649.1818182	173587	167626	5961	0	173587	43997	0	4	0	3	1	0	4	110.7	212.5	999.3	3042.4	374	24.3	147.7	13.6
2335	3	27	44.66666667	6	7	189.5151515	349.1515152	2203.454545	68.33333333	92129	49440	42689	0	92129	49440	0	6	0	4	2	0	3.3	48.5	205.7	379	2391.7	74.2	29.3	12.1	14.2
2340	2	33	45	12	24	192	727	2118	109	57052	57052	0	0	57052	57052	0	3	0	3	0	0	3.5	78.9	336.5	1274.3	3712.4	191.1	57.8	21	42.1
2360	7	92.63636364	279.5	73	20	305.4545455	1369.045455	5080.454545	435.4090909	276230	261769	14461	0	276230	261769	0	12	0	9	3	0	2.5	101.2	110.6	495.6	1839.2	157.6	33.5	27.9	7.6
2400	5	104	280	70	117	678	3500	12674	1452	317339	317339	0	0	317339	317339	0	10	0	10	0	0	1.6	88.2	213.7	1102.9	3993.8	457.6	32.8	22.1	36.9
2440	7.523051241	61.49455207	107.4342	28	18	493.6923769	1540.471096	6167.94724	535.2305174	292856	228023	0	20101	248124	228023	44732	9	3	5	0	1	3	43.3	199	620.8	2485.8	215.7	24.8	12.3	7.9
2520	1.023349784	83.52303515	33.29887723	4	3	115.8919617	711.1076741	3634.533336	314.8013448	168474	166871	0	1603	168474	133438	0	7	0	6	0	1	0.6	19.8	68.8	422.1	2157.3	186.9	49.6	3	2.2
2560	20	75	630	310	255	869	4965	9818	1013	288563	288563	0	0	288563	288563	0	4	0	4	0	0	6.9	218.3	301.1	1720.6	3402.4	351	26	107.4	88.4
2580	8.4	80.86666667	48.4	11	76	643.0666667	1421.733333	6169.066667	429.6666667	274020	214901	59119	0	274020	214901	0	14	0	11	3	0	3.1	17.7	234.7	518.8	2251.3	156.8	29.5	5.1	35.4
2620	5.204396018	40.93840248	69.17592793	23	23	341.9405654	806.9902838	5005.929906	264.8340179	123143	116702	0	6441	123143	116702	0	7	0	4	0	3	4.2	56.2	277.7	655.3	4065.1	215.1	33.2	19.7	19.7
2640	55.25367686	272.3668142	1009.124302	435	735	2859.372428	6285.813678	14461.82443	3306.542431	438151	420626	9160	8365	438151	420626	0	26	0	22	2	2	12.6	230.3	652.6	1434.6	3300.6	754.7	62.2	103.4	174.7
2650	3.09494779	20.48491193	49.83283144	21	28	184.0156207	722.0200585	2803.490525	89.19550546	137834	136454	0	1380	137834	136454	0	12	0	10	0	2	2.2	36.2	133.5	523.8	2034	64.7	14.9	15.4	20.5
2655	12.05921025	57.45810039	233.22428	84	214	1153.578061	1537.918351	5283.636741	502.7911126	126525	123623	2015	887	126525	123623	0	8	0	5	2	1	9.5	184.3	911.7	1215.5	4176	397.4	45.4	67.9	173.1
2670	7	141	59	8	39	412	1332	6118	381	236180	188054	48126	0	236180	188054	0	5	0	4	1	0	3	25	174.4	564	2590.4	161.3	59.7	4.3	20.7
2680	69	473	2925	1106	899	6237	14959	48937	11012	1523088	1523088	0	0	1523088	1523088	0	29	0	29	0	0	4.5	192	409.5	982.1	3213	723	31.1	72.6	59
2700	24	175	762	318	408	1672	4456	11092	2467	398038	398038	0	0	398038	398038	0	4	0	4	0	0	6	191.4	420.1	1119.5	2786.7	619.8	44	79.9	102.5
2710	10	113	376	141	209	1465	2796	7515	763	298982	298982	0	0	298982	298982	0	7	0	7	0	0	3.3	125.8	490	935.2	2513.5	255.2	37.8	47.2	69.9
2720	4	69	93	36	112	666	1371	5128	663	194978	194978	0	0	194978	194978	0	13	0	13	0	0	2.1	47.7	341.6	703.2	2630	340	35.4	18.5	57.4
2750	4.205939575	54.83867582	105.9146603	45	48	433.7539968	1485.894503	3005.328181	211.1033618	171505	167159	0	4346	171505	167159	0	7	0	6	0	1	2.5	61.8	252.9	866.4	1752.3	123.1	32	26.9	28.7
2760	26.42152207	145.2187684	608.6334359	320	59	554.1463837	2828.421931	12880.92238	1769.358682	484756	394008	0	90748	484756	394008	0	16	0	9	0	7	5.5	125.6	114.3	583.5	2657.2	365	30	81.2	15
2800	101.7242734	675.147253	2308.378441	768.4175054	1129.311994	5110.556514	15761.97165	52882.69551	7983.304661	1615510	1559298	56212	0	1615510	1559298	0	49	0	45	4	0	6.3	142.9	316.3	975.7	3273.4	494.2	41.8	49.3	72.4
2840	49	299	1687	465	796	5022	8168	24985	7063	883231	883231	0	0	883231	883231	0	16	0	16	0	0	5.5	191	568.6	924.8	2828.8	799.7	33.9	52.6	90.1
2880	11	52	87.49699032	34.16566344	101	694.2484952	896.2424758	2946.263674	314.3253075	104402	104402	0	0	104402	104402	0	9	0	9	0	0	10.5	83.8	665	858.5	2822	301.1	49.8	32.7	96.7
2900	8	149	371	146	171	1527	3041	9836	1091	201263	201263	0	0	201263	201263	0	9	0	9	0	0	4	184.3	758.7	1511	4887.1	542.1	74	72.5	85
2920	18	120.0909091	335.0909091	104	110	911.3636364	2973	9148.545455	1173.545455	249092	247429	1663	0	249092	247429	0	12	0	11	1	0	7.2	134.5	365.9	1193.5	3672.8	471.1	48.2	42	44.5
2960	98.10319563	103.2488555	959.7095996	473	378	1525.497472	4650.005408	16194.61606	3649.051607	628673	542505	2029	84139	628673	440688	0	25	0	19	1	5	15.6	152.7	242.7	739.7	2576	580.4	16.4	107.3	85.8
2975	1.059865181	18.44856727	21.10624255	3	8	266.6644251	533.3566806	2001.361817	72.53373346	121885	119011	0	2874	121885	119011	0	10	0	9	0	1	0.9	17.3	218.8	437.6	1642	59.5	15.1	2.5	6.7
2980	9	33	123.9986098	62.99930491	138.9981464	431.9930491	1398.984708	3148.96038	322.9958295	113778	113778	0	0	113778	113778	0	6	0	6	0	0	7.9	109	379.7	1229.6	2767.6	283.9	29	55.4	122.2
2985	5	49	16	5	2	81	533.3333333	2647.666667	271	97671	94986	2685	0	97671	78707	0	9	0	6	3	0	5.1	16.4	82.9	546.1	2710.8	277.5	50.2	6.4	2.5
2995	6	17.09090909	24	3	17	187	655.3636364	3080.909091	154.2727273	115312	114991	321	0	115312	114991	0	6	0	5	1	0	5.2	20.8	162.2	568.3	2671.8	133.8	14.8	2.6	14.8
3000	28.39963582	450.8494447	962.0478332	328	484	3179.527567	8258.267108	26309.14217	3309.156358	1042852	967482	62192	13178	1042852	967482	0	38	0	31	1	6	2.7	92.3	304.9	791.9	2522.8	317.3	43.2	33.9	50
3040	3	26	30	5	19	67	328.0909091	3207.636364	159	79192	56544	580	0	57124	56544	22068	3	1	1	1	0	5.3	52.5	117.3	574.3	5615.2	278.3	45.5	8.8	33.6
3060	3.200044611	72.61933412	47.83813291	21	9.901246106	384.3457717	1142.285113	4257.053994	395.0032833	162848	153951	1470	7427	162848	106093	0	18	0	13	1	4	2	29.4	236	701.4	2614.1	242.6	44.6	19.8	9.3
3080	7	54	55.2	11	26	311	1196.8	4968.6	293	216484	213957	2527	0	216484	213957	0	5	0	4	1	0	3.2	25.5	143.7	552.8	2295.1	135.3	24.9	5.1	12.2
3120	78.48017337	391.0455279	2071.335898	890.7957022	1009	4307.623449	15228.11905	39211.36347	4217.315638	1183765	1172733	5830	5202	1183765	1172733	0	37	0	28	4	5	6.6	175	363.9	1286.4	3312.4	356.3	33	76	86
3150	6	40.89083302	212.281666	88.89083302	164	623.6266641	2184.794979	4951.731647	505.4541651	128380	126628	1752	0	128380	126628	0	7	0	6	1	0	4.7	165.4	485.8	1701.8	3857.1	393.7	31.9	70.2	129.5
3160	60.0768999	363.1198146	1383.459391	685.6249054	1279.649814	5554.758121	8965.016479	26995.47231	3162.835914	930267	927440	1675	1152	930267	927440	0	37	0	34	2	1	6.5	148.7	597.1	963.7	2901.9	340	39	73.9	138
3180	4	22	107	38	59	280	667	1960	258	128265	128265	0	0	128265	128265	0	4	0	4	0	0	3.1	83.4	218.3	520	1528.1	201.1	17.2	29.6	46
3200	10	103.1818182	266.9884631	53.93170267	42	699.9543144	2752.805721	10100.18964	757.4762331	331818	321714	10104	0	331818	302846	0	10	0	9	1	0	3	80.5	210.9	829.6	3043.9	228.3	31.1	17.8	13.9
3240	12.36726567	168.8993833	509.771522	64	45	1023.278359	2450.540135	12028.98171	927.2304544	615650	570388	29818	15444	615650	499957	0	61	0	42	11	8	2	82.8	166.2	398	1953.9	150.6	27.4	12.8	9
3283	33	188	1288	374	90	1483	5803	22583	3406	949722	949722	0	0	949722	928510	0	33	0	33	0	0	3.5	135.6	156.2	611	2377.9	358.6	19.8	40.3	9.7
3285	5.179642244	30.3413239	90.89821122	31	20	363.2876241	1402.09013	3160.874785	213.8862618	111921	60587	0	51334	111921	60587	0	5	0	3	0	2	4.6	81.2	324.6	1252.7	2824.2	191.1	27.1	51.2	33
3290	11.42807748	100.2687403	186.4798675	42	173	757.6501535	3196.693138	7424.800951	634.4782324	327067	263797	61587	1683	327067	263797	0	23	0	18	1	4	3.5	57	231.6	977.4	2270.1	194	30.7	15.9	65.6
3320	37	235	907	88	117	1019	6087	30396	3997	866566	866566	0	0	866566	866566	0	1	0	1	0	0	4.3	104.7	117.6	702.4	3507.6	461.2	27.1	10.2	13.5
3350	8.18230318	83.95018627	192.4333766	81	196	1073.291086	2081.712467	6550.328859	559.5764413	193994	191485	0	2509	193994	191485	0	6	0	5	0	1	4.2	99.2	553.3	1073.1	3376.6	288.5	43.3	42.3	102.4
3360	322	1383.333333	10388.33333	5520	4114	17906	40642.66667	109515.3333	26155.66667	3988161	3981858	6303	0	3988161	3981858	0	53	0	52	1	0	8.1	260.5	449	1019.1	2746	655.8	34.7	138.6	103.3
3400	9.594864226	51.58086841	114.1911195	9	35	595.1864539	1569.57603	5332.943508	583.8588762	314575	28602	33880	160668	223150	28602	91425	27	14	4	2	7	4.3	51.2	266.7	703.4	2389.8	261.6	23.1	31.5	122.4
3440	22.06336733	141.323626	351.2232158	18	37	1323.014773	2867.356865	10970.36433	1380.800044	341825	340904	0	921	341825	164203	0	10	0	9	0	1	6.5	102.7	387	838.8	3209.4	403.9	41.3	11	22.5
3480	131.2695153	536.6984902	2838.018491	1340	1077	5398.949721	13201.66675	33379.68237	6964.935055	1530548	1146036	0	384512	1530548	1128649	0	33	0	20	0	13	8.6	185.4	352.7	862.5	2180.9	455.1	35.1	118.7	95.4
3500	4	55	34	5	10	432	537	2351	118	102974	102974	0	0	102974	102974	0	3	0	3	0	0	3.9	33	419.5	521.5	2283.1	114.6	53.4	4.9	9.7
3520	10.27860482	74.69765953	107.3850762	32	94	549.1622215	1235.974403	4304.952442	439.705584	156897	144679	3031	9187	156897	144679	0	13	0	10	1	2	6.6	68.4	350	787.8	2743.8	280.3	47.6	22.1	65
3560	58.31252462	300.8794007	1237.499186	770	421	970.0745305	6639.670976	15172.54728	4051.704695	432573	360015	32031	40527	432573	328352	0	17	0	10	1	6	13.5	286.1	224.3	1534.9	3507.5	936.7	69.6	234.5	128.2
3580	10	51	237	6	23	761	1597	3363	627	101635	101635	0	0	101635	50022	0	4	0	4	0	0	9.8	233.2	748.8	1571.3	3308.9	616.9	50.2	12	46
3600	90	581	1928	84	181	6363	12150	38109	5659	1058111	1058111	0	0	1058111	355649	0	13	0	13	0	0	8.5	182.2	601.4	1148.3	3601.6	534.8	54.9	23.6	50.9
3605	9	52	98	48	58	219	1192	3398	367	144325	144325	0	0	144325	144325	0	6	0	6	0	0	6.2	67.9	151.7	825.9	2354.4	254.3	36	33.3	40.2
3610	1	25	34	4	25	248	788	2569.333333	114	138265	138265	0	0	138265	138265	0	9	0	9	0	0	0.7	24.6	179.4	569.9	1858.3	82.5	18.1	2.9	18.1
3620	2	45	75	26	7	161	1022	4499	231	151514	151514	0	0	151514	151514	0	8	0	8	0	0	1.3	49.5	106.3	674.5	2969.4	152.5	29.7	17.2	4.6
3640	23	123	2048	529	224	2301	4819	11387	4814	559109	559109	0	0	559109	559109	0	12	0	12	0	0	4.1	366.3	411.5	861.9	2036.6	861	22	94.6	40.1
3660	17.31605296	136.0061835	164.2652516	55	299.1155361	1438.06698	2485.548818	9066.598419	803.9826325	467053	459552	2270	5231	467053	459552	0	27	0	21	2	4	3.7	35.2	307.9	532.2	1941.2	172.1	29.1	12	65.1
3680	5.470924765	29.52480051	50.47658878	8	17	352.1452604	692.2876936	2107.196364	228.5156776	236200	183035	33362	19803	236200	183035	0	54	0	26	15	13	2.3	21.4	149.1	293.1	892.1	96.7	12.5	4.4	9.3
3700	4	23	40	11	32	169	654	1968	269	77899	77899	0	0	77899	77899	0	2	0	2	0	0	5.1	51.3	216.9	839.5	2526.3	345.3	29.5	14.1	41.1
3710	5.762081358	34.98110436	52.67659361	14	4	199.423836	1343.065634	4461.566837	434.3760998	149498	112033	0	37465	149498	112033	0	8	0	6	0	2	3.9	35.2	133.4	898.4	2984.4	290.6	23.4	12.5	3.6
3720	27.26365411	304.2617645	432.0796816	105	282	1705.227697	4097.129584	14188.82908	1470.310069	448447	424145	15608	8694	448447	424145	0	34	0	24	6	4	6.1	96.4	380.3	913.6	3164	327.9	67.8	24.8	66.5
3740	0	0	0	0	0	0	0	0	0	102811	0	0	0	0	0	102811	10	10	0	0	0									
3760	128.5351793	473.5874686	2843.219429	1230.523152	2189.569457	6060.566436	12165.36345	44476.99616	8665.625772	1749279	993990	51304	17710	1063004	993990	686275	78	33	34	6	5	12.1	267.5	570.1	1144.4	4184.1	815.2	44.6	123.8	220.3
3800	1	34	72	21	0	423.3636364	759.3636364	3023.727273	260.3636364	145084	140267	4817	0	145084	140267	0	5	0	4	1	0	0.7	49.6	291.8	523.4	2084.1	179.5	23.4	15	0
3810	9.041709557	108.976969	200.8611005	63	132	874.9686206	2857.747163	7357.034763	735.3836317	305790	288659	15864	1267	305790	288659	0	11	0	9	1	1	3	65.7	286.1	934.5	2405.9	240.5	35.6	21.8	45.7
3840	31.97894271	236.3349717	767.1715409	379.5497455	577.6492365	2201.228718	4872.272589	15552.00823	2704.734809	665496	659074	4922	1500	665496	659074	0	24	0	18	5	1	4.8	115.3	330.8	732.1	2336.9	406.4	35.5	57.6	87.6
3850	5.313060518	20.49305786	48.45693549	18	38	203.5820102	625.1788844	2550.22826	160.4952667	100918	88887	0	12031	100918	88887	0	4	0	3	0	1	5.3	48	201.7	619.5	2527	159	20.3	20.3	42.8
3870	2	16.2	30	4	4	159.2	280.9	2949.5	156.4	122565	116431	6134	0	122565	96960	0	10	0	8	2	0	1.6	24.5	129.9	229.2	2406.5	127.6	13.2	4.1	4.1
3880	27.62022318	100.2326784	335.6808698	119	368	1796.229059	3684.190641	11684.56634	1096.580511	375982	355932	11514	8536	375982	355932	0	23	0	16	4	3	7.3	89.3	477.7	979.9	3107.7	291.7	26.7	33.4	103.4
3920	4.237512067	38.48938799	67.59320421	11	5	238.7695766	944.2173886	4811.629137	350.8399222	173496	129910	0	43586	173496	129910	0	5	0	3	0	2	2.4	39	137.6	544.2	2773.3	202.2	22.2	8.5	3.8
3960	5.26884088	75.40123125	250.0631699	85	181	845.9737016	2511.766093	8473.074443	672.1222929	180457	176757	0	3700	180457	176757	0	7	0	6	0	1	2.9	138.6	468.8	1391.9	4695.3	372.5	41.8	48.1	102.4
3980	18.21010954	270.8759063	722.1154173	268	396	2033.23498	6697.046531	15517.97956	2277.672413	458509	454075	0	4434	458509	454075	0	15	0	13	0	2	4	157.5	443.4	1460.6	3384.4	496.8	59.1	59	87.2
4000	10.788909	90.16244011	374.7120195	47	18	445.5332129	1884.301331	8207.493952	873.4060066	456131	375328	68654	12149	456131	375328	0	40	0	33	3	4	2.4	82.2	97.7	413.1	1799.4	191.5	19.8	12.5	4.8
4040	19.05146186	242.2271224	389.5788235	55	64	1330.841319	2990.884817	12852.0598	1125.402355	451814	382664	1503	67647	451814	382664	0	25	0	16	1	8	4.2	86.2	294.6	662	2844.5	249.1	53.6	14.4	16.7
4080	9	60	171	41	118	632.1818182	1987.363636	9700.909091	1143	190875	190875	0	0	190875	190875	0	2	0	2	0	0	4.7	89.6	331.2	1041.2	5082.3	598.8	31.4	21.5	61.8
4100	14.91281578	92.43284051	130.0409736	35	111	564.2891262	1929.903267	5994.005243	328.6948556	169449	85837	80220	3392	169449	85837	0	5	0	2	1	2	8.8	76.7	333	1138.9	3537.4	194	54.5	40.8	129.3
4120	134	713	3768	1513	632	3948	14885	33120	12118	1366871	1366871	0	0	1366871	1366871	0	11	0	11	0	0	9.8	275.7	288.8	1089	2423.1	886.6	52.2	110.7	46.2
4150	0	0	0	0	0	0	0	0	0	94022	0	0	0	0	0	94022	4	4	0	0	0									
4200	8	55	103	32	61	371	1197	3279	229	113892	113892	0	0	113892	113892	0	2	0	2	0	0	7	90.4	325.7	1051	2879	201.1	48.3	28.1	53.6
4243	2	48	27	4	3	92	910	2515	111	101995	101995	0	0	101995	101995	0	7	0	7	0	0	2	26.5	90.2	892.2	2465.8	108.8	47.1	3.9	2.9
4280	24	147	532	247	281	1237	2522	9753	937	452425	251527	0	0	251527	251527	200898	18	16	2	0	0	9.5	211.5	491.8	1002.7	3877.5	372.5	58.4	98.2	111.7
4320	5.569233495	66.94857439	160.4695797	51	41	344.7844091	1207.796813	3762.306828	275.7289865	154891	130889	2178	21824	154891	130889	0	10	0	5	1	4	3.6	103.6	222.6	779.8	2429	178	43.2	39	31.3
4360	9	91	168	49	63	980	2073	10635	548	236058	236058	0	0	236058	236058	0	2	0	2	0	0	3.8	71.2	415.2	878.2	4505.2	232.1	38.5	20.8	26.7
4400	47	229	937.4	561	567	2050.2	6347.8	23782	2362.4	558787	557197	1590	0	558787	557197	0	18	0	17	1	0	8.4	167.8	366.9	1136	4256	422.8	41	100.7	101.8
4420	14.75561725	89.26685174	186.044938	69.51123449	84.06740696	520.9140106	1946.18808	6034.004476	733.8690726	211998	210927	1071	0	211998	210927	0	12	0	11	1	0	7	87.8	245.7	918	2846.3	346.2	42.1	33	39.9
4480	891	2557	27818	10109	9670	54954	57051	162389	57307	9348390	9348390	0	0	9348390	9258711	0	89	0	89	0	0	9.5	297.6	587.8	610.3	1737.1	613	27.4	109.2	104.4
4520	55.0651411	163.2180677	1569.520566	200	127	3417.420541	7082.487747	20706.32628	3518.80218	1005889	742103	4341	76447	822891	485308	182998	39	24	10	1	4	6.7	190.7	415.3	860.7	2516.3	427.6	19.8	41.2	26.2
4600	16	136	310.2054552	66	257.2054552	2051.232731	2658.821821	8401.438186	779.6163656	232779	232779	0	0	232779	232779	0	9	0	9	0	0	6.9	133.3	881.2	1142.2	3609.2	334.9	58.4	28.4	110.5
4640	13	53	78	30	59	332	755	3567	260	210538	209213	1325	0	210538	209213	0	8	0	7	1	0	6.2	37	157.7	358.6	1694.2	123.5	25.2	14.3	28.2
4680	39.22376995	124.6073818	592.2588422	7	7	1158.469933	4455.39007	13899.17937	2326.098898	325607	252060	73238	309	325607	61891	0	14	0	9	4	1	12	181.9	355.8	1368.3	4268.7	714.4	38.3	11.3	11.3
4720	5	117.0333333	314.2	100	32	703.1515152	1983.239394	9571.278788	824.2484848	426776	342040	84736	0	426776	342040	0	23	0	18	5	0	1.2	73.6	164.8	464.7	2242.7	193.1	27.4	29.2	9.4
4800	6	52	103.0909091	27	19	86.09090909	1552	4591.818182	279.0909091	175294	168429	6865	0	175294	168429	0	12	0	10	2	0	3.4	58.8	49.1	885.4	2619.5	159.2	29.7	16	11.3
4880	25.05606265	108.1411035	482.9431367	154	251	1982.662242	7700.445476	17800.53883	2786.262293	529723	504699	23321	1703	529723	504699	0	17	0	14	2	1	4.7	91.2	374.3	1453.7	3360.3	526	20.4	30.5	49.7
4890	3.014694139	44.39674175	69.66296497	23	66	348.3844214	1150.633524	5961.73369	391.076517	174926	171506	2356	1064	174926	171506	0	12	0	9	2	1	1.7	39.8	199.2	657.8	3408.1	223.6	25.4	13.4	38.5
4900	21	217	480	145	369	2952	4662	13138	1232	472195	472195	0	0	472195	472195	0	13	0	13	0	0	4.4	101.7	625.2	987.3	2782.3	260.9	46	30.7	78.1
4920	137.1670033	797.4054891	3947.624181	2357	1886	5704.076831	16396.69074	30548.31495	8830.841137	1103954	817724	91137	195093	1103954	817724	0	27	0	21	4	2	12.4	357.6	516.7	1485.3	2767.2	799.9	72.2	288.2	230.6
4940	14	63	195	38	55	1113	2437	4717	721	200627	200627	0	0	200627	200627	0	7	0	7	0	0	7	97.2	554.8	1214.7	2351.1	359.4	31.4	18.9	27.4
5000	200	991	8971	3234	3209	17127	31108	106515	25777	2180614	2180614	0	0	2180614	2180614	0	31	0	31	0	0	9.2	411.4	785.4	1426.6	4884.6	1182.1	45.4	148.3	147.2
5015	16	124	734	242	92	1358	4500	17885	2392	1125428	1125428	0	0	1125428	1125428	0	62	0	62	0	0	1.4	65.2	120.7	399.8	1589.2	212.5	11	21.5	8.2
5080	128	352.0909091	3468.927273	2032	969	3030.254545	9056.981818	44517.61818	8668.818182	1466887	1443347	23540	0	1466887	1443347	0	53	0	47	6	0	8.7	236.5	206.6	617.4	3034.8	591	24	140.8	67.1
5120	82.10858836	1338.311605	3657.608213	373	368	5359.465239	18669.65044	83937.27048	10317.13474	2861221	2790513	62544	8164	2861221	1153826	0	129	0	121	6	2	2.9	127.8	187.3	652.5	2933.6	360.6	46.8	32.3	31.9
5140	0	0	0	0	0	0	0	0	0	89224	0	0	0	0	0	89224	2	2	0	0	0									
5160	47.0777471	163.3970656	1143.500797	201	234	1537.925834	7018.480193	16684.16253	2190.43545	534441	533311	0	1130	534441	290072	0	22	0	21	0	1	8.8	214	287.8	1313.2	3121.8	409.9	30.6	69.3	80.7
5170	25	173	571	184	302	2307	4578	12064	2621	432708	432708	0	0	432708	418088	0	10	0	10	0	0	5.8	132	533.2	1058	2788	605.7	40	44	72.2
5190	18	140	625	110	104	1392	4718	18849	1199	1097079	1097079	0	0	1097079	1097079	0	82	0	82	0	0	1.6	57	126.9	430.1	1718.1	109.3	12.8	10	9.5
5200	14.08159684	71.85386405	184.2510262	84	199	1169.044026	2120.194141	7355.19132	685.7148782	147082	144699	1260	1123	147082	144699	0	5	0	3	1	1	9.6	125.3	794.8	1441.5	5000.7	466.2	48.9	58.1	137.5
5240	32	173.037225	665	40	78.07445008	1180.595601	4065.237451	12145.5454	1588.976875	323102	323102	0	0	323102	125279	0	10	0	10	0	0	9.9	205.8	365.4	1258.2	3759	491.8	53.6	31.9	62.3
5280	1.930003218	29.35907489	68.51056874	5	2	277.2052204	709.2865417	3291.148722	279.6049316	117694	49718	0	67976	117694	49718	0	2	0	1	0	1	1.6	58.2	235.5	602.7	2796.4	237.6	24.9	10.1	4
5330	10	116.0909091	357	98	364	1425.727273	3188.072727	10453.25455	1313.272727	177030	176427	603	0	177030	176427	0	9	0	8	1	0	5.6	201.7	805.4	1800.9	5904.8	741.8	65.6	55.5	206.3
5345	7.595642075	107.3180292	252.6763184	57	147	1092.704036	2433.55681	6264.56586	679.2837685	202047	189477	0	12570	202047	189477	0	3	0	2	0	1	3.8	125.1	540.8	1204.5	3100.5	336.2	53.1	30.1	77.6
5360	94.47083685	637.8612858	2274.388512	1242	2202	8468.772357	10682.65509	42292.68356	6437.247008	1167492	1106049	59189	2254	1167492	1106049	0	37	0	33	3	1	8.1	194.8	725.4	915	3622.5	551.4	54.6	112.3	199.1
5380	45.67819798	446.0366613	1038.678371	116	58	4673.01024	12077.53129	43390.50173	3313.921192	2676622	298455	113198	2264969	2676622	258445	0	39	0	26	10	3	1.7	38.8	174.6	451.2	1621.1	123.8	16.7	44.9	22.4
5483	62	342	2498	978	359	3535	9888	36960	6820	1566792	1566792	0	0	1566792	1353701	0	42	0	42	0	0	4	159.4	225.6	631.1	2359	435.3	21.8	72.2	26.5
5523	4	62	146	21	15	318	792	3042	268	134851	134851	0	0	134851	68471	0	7	0	7	0	0	3	108.3	235.8	587.3	2255.8	198.7	46	30.7	21.9
5560	211	502	3894	2400	1692	6420	12936	44907.5	11757	1310328	1307777	2551	0	1310328	1281466	0	19	0	18	1	0	16.1	297.2	490	987.2	3427.2	897.3	38.3	187.3	132
5600	684.6828818	1823.741462	37550.14412	7463	4364	42800.14668	44406.82395	163830.0912	42978.41645	8703370	8382975	296340	24055	8703370	8323733	0	57	0	45	11	1	7.9	431.4	491.8	510.2	1882.4	493.8	21	89.7	52.4
5640	134	395	5961	2479	947	5527	12566	37313	15123	1958829	1958829	0	0	1958829	1958829	0	109	0	109	0	0	6.8	304.3	282.2	641.5	1904.9	772	20.2	126.6	48.3
5660	14.40039493	82.50127091	233.1082061	41	58	767.3149692	1699.029133	6634.674533	468.6889747	369753	258768	101570	9415	369753	258768	0	36	0	23	10	3	3.9	63	207.5	459.5	1794.4	126.8	22.3	15.8	22.4
5720	119	577	3087	1257	670	4025	11016.18182	48181.2	5883.2	1560783	1342983	217800	0	1560783	1342983	0	16	0	15	1	0	7.6	197.8	257.9	705.8	3087	376.9	37	93.6	49.9
5775	142	761	5248	1738	977	8535	18098	66766	14833	2352489	2352489	0	0	2352489	2352489	0	35	0	35	0	0	6	223.1	362.8	769.3	2838.1	630.5	32.3	73.9	41.5
5790	11	162	259	107	241	1520	2592	6819	501	244675	244675	0	0	244675	244675	0	4	0	4	0	0	4.5	105.9	621.2	1059.4	2787	204.8	66.2	43.7	98.5
5800	5	94	151	49	128	790	2130	7005	462	248909	248909	0	0	248909	248909	0	4	0	4	0	0	2	60.7	317.4	855.7	2814.3	185.6	37.8	19.7	51.4
5880	79	562	1287	564	712.1869783	3690.495826	12258.65442	41972.05676	5040.186978	1042469	1042469	0	0	1042469	1042469	0	41	0	41	0	0	7.6	123.5	354	1175.9	4026.2	483.5	53.9	54.1	68.3
5910	4	110.2	93	26	39	354.8	1701.8	4969.2	493	204640	203147	1493	0	204640	203147	0	8	0	7	1	0	2	45.4	173.4	831.6	2428.3	240.9	53.9	12.8	19.2
5920	40	284	1082	544	771	4002	5174	22004	4552	695653	695653	0	0	695653	695653	0	16	0	16	0	0	5.7	155.5	575.3	743.8	3163.1	654.3	40.8	78.2	110.8
5945	92	474	2845	1189	724	5386	12828	45133	9820	2761574	2761574	0	0	2761574	2761574	0	32	0	32	0	0	3.3	103	195	464.5	1634.3	355.6	17.2	43.1	26.2
5960	79.06591393	756.5884947	3331.17333	1460	1345	10914.60281	20119.20991	61260.71664	8844.994886	1524265	1522874	0	1391	1524265	1522874	0	35	0	34	0	1	5.2	218.5	716.1	1319.9	4019	580.3	49.6	95.9	88.3
5990	3	18	46	12	6	81	623	2143	133	91702	91702	0	0	91702	91702	0	2	0	2	0	0	3.3	50.2	88.3	679.4	2336.9	145	19.6	13.1	6.5
6015	11	68	97	33	155	566	1427	4679	347	148923	148923	0	0	148923	148923	0	8	0	8	0	0	7.4	65.1	380.1	958.2	3141.9	233	45.7	22.2	104.1
6020	3.056391258	64.68836225	19.73062827	6	50	495.0496652	647.5424628	2346.606612	184.1905884	150245	148083	0	2162	150245	148083	0	9	0	7	0	2	2	13.1	329.5	431	1561.9	122.6	43.1	4.1	33.8
6080	11	183	472	182	263	2037	3458	10322	785	404857	404857	0	0	404857	404857	0	5	0	5	0	0	2.7	116.6	503.1	854.1	2549.5	193.9	45.2	45	65
6120	12	0	388	0	0	572	2247	6062	985	347156	111914	0	0	0	0	235242	29	28	1	0	0	10.7	346.7	511.1	2007.8	5416.7	880.1			
6160	386.0778453	1577.139226	14413.96825	5611	4017	17446.9721	28448.13806	115003.468	27316.7016	4948584	4604958	270267	73359	4948584	4588630	0	266	0	216	44	6	7.8	291.3	352.6	574.9	2324	552	31.9	122.3	87.5
6200	286	872.6666667	5470	2619	3206	10935.66667	34180.66667	107820.3333	29332.66667	2999541	2927376	72165	0	2999541	2927376	0	27	0	25	2	0	9.5	182.4	364.6	1139.5	3594.6	977.9	29.1	89.5	109.5
6240	9	60	237	124	301	880	1505	2419	491	81976	81976	0	0	81976	81976	0	2	0	2	0	0	11	289.1	1073.5	1835.9	2950.9	599	73.2	151.3	367.2
6280	101.9552693	506.4266301	2634.102826	863	582	4431.12173	9378.105029	39563.80592	6734.695657	2344699	1963711	233778	147210	2344699	1918714	0	247	0	151	52	44	4.3	112.3	189	400	1687.4	287.2	21.6	45	30.3
6323	0.274492235	31.58431164	35.66838521	5	14	373.5509195	785.0473483	2154.455535	225.1291795	133645	115340	0	18305	133645	69619	0	17	0	11	0	6	0.2	26.7	279.5	587.4	1612.1	168.5	23.6	7.2	20.1
6340	1	14	16	6	31	178	322	1755	75	76268	76268	0	0	76268	76268	0	3	0	3	0	0	1.3	21	233.4	422.2	2301.1	98.3	18.4	7.9	40.6
6403	4.2	50.2	83.2	12	5	172.4	1420.3	6233.8	245.2	255334	233866	21468	0	255334	233866	0	14	0	12	2	0	1.6	32.6	67.5	556.3	2441.4	96	19.7	5.1	2.1
6440	58.04098891	820.1456202	2211.070061	653	830	6296.57352	14953.9508	61923.32307	9259.363896	1838195	1820335	14892	2968	1838195	1758588	0	50	0	41	7	2	3.2	120.3	342.5	813.5	3368.7	503.7	44.6	37.1	47.2
6483	33	345	747	175	214	1454	5818	20229	3931	907936	907936	0	0	907936	775208	0	33	0	33	0	0	3.6	82.3	160.1	640.8	2228	433	38	22.6	27.6
6520	0	126	46	14	36	264	1813	10303	748	340443	340443	0	0	340443	340443	0	13	0	13	0	0	0	13.5	77.5	532.5	3026.4	219.7	37	4.1	10.6
6560	6	102	165	28	127	855	1144.272727	5101.272727	362	137759	137759	0	0	137759	137759	0	2	0	2	0	0	4.4	119.8	620.6	830.6	3703	262.8	74	20.3	92.2
6580	2	10	38	16	19	162	698	2086	222	136665	136665	0	0	136665	136665	0	2	0	2	0	0	1.5	27.8	118.5	510.7	1526.4	162.4	7.3	11.7	13.9
6600	7	25	241	70	27	268	1267	5136	601	187079	187079	0	0	187079	187079	0	7	0	7	0	0	3.7	128.8	143.3	677.3	2745.4	321.3	13.4	37.4	14.4
6640	60.29947727	292.0624472	2353.614477	1270.204298	768	3308.211642	14388.23426	39348.57244	4619.888273	1094797	1071985	8734	14078	1094797	1071985	0	37	0	32	3	2	5.5	215	302.2	1314.2	3594.1	422	26.7	118.5	71.6
6660	3	93	37	4	17	175	741	4059	210	87103	87103	0	0	87103	87103	0	3	0	3	0	0	3.4	42.5	200.9	850.7	4660	241.1	106.8	4.6	19.5
6680	17.41905955	84.48205176	539.5841774	165	150	736.0397881	2299.480864	7480.886737	810.4410818	355735	286495	51618	17622	355735	254447	0	36	0	20	11	5	4.9	151.7	206.9	646.4	2102.9	227.8	23.7	64.8	59
6690	11	89	95	27	61	601	1374	3121	495	166757	166757	0	0	166757	166757	0	3	0	3	0	0	6.6	57	360.4	824	1871.6	296.8	53.4	16.2	36.6
6720	21	166	443	117	103	830	2574	9792	1042	324856	324856	0	0	324856	324856	0	3	0	3	0	0	6.5	136.4	255.5	792.4	3014.3	320.8	51.1	36	31.7
6740	2	78	81	26	66	340	1218	5322	434	184864	184864	0	0	184864	184864	0	8	0	8	0	0	1.1	43.8	183.9	658.9	2878.9	234.8	42.2	14.1	35.7
6760	114.2	293.2	1619	294	173	2245.2	6920.2	29891	3994.4	968528	961351	7177	0	968528	764846	0	15	0	14	1	0	11.8	167.2	231.8	714.5	3086.2	412.4	30.3	38.4	22.6
6780	198	1090	4406.090909	1599	1914	12652.45455	30393.90909	57000	16557	3159693	3159693	0	0	3159693	3159693	0	50	0	50	0	0	6.3	139.4	400.4	961.9	1804	524	34.5	50.6	60.6
6800	8	68	253	127	104	558	968	5072.61039	448	230564	230564	0	0	230564	230564	0	5	0	5	0	0	3.5	109.7	242	419.8	2200.1	194.3	29.5	55.1	45.1
6820	4	54	39	0	1	111	443	2270	232	117939	117939	0	0	117939	4987	0	3	0	3	0	0	3.4	33.1	94.1	375.6	1924.7	196.7	45.8	0	20.1
6840	37.49881353	216.667849	1073.653945	421	190	1167.913274	6276.213516	26829.10607	3066.411084	1083150	858927	220643	3580	1083150	752875	0	42	0	30	10	2	3.5	99.1	107.8	579.4	2477	283.1	20	55.9	25.2
6880	17	0	473	0	0	792	2961	7894	894	359347	144646	0	0	0	0	214701	19	18	1	0	0	11.8	327	547.5	2047.1	5457.5	618.1			
6895	15.08409034	27.34230252	277.3011933	123.8736358	110.4368179	506.5314418	2005.984973	4746.391583	363.180372	148187	145846	1430	911	148187	145846	0	14	0	10	3	1	10.2	187.1	341.8	1353.7	3203	245.1	18.5	84.9	75.7
6920	86	473	2675	751	635	4936	13069	36571	10008	1554407	1554407	0	0	1554407	1554407	0	13	0	13	0	0	5.5	172.1	317.5	840.8	2352.7	643.8	30.4	48.3	40.9
6960	19.4648588	236.8721735	343.0033261	115	299	1442.388255	2972.500889	10158.55608	963.2242409	403897	341550	50016	12331	403897	341550	0	28	0	19	5	4	4.8	84.9	357.1	736	2515.1	238.5	58.6	33.7	87.5
6980	9.617607867	35.60678931	26.16073918	1	1	80.23255068	490.1392604	2653.351647	188.1851997	163942	55278	63590	45074	163942	26245	0	13	0	10	1	2	5.9	16	48.9	299	1618.5	114.8	21.7	3.8	3.8
7000	0.066292822	21.1534951	30.20857257	5	15	250.9996092	820.3302918	3616.352946	299.086203	97871	93304	0	4567	97871	93304	0	4	0	3	0	1	0.1	30.9	256.5	838.2	3695	305.6	21.6	5.4	16.1
7040	158.2393169	443.9769957	3618.809177	1442	1887	7240.037294	15378.92128	65100.58733	10659.47464	2579788	1806060	95001	69716	1970777	1752513	609011	149	62	75	6	6	8	183.6	367.4	780.3	3303.3	540.9	22.5	82.3	107.7
7080	3	134.2	192.4	6	4	311.6	2566.454545	13422.4	1339.181818	333539	329090	4449	0	333539	201068	0	18	0	16	2	0	0.9	57.7	93.4	769.5	4024.2	401.5	40.2	3	2
7120	29	137	548	191	192	1446	2115	7520	1126	370961	370961	0	0	370961	370961	0	13	0	13	0	0	7.8	147.7	389.8	570.1	2027.2	303.5	36.9	51.5	51.8
7160	43.00874391	573.2299372	1055.148646	353	516	2979.901442	10233.94309	56187.13215	5914.159442	1286070	1278005	7648	417	1286070	1278005	0	32	0	30	1	1	3.3	82	231.7	795.8	4368.9	459.9	44.6	27.6	40.4
7200	4.677919243	67.25128875	38.53470484	7	28	305.2539745	768.2879329	3534.308258	164.3470958	104255	89504	0	14751	104255	89504	0	2	0	1	0	1	4.5	37	292.8	736.9	3390.1	157.6	64.5	7.8	31.3
7240	114	733	1844	863	1106	5143	13745	65305	6333	1560489	1560489	0	0	1560489	1560489	0	28	0	28	0	0	7.3	118.2	329.6	880.8	4184.9	405.8	47	55.3	70.9
7320	106	811	3468	851	1307	9915	15230	51081	17106	2821328	2821328	0	0	2821328	2821328	0	19	0	19	0	0	3.8	122.9	351.4	539.8	1810.5	606.3	28.7	30.2	46.3
7360	84	389	4113	891	283	4744	9432	42711	8328	1707970	1707970	0	0	1707970	1707970	0	32	0	32	0	0	4.9	240.8	277.8	552.2	2500.7	487.6	22.8	52.2	16.6
7400	37	494	1139	295	238	5775	5788	30574	4441	1665259	1665259	0	0	1665259	1665259	0	16	0	16	0	0	2.2	68.4	346.8	347.6	1836	266.7	29.7	17.7	14.3
7460	4	84	57	12	41	514	1286	4523	339	237800	237800	0	0	237800	237800	0	8	0	8	0	0	1.7	24	216.1	540.8	1902	142.6	35.3	5	17.2
7480	5	114	238	55	60	1069	1755	6721	470	395208	395208	0	0	395208	395208	0	8	0	8	0	0	1.3	60.2	270.5	444.1	1700.6	118.9	28.8	13.9	15.2
7485	4	67	165	26	45	829	1597	5517	441	246554	246554	0	0	246554	246554	0	5	0	5	0	0	1.6	66.9	336.2	647.7	2237.6	178.9	27.2	10.5	18.3
7490	6.421966301	96.95318204	107.2380329	3	38	608.9328212	2184.557794	3595.549987	290.8768414	141968	72102	67993	1873	141968	69605	0	5	0	3	1	1	4.5	75.5	428.9	1538.8	2532.6	204.9	68.3	4.3	54.6
7500	8	161	258	67	56	877	2442	9185	751	439652	439652	0	0	439652	439652	0	10	0	10	0	0	1.8	58.7	199.5	555.4	2089.2	170.8	36.6	15.2	12.7
7510	25.78281679	169.9891681	698.6875721	197	287	2628.29361	5858.267185	16495.46285	1770.826401	550192	533672	0	16520	550192	533672	0	11	0	10	0	1	4.7	127	477.7	1064.8	2998.1	321.9	30.9	36.9	53.8
7520	43.09090909	108.8181818	757.3636364	14	8	1073.25974	3039.649351	10804.42857	1752.519481	290964	230349	60615	0	290964	25663	0	14	0	8	6	0	14.8	260.3	368.9	1044.7	3713.3	602.3	37.4	54.6	31.2
7560	14.59564098	111.5822494	312.5504783	39	27	940.2454984	2126.208541	9932.390034	1016.45925	615110	360133	69370	185607	615110	360133	0	91	0	39	20	32	2.4	50.8	152.9	345.7	1614.7	165.2	18.1	10.8	7.5
7600	88.35954687	1143.629125	3096.56645	802	730	4741.730367	19156.68073	81846.27103	20370.6866	2339899	2228511	58822	52566	2339899	2228511	0	58	0	49	3	6	3.8	132.3	202.6	818.7	3497.9	870.6	48.9	36	32.8
7610	3.08044935	29.09306029	47.1533785	15	20	119.7360068	482.1225861	2044.390193	170.9470535	121862	93858	24621	3383	121862	93858	0	18	0	8	6	4	2.5	38.7	98.3	395.6	1677.6	140.3	23.9	16	21.3
7620	0	18	21	7	0	81	350	2419	121	110738	110738	0	0	110738	110738	0	6	0	6	0	0	0	19	73.1	316.1	2184.4	109.3	16.3	6.3	0
7640	4	34	63	16	39	232	825	3285	228	104295	104295	0	0	104295	104295	0	7	0	7	0	0	3.8	60.4	222.4	791	3149.7	218.6	32.6	15.3	37.4
7680	39	179	620	325	698	2299	5460	16076	1416	378907	378907	0	0	378907	378907	0	13	0	13	0	0	10.3	163.6	606.7	1441	4242.7	373.7	47.2	85.8	184.2
7720	3	126	56	10	39	482	1079	4090	357	120748	120748	0	0	120748	120748	0	5	0	5	0	0	2.5	46.4	399.2	893.6	3387.2	295.7	104.3	8.3	32.3
7760	5.018623633	95.21351507	46.19176839	9	53	287.0710784	858.2226379	4066.88622	279.8426611	162177	144478	986	16713	162177	144478	0	8	0	5	1	2	3.1	28.5	177	529.2	2507.7	172.6	58.7	6.2	36.7
7800	21	104	463	203	115	487	3129	10260	1097	260000	260000	0	0	260000	260000	0	3	0	3	0	0	8.1	178.1	187.3	1203.5	3946.2	421.9	40	78.1	44.2
7840	15.09905765	129.3773836	513.1545944	117	230	1258.362746	5586.616407	15976.1112	1482.614316	413489	405227	4432	3830	413489	405227	0	5	0	3	1	1	3.7	124.1	304.3	1351.1	3863.7	358.6	31.3	28.9	56.8
7880	10	0	242	0	0	835	1793	4954	373	205252	117905	0	0	0	0	87347	14	13	1	0	0	8.5	205.2	708.2	1520.7	4201.7	316.4			
7920	6	89	135	37	38	524	2511	9804	885	306532	306532	0	0	306532	306532	0	5	0	5	0	0	2	44	170.9	819.2	3198.4	288.7	29	12.1	12.4
8003	22.40241866	287.2547712	744.7082647	148	235	4832.502002	5758.482836	12674.88952	2669.821997	591679	563367	1476	26836	591679	522216	0	35	0	26	1	8	3.8	125.9	816.7	973.2	2142.2	451.2	48.5	28.3	45
8050	3.145251147	39.45081919	19.12865382	5	4	94.25366476	462.6791568	2536.647002	110.4948164	132618	120613	5897	6108	132618	120613	0	7	0	5	1	1	2.4	14.4	71.1	348.9	1912.7	83.3	29.7	4.1	3.3
8080	3.529143173	32.60131471	50.45674988	0	10	239.1855041	640.6153545	2173.989354	203.6911759	134709	35106	15158	84445	134709	35106	0	13	0	6	1	6	2.6	37.5	177.6	475.6	1613.8	151.2	24.2	0	28.5
8120	39	208	1157	315	596	2784.090909	5009	16839	3624.090909	558509	558509	0	0	558509	558509	0	7	0	7	0	0	7	207.2	498.5	896.9	3015	648.9	37.2	56.4	106.7
8140	8.0906511	35.70135325	230.4053801	112	127	572.2283563	1347.437669	1930.339002	425.1960275	108517	107159	0	1358	108517	107159	0	4	0	2	0	2	7.5	212.3	527.3	1241.7	1778.8	391.8	32.9	104.5	118.5
8160	12.15308639	129.2477101	627.2118325	23	9	1485.850636	4453.377375	14458.54874	1132.85429	735500	612491	120024	2985	735500	460098	0	34	0	26	7	1	1.7	85.3	202	605.5	1965.8	154	17.6	5	2
8200	20.42925844	354.3022027	1129.003604	402	741	2943.406006	8206.841253	25694.49727	5487.16431	684484	667887	0	16597	684484	667887	0	20	0	14	0	6	3	164.9	430	1199	3753.8	801.6	51.8	60.2	110.9
8240	9.193477056	210.7274076	640.3146705	360	377	2193.316514	3766.451508	10867.41555	1431.402675	264438	260355	0	4083	264438	260355	0	9	0	8	0	1	3.5	242.1	829.4	1424.3	4109.6	541.3	79.7	138.3	144.8
8280	120	1162	5420	1992	1998	14507	27759	80960	15173	2286100	2286100	0	0	2286100	2286100	0	33	0	33	0	0	5.2	237.1	634.6	1214.3	3541.4	663.7	50.8	87.1	87.4
8320	3.227711374	38.10556537	88.49621221	25	14	275.9079199	1525.028123	4902.647818	554.6902824	149729	64534	0	85195	149729	64534	0	7	0	3	0	4	2.2	59.1	184.3	1018.5	3274.3	370.5	25.4	38.7	21.7
8360	6	60	92	42	116	554	1068	3472	251	124773	124773	0	0	124773	124773	0	9	0	9	0	0	4.8	73.7	444	856	2782.7	201.2	48.1	33.7	93
8400	17.76621165	231.5348846	1013.514771	17	1	1295.497685	6302.382415	20755.51076	3192.011549	612501	517059	66066	29376	612501	161997	0	24	0	16	3	5	2.9	165.5	211.5	1029	3388.6	521.1	37.8	10.5	0.6
8440	15	101	377	0	0	615	2436	9107	699	166919	120108	0	0	120108	0	46811	4	3	1	0	0	12.5	313.9	512	2028.2	7582.3	582	84.1		
8480	10	80	764	193	99	830	2528	7268	1815	332790	332790	0	0	332790	332790	0	13	0	13	0	0	3	229.6	249.4	759.6	2184	545.4	24	58	29.7
8520	61	342	1508	444	924	3404	8348	35853	6545	809336	806957	2379	0	809336	806957	0	6	0	5	1	0	7.5	186.3	420.6	1031.5	4429.9	808.7	42.3	55	114.5
8560	59.0386903	328.339657	1001.496865	53	148.9765112	4207.870518	8893.220575	20601.55992	4157.488382	779536	778504	0	1032	779536	395831	0	35	0	34	0	1	7.6	128.5	539.8	1140.8	2642.8	533.3	42.1	13.4	37.6
8600	21	82	258.0320466	147	283.0640932	924.1922797	2155.160233	9963.506191	605.0961398	161428	161428	0	0	161428	161428	0	5	0	5	0	0	13	159.8	572.5	1335.1	6172.1	374.8	50.8	91.1	175.4
8640	14.72299267	79.97744849	154.4961929	8	71	648.7477028	1709.624917	5204.651729	505.2995977	171213	84386	85116	1711	171213	84386	0	8	0	6	1	1	8.6	90.2	378.9	998.5	3039.9	295.1	46.7	9.5	84.1
8680	8	58.9541611	163.6	56	32.9541611	444.278359	1394.112845	5550.840413	338.0242424	295022	227524	67498	0	295022	227524	0	23	0	16	7	0	2.7	55.5	150.6	472.5	1881.5	114.6	20	24.6	14.5
8720	18	142	765	238	94	1791	3524	11371	1876	503980	503980	0	0	503980	503980	0	14	0	14	0	0	3.6	151.8	355.4	699.2	2256.2	372.2	28.2	47.2	18.7
8735	19	129	654	177	144	1341	3653	10145	1410	742690	742690	0	0	742690	742690	0	11	0	11	0	0	2.6	88.1	180.6	491.9	1366	189.9	17.4	23.8	19.4
8750	3	30	68	15	32	375	809	2531	144	83840	83840	0	0	83840	83840	0	2	0	2	0	0	3.6	81.1	447.3	964.9	3018.8	171.8	35.8	17.9	38.2
8760	3	57	311	41	87	620	1477	3836	370	140832	140832	0	0	140832	140832	0	4	0	4	0	0	2.1	220.8	440.2	1048.8	2723.8	262.7	40.5	29.1	61.8
8780	24	106	288	99	194	1873	3775	7697	1661	360444	360444	0	0	360444	360444	0	9	0	9	0	0	6.7	79.9	519.6	1047.3	2135.4	460.8	29.4	27.5	53.8
8800	19	138	292	111	230	857	2579	8126	1235	206376	206376	0	0	206376	206376	0	14	0	14	0	0	9.2	141.5	415.3	1249.7	3937.5	598.4	66.9	53.8	111.4
8840	415.8717359	1114.476805	8086.189869	1948	1365	13068.80993	24983.34468	120788.2291	23664.63766	4708365	3706026	904472	97867	4708365	3187026	0	66	0	57	2	7	8.8	171.7	277.6	530.6	2565.4	502.6	23.7	61.1	42.8
8920	0.094355788	45.91251923	109.2427645	28	43	302.5215271	1333.523331	3799.528429	319.5424447	121416	116765	0	4651	121416	116765	0	4	0	3	0	1	0.1	90	249.2	1098.3	3129.3	263.2	37.8	24	36.8
8940	4	27.1058276	14	3	4	105.134216	457.5634221	2009.209719	123.3554781	123859	118100	5759	0	123859	118100	0	9	0	7	2	0	3.2	11.3	84.9	369.4	1622.2	99.6	21.9	2.5	3.4
8960	58	452	2551	864	844	5734	14870	42876	8754	1046143	1046143	0	0	1046143	1046143	0	33	0	33	0	0	5.5	243.8	548.1	1421.4	4098.5	836.8	43.2	82.6	80.7
9000	7.377522453	47.24041664	55.98118119	0	9	298.5044221	759.6548056	2196.994687	248.7981067	152998	66155	42805	44038	152998	66155	0	18	0	5	6	7	4.8	36.6	195.1	496.5	1436	162.6	30.9	0	13.6
9040	27	169	700	319	242	1031	3990	13388	1672	549463	332286	0	0	332286	332286	217177	34	33	1	0	0	8.1	210.7	310.3	1200.8	4029.1	503.2	50.9	96	72.8
9080	4	67	126	31	61	477	1223	4288	498	139213	139213	0	0	139213	139213	0	7	0	7	0	0	2.9	90.5	342.6	878.5	3080.2	357.7	48.1	22.3	43.8
9140	3.225296229	18.68630814	62.40387463	18	6	140.6222453	579.8580348	2275.312803	149.3433172	117235	106595	1166	9474	117235	106595	0	11	0	6	1	4	2.8	53.2	119.9	494.6	1940.8	127.4	15.9	16.9	5.6
9160	21	22	1227	471	454	2532	3970	17149	2755	572834	572834	0	0	83114	572834	0	13	0	13	0	0	3.7	214.2	442	693	2993.7	480.9	26.5	82.2	79.3
9200	14.08233653	67.33516339	440.5138336	200	203	670.4831982	4008.72571	7838.602151	1078.50831	221265	213105	7268	892	221265	213105	0	18	0	11	6	1	6.4	199.1	303	1811.7	3542.6	487.4	30.4	93.9	95.3
9260	11	121	141	40	100	343	3226	8229	1292	220634	220634	0	0	220634	220634	0	13	0	13	0	0	5	63.9	155.5	1462.1	3729.7	585.6	54.8	18.1	45.3
9270	6	49	114	38	22	867	923	3373	620	156103	156103	0	0	156103	156103	0	5	0	5	0	0	3.8	73	555.4	591.3	2160.8	397.2	31.4	24.3	14.1
9280	7.327973118	86.53058667	148.728448	36	28	389.8880581	1093.983053	6851.299006	447.9729563	373024	297902	19279	55843	373024	297902	0	24	0	17	4	3	2	39.9	104.5	293.3	1836.7	120.1	23.2	12.1	9.4
9320	39.31020024	137.9615043	619.2650723	239	203	996.2399439	4398.493858	13036.03389	1918.491313	594242	203383	105857	285002	594242	203383	0	38	0	11	7	20	6.6	104.2	167.6	740.2	2193.7	322.8	23.2	117.5	99.8
9340	7	45	101	23	33	436	1504	2968	653	139051	139051	0	0	139051	139051	0	5	0	5	0	0	5	72.6	313.6	1081.6	2134.5	469.6	32.4	16.5	23.7
9360	3	35.71428571	54.14285714	6	9	510.8571429	1160.142857	3249.285714	552.8571429	135367	71467	63900	0	135367	71467	0	5	0	4	1	0	2.2	40	377.4	857	2400.4	408.4	26.4	8.4	12.6
