msa04	mmurd04	mrape04	mrobt04	mrobg04	massg04	massa04	mburg04	mlarc04	mmoto04	mpop04	mpopcm04	mpopg304	mpopl304	mpoprp04	mpopgn04	mpopna04	mct04	mctna04	mctcm04	mctg304	mctl304	mrmurd04	mrrobt04	mrassa04	mrburg04	mrlarc04	mrmoto04	mrrape04	mrrobg04	mrassg04
0	13908.6617	74418.38256	377121.6345	126884.7112	124401.5941	719913.064	1731722.98	5751404.282	1126949.411	236380407	220591656	4342328	4289523	225535087	202186298	7156900	7590	497	6057	414	622	6.1	164.5	314.1	755.5	2509.1	491.6	33	62.8	61.5
40	6	58	181	52	102	272	1832	4069	293	133076	133076	0	0	133076	133076	0	5	0	5	0	0	4.5	136	204.4	1376.7	3057.7	220.2	43.6	39.1	76.6
80	26.53716278	320.7656849	787.2929213	208.9971727	145.9981151	771.7979899	5318.532028	18021.50751	2199.651542	703067	583419	84074	35574	703067	583419	0	32	0	23	4	5	3.8	112	109.8	756.5	2563.3	312.9	45.6	35.8	25
120	5	55	234.6	90	81	295.6	1827.145455	4202.709091	417.6	126161	105477	20684	0	126161	105477	0	5	0	3	2	0	4	186	234.3	1448.3	3331.2	331	43.6	85.3	76.8
160	30.03713366	219.1269218	822.3280743	191	175	1812.310162	4562.292586	17460.05181	1394.203992	891730	862520	27557	1653	891730	862520	0	42	0	39	2	1	3.4	92.2	203.2	511.6	1958	156.3	24.6	22.1	20.3
200	65.44631561	357.7461855	1398.736788	630	957	4692.128685	7389.150821	25011.68534	4948.21632	759510	751397	1020	7093	759510	751397	0	15	0	12	2	1	8.6	184.2	617.8	972.9	3293.1	651.5	47.1	83.8	127.4
220	11.62442207	38.89412309	217.8290352	107	264	1060.624782	1963.615381	4663.874499	440.5748998	127945	119126	200	8619	127945	119126	0	9	0	3	1	5	9.1	170.3	829	1534.7	3645.2	344.3	30.4	89.8	221.6
240	24.27090269	179.1249042	650.3631493	189.6983444	105	1062.632537	3329.244268	14469.40416	1306.371772	660994	574344	2562	84088	660994	574344	0	53	0	37	1	15	3.7	98.4	160.8	503.7	2189	197.6	27.1	33	18.3
280	3.318781935	37.37586301	90.76597834	24	16	166.9711258	693.5628791	1969.111665	184.0409427	127595	108944	6847	11804	127595	108944	0	13	0	7	2	4	2.6	71.1	130.9	543.6	1543.3	144.2	29.3	22	14.7
320	12	86	382	98	215	1038	2522	8874	1033	228442	228442	0	0	228442	228442	0	5	0	5	0	0	5.3	167.2	454.4	1104	3884.6	452.2	37.6	42.9	94.1
380	15	265	339	113	176	1692	1597	8242	1108	286671	286671	0	0	286671	286671	0	3	0	3	0	0	5.2	118.3	590.2	557.1	2875.1	386.5	92.4	39.4	61.4
440	12.09085375	238.2611156	325.3095531	143.5243341	154.6797517	1047.266796	2903.996985	10115.35968	1319.821006	614211	594053	16561	3597	614211	594053	0	28	0	24	3	1	2	53	170.5	472.8	1646.9	214.9	38.8	24.2	26
450	7.966337423	58.65218137	197.8679969	88.01815027	125.0726011	412.7688689	1480.337194	3909.987039	314.8913658	112744	97047	13109	2588	112744	97047	0	10	0	7	1	2	7.1	175.5	366.1	1313	3468	279.3	52	90.7	128.9
460	3	77.6831392	58	18	18.47301262	296.9460252	1163.036865	6937.797414	299.5520012	371773	371773	0	0	371773	371773	0	24	0	24	0	0	0.8	15.6	79.9	312.8	1866.1	80.6	20.9	4.8	5
480	9.097703947	50.4585492	287.3724676	104	44	335.7401399	2269.17395	5200.61291	907.2773949	236235	103704	131217	1314	236235	103704	0	11	0	7	2	2	3.9	121.6	142.1	960.6	2201.5	384.1	21.4	100.3	42.4
500	5.031857316	60.42058871	179.4490005	51	68	321.0860504	1387.068343	5875.125806	446.1122132	161499	104361	56633	505	161499	104361	0	8	0	1	6	1	3.1	111.1	198.8	858.9	3637.9	276.2	37.4	48.9	65.2
520	358.3930274	1313.217612	9274.130186	3598	2329	12966.48445	43048.73105	118833.4752	28537.61675	4538568	3798420	546206	193942	4538568	2631672	0	108	0	57	39	12	7.9	204.3	285.7	948.5	2618.3	628.8	28.9	136.7	88.5
560	14	113	628	165	118	1026	2800	11878	618	367812	367812	0	0	367812	367812	0	33	0	33	0	0	3.8	170.7	278.9	761.3	3229.4	168	30.7	44.9	32.1
580	10.22906043	62.22165561	111.1304925	63.83248341	104.1378973	370.4900454	1238.76245	3785.839169	193.9874956	120343	120343	0	0	120343	120343	0	5	0	5	0	0	8.5	92.3	307.9	1029.4	3145.9	161.2	51.7	53	86.5
600	20.44902901	250.3687291	607.1448791	229	231	679.789847	4384.804375	15099.70954	2444.304613	495925	381534	112557	1834	495925	381534	0	21	0	16	4	1	4.1	122.4	137.1	884.2	3044.8	492.9	50.5	60	60.5
640	35	509.5744308	1569	532	517	2994.574431	10699.51051	44705.02102	3579.787215	1400772	1399873	899	0	1400772	1399873	0	40	0	39	1	0	2.5	112	213.8	763.8	3191.5	255.6	36.4	38	36.9
680	51	217	931	215	407	3222	8227	18651	4904	721313	721313	0	0	721313	721313	0	10	0	10	0	0	7.1	129.1	446.7	1140.6	2585.7	679.9	30.1	29.8	56.4
720	329	627	6916	1157	773	15517	18872	65114	12578	2639571	2639571	0	0	2639571	2005292	0	17	0	17	0	0	12.5	262	587.9	715	2466.8	476.5	23.8	57.7	38.5
733	1	20	29	3	1	55	929	3561	140	148279	148279	0	0	148279	148279	0	13	0	13	0	0	0.7	19.6	37.1	626.5	2401.6	94.4	13.5	2	0.7
743	7.083419067	59.46738599	85.60873168	12	49	884.4389886	1746.405127	3440.754651	309.9896263	228941	207036	16288	5617	228941	207036	0	15	0	12	2	1	3.1	37.4	386.3	762.8	1502.9	135.4	26	5.8	23.7
760	74.27573389	191.7195768	1198.665078	771	725	2608.212428	7344.962657	24317.88854	2661.05976	623317	619511	0	3806	623317	619511	0	15	0	12	0	3	11.9	192.3	418.4	1178.4	3901.4	426.9	30.8	124.5	117
840	17	148	566	202	206	1311	4414	12250	1227	389056	389056	0	0	389056	389056	0	18	0	18	0	0	4.4	145.5	337	1134.5	3148.6	315.4	38	51.9	52.9
860	4	90	96.2	32	28	247.2	1787	6992.4	640.8	178654	178107	547	0	178654	178107	0	9	0	8	1	0	2.2	53.8	138.4	1000.3	3913.9	358.7	50.4	18	15.7
870	5.014675015	128.2647608	107.512039	34.99665132	69.99531185	620.7378469	1068.114964	3600.01877	322.0942632	163293	160492	2220	581	163293	160492	0	20	0	16	3	1	3.1	65.8	380.1	654.1	2204.6	197.2	78.5	21.8	43.6
875	23	115	1485.090909	306	130	1806	4819	18251.81818	3541	1405702	1405702	0	0	1405702	1405702	0	86	0	86	0	0	1.6	105.6	128.5	342.8	1298.4	251.9	8.2	21.8	9.2
880	5	33	59	9	27	184	738	4782	273	134533	134533	0	0	134533	134533	0	3	0	3	0	0	3.7	43.9	136.8	548.6	3554.5	202.9	24.5	6.7	20.1
920	25.52740969	180.0862866	445.5472008	185	83	419.6928608	5051.081561	12099.5799	1269.631912	371462	295423	45636	30403	371462	295423	0	12	0	10	1	1	6.9	119.9	113	1359.8	3257.3	341.8	48.5	62.6	28.1
960	2	58	92	19	9	205	850	4931.538226	167	251590	250771	819	0	251590	250771	0	10	0	9	1	0	0.8	36.6	81.5	337.9	1960.1	66.4	23.1	7.6	3.6
1000	75.47843977	459.9648846	2227.179049	514.8931061	302.7083328	2831.090642	10761.73553	28660.74969	4332.368131	946529	896610	41106	8813	946529	658443	0	59	0	51	2	6	8	235.3	299.1	1137	3028	457.7	48.6	78.2	46
1010	1	29	8	2	0	61.09090909	289.0909091	1664.272727	134.0909091	96909	94917	1992	0	96909	94917	0	5	0	4	1	0	1	8.3	63	298.3	1717.4	138.4	29.9	2.1	0
1020	2	40	56	20	4	120	734	2717	170	123735	123735	0	0	123735	123735	0	2	0	2	0	0	1.6	45.3	97	593.2	2195.8	137.4	32.3	16.2	3.2
1040	0	0	0	0	0	0	0	0	0	157624	0	0	0	0	0	157624	10	10	0	0	0									
1080	12	322	143	50	227	1140	2739	10958	1300	486052	486052	0	0	486052	486052	0	9	0	9	0	0	2.5	29.4	234.5	563.5	2254.5	267.5	66.2	10.3	46.7
1123	148.6553548	1636.025945	6714.293372	1618	1358	17140.44986	28847.74486	93857.39591	18910.24257	6151531	5677712	162666	311153	6151531	5549742	0	300	0	257	14	29	2.4	109.1	278.6	469	1525.8	307.4	26.6	29.2	24.5
1125	6.142711809	85.84081916	88.04370603	19	26	423.8778451	1607.919661	7545.904746	629.2220803	281612	201169	0	80443	281612	201169	0	7	0	5	0	2	2.2	31.3	150.5	571	2679.5	223.4	30.5	9.4	12.9
1145	6.896526238	98.93052476	99.81005174	31.43089431	39.79305248	357.9305248	1848.203991	4506.971175	343.067997	267569	267569	0	0	267569	267569	0	17	0	17	0	0	2.6	37.3	133.8	690.7	1684.4	128.2	37	11.7	14.9
1150	1	231	125	43	55	701	1710	4543	625	243559	243559	0	0	243559	243559	0	5	0	5	0	0	0.4	51.3	287.8	702.1	1865.3	256.6	94.8	17.7	22.6
1240	7	126	301	34	136	1290	3737	15376	905	369191	369191	0	0	369191	369191	0	12	0	12	0	0	1.9	81.5	349.4	1012.2	4164.8	245.1	34.1	9.2	36.8
1260	0	107	128	39	68	706	1653	6512	340	162515	162515	0	0	162515	162515	0	3	0	3	0	0	0	78.8	434.4	1017.1	4007	209.2	65.8	24	41.8
1280	65.09090909	361.6005052	1933.600505	610	535	3226.663889	7165.176011	24242.84672	3389.454545	1161677	1145295	16382	0	1161677	1145295	0	28	0	27	1	0	5.6	166.4	277.8	616.8	2086.9	291.8	31.1	53.3	46.7
1303	7	68	44	7	24	210	1429	4560	222	204255	204255	0	0	204255	204255	0	15	0	15	0	0	3.4	21.5	102.8	699.6	2232.5	108.7	33.3	3.4	11.8
1320	10.36609038	199.1459001	518.3307229	132.989537	95.99215276	850.5041424	3582.433039	10639.43869	1136.484243	407944	330018	31070	46856	407944	330018	0	24	0	13	4	7	2.5	127.1	208.5	878.2	2608.1	278.6	48.8	40.3	29.1
1350	0	7	16	4	9	109	643	2528	184	68930	68930	0	0	68930	68930	0	4	0	4	0	0	0	23.2	158.1	932.8	3667.5	266.9	10.2	5.8	13.1
1360	1.133766975	56.49083333	87.32572376	8	29	376.3681375	1702.521639	5822.352428	394.0068891	196894	186446	3919	6529	196894	186446	0	5	0	3	1	1	0.6	44.4	191.2	864.7	2957.1	200.1	28.7	4.3	15.6
1400	0	0	0	0	0	0	0	0	0	187687	0	0	0	0	0	187687	12	12	0	0	0									
1440	25	267	948	493	650	3498.090909	5019.181818	17450.27273	2463.090909	578649	578552	97	0	578649	578552	0	24	0	23	1	0	4.3	163.8	604.5	867.4	3015.7	425.7	46.1	85.2	112.3
1480	19.20270544	59.38650519	230.4814552	79	385	999.495653	2621.485609	7092.395655	985.3708009	249134	242312	2815	4007	249134	242312	0	23	0	16	3	4	7.7	92.5	401.2	1052.2	2846.8	395.5	23.8	32.6	158.9
1520	99.35997196	581.8805188	3818.493809	387.4954694	519.9083606	7190.817665	20917.06611	54061.75463	9408.331099	1638520	1384543	62962	191015	1638520	722660	0	45	0	34	6	5	6.1	233	438.9	1276.6	3299.4	574.2	35.5	53.6	71.9
1540	5	73	92	25	60	334	516	3275	268	168348	168348	0	0	168348	168348	0	4	0	4	0	0	3	54.6	198.4	306.5	1945.4	159.2	43.4	14.9	35.6
1560	24.89633003	181.3121979	592.5025378	265.3336039	489	2183.147308	4812.770034	17495.5904	2354.915104	479665	409232	56415	14018	479665	409232	0	27	0	22	4	1	5.2	123.5	455.1	1003.4	3647.5	490.9	37.8	64.8	119.5
1580	1	32	17	11	20	111	428	2528	116	84972	84972	0	0	84972	84972	0	3	0	3	0	0	1.2	20	130.6	503.7	2975.1	136.5	37.7	12.9	23.5
1600	474	0	16253	0	0	19671	26451	102121	23416	8532136	3308406	0	0	0	0	5223730	307	298	9	0	0	14.3	491.3	594.6	799.5	3086.7	707.8			
1620	6	92	129	31	48	525	2452	4393	1420	213444	213444	0	0	213444	213444	0	6	0	6	0	0	2.8	60.4	246	1148.8	2058.2	665.3	43.1	14.5	22.5
1640	93.02556511	724.5876134	3182.523579	612.969548	338.0177007	2071.701498	11853.39949	43549.70207	5162.243424	1676151	1341807	137797	196547	1676151	1316883	0	100	0	69	4	27	5.5	189.9	123.6	707.2	2598.2	308	43.2	46.5	25.7
1660	7.019485741	91.22525516	214.5385859	111	188	731.3219127	1828.198796	5935.484198	347.6921417	212883	212124	0	759	212883	179783	0	7	0	6	0	1	3.3	100.8	343.5	858.8	2788.1	163.3	42.9	61.7	104.6
1680	103.4094618	890.4669637	4259.185286	1295.557654	737	3507.414201	15282.95413	38142.65893	8385.03374	2247185	1677514	221952	347719	2247185	1628399	0	104	0	63	15	26	4.6	189.5	156.1	680.1	1697.4	373.1	39.6	79.6	45.3
1720	17.04426969	341.7611531	376.7240237	150	298	1749.428759	4602.591881	17010.26179	2397.476228	556613	554951	0	1662	556613	554951	0	8	0	6	0	2	3.1	67.7	314.3	826.9	3056	430.7	61.4	27	53.7
1740	1	26	120	44	37	378	663	3514	203	142362	142362	0	0	142362	142362	0	6	0	6	0	0	0.7	84.3	265.5	465.7	2468.4	142.6	18.3	30.9	26
1760	48.81834404	251.818344	1066.455032	635.5458601	828.7275161	3264.001784	5410.550321	20730.92434	2463.63758	565490	564915	575	0	565490	564915	0	19	0	18	1	0	8.6	188.6	577.2	956.8	3666	435.7	44.5	112.5	146.7
1800	32.94132532	54.15424868	450.1099542	356.1309717	290.8255578	587.6947749	2896.589663	10165.81445	1732.818835	284078	262161	19099	2818	284078	262161	0	13	0	7	2	4	11.6	158.4	206.9	1019.6	3578.5	610	19.1	135.8	110.9
1840	106.0305125	880.6506937	3992.80709	1875.970303	791	2400.527092	20628.90465	54335.01289	10508.954	1600513	1554974	7105	38434	1600513	1551868	0	54	0	45	3	6	6.6	249.5	150	1288.9	3394.8	656.6	55	120.9	51
1880	28	256.8842069	580.49469	165.5368277	229.9578623	1488.599863	5115.694073	17830.51387	1212.410415	389693	389693	0	0	389693	389693	0	15	0	15	0	0	7.2	149	382	1312.7	4575.5	311.1	65.9	42.5	59
1890	1.126645984	28.01316787	29.06583937	8.886521889	5.253291968	86.67273354	521.4972768	2410.710996	178.6270252	80115	80115	0	0	80115	80115	0	4	0	4	0	0	1.4	36.3	108.2	650.9	3009.1	223	35	11.1	6.6
1900	0.084684028	27.57923875	36.72755418	6	25	349.731415	606.5825897	1799.196576	79.88457476	101547	99873	0	1674	101547	99873	0	11	0	9	0	2	0.1	36.2	344.4	597.3	1771.8	78.7	27.2	6	25
1920	338.0849368	1236.12097	9254.71371	4374.517594	4285.688404	12916.49698	42987.90835	123628.5811	25152.69846	3874978	3866942	5706	2330	3874978	3866942	0	110	0	106	2	2	8.7	238.8	333.3	1109.4	3190.4	649.1	31.9	113.1	110.8
1950	4	25	100	54	32	241	460	2100	187	109709	109709	0	0	109709	109709	0	5	0	5	0	0	3.6	91.2	219.7	419.3	1914.2	170.5	22.8	49.2	29.2
1960	7.059067267	60.09987326	291.4685345	91	117	1127.953783	1768.148188	6542.083064	514.5462827	359476	157094	0	2883	159977	157094	199499	29	24	4	0	1	4.4	182.2	705.1	1105.3	4089.4	321.6	37.6	57.9	74.5
2000	53.99604626	439.3573673	1621.902902	502.0297043	297	1131.200813	9983.782585	28391.94287	4734.190782	948947	753289	11089	184569	948947	753289	0	45	0	31	3	11	5.7	170.9	119.2	1052.1	2991.9	498.9	46.3	66.6	39.4
2020	19	178	668	235	368	2333	4973	12325	2275	542663	542663	0	0	542663	542663	0	18	0	18	0	0	3.5	123.1	429.9	916.4	2271.2	419.2	32.8	43.3	67.8
2030	3.267598812	29.41525082	155.9936568	75	32	165.0096783	1222.954077	4096.836339	255.8141254	148308	142960	0	5348	148308	142960	0	13	0	10	0	3	2.2	105.2	111.3	824.6	2762.4	172.5	19.8	52.5	22.4
2040	0	0	0	0	0	0	0	0	0	111703	0	0	0	0	0	111703	7	7	0	0	0									
2080	139.1640269	930.3802372	2762.882674	1077.960012	1405.920024	6022.624275	18101.25193	60838.50561	17391.58285	2230425	2166839	57428	6158	2230425	2006076	0	38	0	35	2	1	6.2	123.9	270	811.6	2727.7	779.7	41.7	53.7	70.1
2120	17	110	359	108	152	1157	3330	14531	1486	478428	478428	0	0	478428	478428	0	23	0	23	0	0	3.6	75	241.8	696	3037.2	310.6	23	22.6	31.8
2160	448.148105	1925.47001	7950.763205	4081.475666	4271.324763	17320.99456	27580.08199	83798.67444	38740.08154	4476090	4362801	91229	22060	4476090	4362801	0	131	0	117	9	5	10	177.6	387	616.2	1872.1	865.5	43	93.6	97.9
2180	12.34405188	78.0602946	148.0816308	81.03581167	69.01790584	250.4793231	1148.711218	3519.50152	290.3955956	141634	134937	0	6697	141634	134937	0	19	0	14	0	5	8.7	104.6	176.8	811	2484.9	205	55.1	60.1	51.1
2190	4	77.17504577	136.4800732	55.30502746	122.0901282	721.4957048	913.6413181	3378.918744	335.8752288	136506	136506	0	0	136506	136506	0	11	0	11	0	0	2.9	100	528.5	669.3	2475.3	246.1	56.5	40.5	89.4
2200	1	9	13	1	8	246.9007299	532.5698297	1577.047689	139.96691	90367	90367	0	0	90367	90367	0	3	0	3	0	0	1.1	14.4	273.2	589.3	1745.2	154.9	10	1.1	8.9
2240	0	103	78	20	24	312	1833	6711	548	244822	244822	0	0	244822	244822	0	18	0	18	0	0	0	31.9	127.4	748.7	2741.2	223.8	42.1	8.2	9.8
2281	4.845582563	49.44444256	199.2420116	36	53	560.1597232	769.2588093	4184.225738	312.2787212	291445	252257	1547	37641	291445	252257	0	14	0	9	1	4	1.7	68.4	192.2	263.9	1435.7	107.1	17	14.3	21
2290	1	27	25	5	8	173	587	3238	151	151972	151972	0	0	151972	151972	0	10	0	10	0	0	0.7	16.5	113.8	386.3	2130.7	99.4	17.8	3.3	5.3
2320	17	229	606	132	214	2780	2720	18833	2071	717285	717285	0	0	717285	717285	0	6	0	6	0	0	2.4	84.5	387.6	379.2	2625.6	288.7	31.9	18.4	29.8
2330	2	61.72679201	183	74	4	102.9089307	1551.590188	5477.576087	549.6812573	190056	190056	0	0	190056	88519	0	4	0	4	0	0	1.1	96.3	54.1	816.4	2882.1	289.2	32.5	83.6	4.5
2335	2	36	54	10	15	161.5	434.5	2380.5	73	90587	84212	6375	0	90587	84212	0	6	0	5	1	0	2.2	59.6	178.3	479.6	2627.9	80.6	39.7	11.9	17.8
2340	1	38	18	4	40	175	633	2017	109	57300	57300	0	0	57300	57300	0	3	0	3	0	0	1.7	31.4	305.4	1104.7	3520.1	190.2	66.3	7	69.8
2360	1.138785188	107.4343578	264.2517251	75	35	354.6904298	1471.179297	4783.893964	290.988368	280891	271795	3957	5139	280891	271795	0	12	0	9	1	2	0.4	94.1	126.3	523.8	1703.1	103.6	38.2	27.6	12.9
2400	5	129	243	51	65	483	3655	10691	2028	333776	333776	0	0	333776	333776	0	10	0	10	0	0	1.5	72.8	144.7	1095	3203	607.6	38.6	15.3	19.5
2440	2.346623581	58.03132713	209.6132102	62	18	456.3381967	1763.576999	7199.997287	471.2879826	300661	235534	0	65127	300661	235534	0	8	0	5	0	3	0.8	69.7	151.8	586.6	2394.7	156.8	19.3	26.3	7.6
2520	2	65	22	4	5	96	689	3006	295	179651	179651	0	0	179651	179651	0	6	0	6	0	0	1.1	12.2	53.4	383.5	1673.2	164.2	36.2	2.2	2.8
2560	31	83	560	264	394	1291	4669	11849	1048	308797	308797	0	0	308797	308797	0	4	0	4	0	0	10	181.3	418.1	1512	3837.1	339.4	26.9	85.5	127.6
2580	14	206.0909091	71	25	103	578.6060606	1616.909091	8374.212121	495.0909091	345060	340405	4655	0	345060	340405	0	21	0	19	2	0	4.1	20.6	167.7	468.6	2426.9	143.5	59.7	7.3	30.3
2620	7.1688865	67.01095841	72.20139001	17	76	502.898501	944.4725291	4895.047196	346.5589065	130979	122523	3245	5211	130979	122523	0	9	0	6	1	2	5.5	55.1	384	721.1	3737.3	264.6	51.2	13.9	62
2640	51.00916873	277.1742058	723.2719028	298	629	2359.995616	4883.375648	10362.37356	2674.055644	443682	442365	954	363	443682	442365	0	25	0	22	2	1	11.5	163	531.9	1100.6	2335.5	602.7	62.5	67.4	142.2
2650	3	26	73	34	56	305.0909091	1095.363636	3444.272727	150.6363636	142425	141237	1188	0	142425	141237	0	13	0	12	1	0	2.1	51.3	214.2	769.1	2418.3	105.8	18.3	24.1	39.6
2655	11	54	304	156	231	918	2124	5849	515	129911	129911	0	0	129911	129911	0	8	0	8	0	0	8.5	234	706.6	1635	4502.3	396.4	41.6	120.1	177.8
2670	2.059174728	177	44	15	57	354.9467956	1328.08704	6943.930504	517.7692715	269581	269581	0	0	269581	269581	0	6	0	6	0	0	0.8	16.3	131.7	492.6	2575.8	192.1	65.7	5.6	21.1
2680	63	506	3520	1332	910	6424	13013	43933	7060	1769810	1769810	0	0	1769810	1769810	0	30	0	30	0	0	3.6	198.9	363	735.3	2482.4	398.9	28.6	75.3	51.4
2700	31	175	757	312	459	1945	4618	11432	2209	503145	503145	0	0	503145	503145	0	4	0	4	0	0	6.2	150.5	386.6	917.8	2272.1	439	34.8	62	91.2
2710	15	122	351	90	170	1383	3130	7787	820	356313	356313	0	0	356313	356313	0	7	0	7	0	0	4.2	98.5	388.1	878.4	2185.4	230.1	34.2	25.3	47.7
2720	5.757639576	133.6475867	112.2729187	22	163	1034.212137	1981.386633	6712.303933	515.3545193	214722	184944	0	29778	214722	184944	0	13	0	12	0	1	2.7	52.3	481.7	922.8	3126	240	62.2	11.9	88.1
2750	3	39	102	26	60	443	1197	3712	321	182061	182061	0	0	182061	182061	0	6	0	6	0	0	1.6	56	243.3	657.5	2038.9	176.3	21.4	14.3	33
2760	24.65887536	133.5927227	387.1125036	179	45	474.021302	3088.945862	11612.07443	1187.862108	516048	413771	33187	69090	516048	413771	0	17	0	10	3	4	4.8	75	91.9	598.6	2250.2	230.2	25.9	43.3	10.9
2800	82.12348328	751.7214671	2520.847054	1003.740534	1181.215044	4736.468908	19052.41407	65647.43087	7703.01349	1872036	1872036	0	0	1872036	1872036	0	54	0	54	0	0	4.4	134.7	253	1017.7	3506.7	411.5	40.2	53.6	63.1
2840	76	307	1699	586	771	3810	8557	29181	8407	995137	995137	0	0	995137	995137	0	16	0	16	0	0	7.6	170.7	382.9	859.9	2932.4	844.8	30.9	58.9	77.5
2880	4.260743719	56.92070489	128.74781	62.15950016	57.01622412	282.0686651	1130.111411	3459.678826	394.0347756	103709	98498	0	5211	103709	98498	0	9	0	8	0	1	4.1	124.1	272	1089.7	3335.9	379.9	54.9	63.1	57.9
2900	8	157	310	104	146	1421	2533	6064	744	228545	228545	0	0	228545	228545	0	5	0	5	0	0	3.5	135.6	621.8	1108.3	2653.3	325.5	68.7	45.5	63.9
2920	13.99366191	174.6435349	318.6245206	105.9619715	117.9262364	868.1398662	2674.449214	7218.454189	850.2785427	271256	271256	0	0	271256	271256	0	12	0	12	0	0	5.2	117.5	320	986	2661.1	313.5	64.4	39.1	43.5
2960	84.61701336	143.1713901	908.6856533	363	348	1988.303644	4439.910746	15450.60031	3859.058123	644340	596224	2088	46028	644340	596224	0	25	0	21	1	3	13.1	141	308.6	689.1	2397.9	598.9	22.2	60.9	58.4
2975	0	31.28571429	9.714285714	0	2	162.8571429	316.2857143	1689	49.28571429	126831	78370	48461	0	126831	78370	0	10	0	9	1	0	0	7.7	128.4	249.4	1331.7	38.9	24.7	0	2.6
2980	12.05294156	11.23399437	127.2348801	65.97828947	204.9782895	417.1993987	1594.825064	3139.781379	309.2091834	114906	113339	855	712	114906	113339	0	6	0	4	1	1	10.5	110.7	363.1	1387.9	2732.5	269.1	9.8	58.2	180.9
2985	0.026400812	41.74808192	8.378293838	1	1	115.1401063	498.8036189	2293.71454	175.387818	95949	69140	24521	2288	95949	69140	0	9	0	4	3	2	0	8.7	120	519.9	2390.6	182.8	43.5	1.4	1.4
2995	3.023440031	50.4030173	28.38335792	10	46	266.8154682	966.6082164	3647.730673	350.4290497	126065	118359	6826	880	126065	118359	0	6	0	3	1	2	2.4	22.5	211.6	766.8	2893.5	278	40	8.4	38.9
3000	28.19643303	642.7353704	913.9225071	315.0047142	437.0031428	3210.374316	7719.244162	26278.63906	2288.131486	1126865	1114001	5087	7777	1126865	1114001	0	37	0	33	2	2	2.5	81.1	284.9	685	2332	203.1	57	28.3	39.2
3040	3	19	19	0	2	221	318	3743	160	80362	80362	0	0	80362	23641	0	2	0	2	0	0	3.7	23.6	275	395.7	4657.7	199.1	23.6	0	8.5
3060	9.238513662	114.0249544	89.00193891	30.03998799	126.079976	601.6015	1648.138229	6385.197354	840.0949561	213347	194570	7601	11176	213347	194570	0	21	0	15	2	4	4.3	41.7	282	772.5	2992.9	393.8	53.4	15.4	64.8
3080	8	77.89062374	69	29	30.52698738	449.6231241	1006.516443	4527.537973	325.8214298	235458	218175	17283	0	235458	218175	0	8	0	7	1	0	3.4	29.3	191	427.5	1922.9	138.4	33.1	13.3	14
3120	64.87887141	372.7663974	2006.287328	241	347	3512.777941	14873.16917	38134.8702	4121.520407	1316085	1167539	139416	9130	1316085	741447	0	40	0	30	3	7	4.9	152.4	266.9	1130.1	2897.6	313.2	28.3	32.5	46.8
3150	6	45	230.9119196	126	136.8238392	576.4715175	2138.621829	4695.627094	331.5595979	140900	140900	0	0	140900	140900	0	7	0	7	0	0	4.3	163.9	409.1	1517.8	3332.6	235.3	31.9	89.4	97.1
3160	68	413.6585719	1117.058513	504.3106305	1314.694757	5353.879115	10080.54533	29974.30704	3790.847968	1006770	1006770	0	0	1006770	1006770	0	38	0	38	0	0	6.8	111	531.8	1001.3	2977.3	376.5	41.1	50.1	130.6
3180	5	17	88	28	68	426	699	2138	270	138016	138016	0	0	138016	138016	0	4	0	4	0	0	3.6	63.8	308.7	506.5	1549.1	195.6	12.3	20.3	49.3
3200	8.330632471	174.6354617	352.148394	88.00074775	52.98229932	858.823861	3178.012204	11200.71218	1072.591271	346113	346113	0	0	346113	346113	0	11	0	11	0	0	2.4	101.7	248.1	918.2	3236.1	309.9	50.5	25.4	15.3
3240	19.15519292	227.6095849	694.389675	265	93	1047.331803	2674.640867	11327.52643	755.8175597	642234	594857	4602	42775	642234	594857	0	61	0	45	2	14	3	108.1	163.1	416.5	1763.8	117.7	35.4	44.5	15.6
3283	28.33333333	214.3333333	1551.333333	524	184	1337.666667	5437	23512	4746.666667	1002102	989775	12327	0	1002102	989775	0	33	0	32	1	0	2.8	154.8	133.5	542.6	2346.3	473.7	21.4	52.9	18.6
3285	4.317873059	44.23623927	82.65124185	34	19	105.741444	1150.706739	2974.524824	263.2236036	117219	92173	0	25046	117219	92173	0	6	0	4	0	2	3.7	70.5	90.2	981.7	2537.6	224.6	37.7	36.9	20.6
3290	12.18209815	85.89444023	214.461553	69	164	550.9539765	3567.213617	7547.214439	585.0517161	355720	353271	0	2449	355720	353271	0	26	0	22	0	4	3.4	60.3	154.9	1002.8	2121.7	164.5	24.1	19.5	46.4
3320	26	222	818	99	164	1441	7240	29512	7369	906589	906589	0	0	906589	906589	0	1	0	1	0	0	2.9	90.2	158.9	798.6	3255.3	812.8	24.5	10.9	18.1
3350	16.18995645	93.18463751	169.9027417	62	155	817.746975	1896.042062	6198.215911	518.9970283	198242	195620	0	2622	198242	195620	0	6	0	5	0	1	8.2	85.7	412.5	956.4	3126.6	261.8	47	31.7	79.2
3360	390.1272838	1740.622307	13202.94718	6647.607134	4548.280711	19935.30178	46449.91262	130875.256	29712.95783	4572357	4571844	0	513	4572357	4543569	0	61	0	60	0	1	8.5	288.8	436	1015.9	2862.3	649.8	38.1	146.3	100.1
3400	7.426941569	83.24467262	198.8079635	59	48	321.5246545	1897.102578	6164.533036	686.6506194	314942	291960	8676	14306	314942	283082	0	27	0	19	4	4	2.4	63.1	102.1	602.4	1957.4	218	26.4	20.8	17
3440	6.044583123	142.4023913	432.3317779	38	23	857.8338862	2952.822005	10320.46021	1265.801306	360105	359214	0	891	360105	193903	0	12	0	11	0	1	1.7	120.1	238.2	820	2866	351.5	39.5	19.6	11.9
3480	128.3564195	643.1556355	3118.331653	1687.997247	812	4681.619496	14369.26981	45008.60969	9143.685517	1685826	1552082	0	133744	1685826	1497244	0	35	0	25	0	10	7.6	185	277.7	852.4	2669.8	542.4	38.2	112.7	54.2
3500	2	47	60	10	16	255	631.6666667	2462	113	115956	109417	6539	0	115956	109417	0	4	0	3	1	0	1.7	51.7	219.9	544.7	2123.2	97.5	40.5	9.1	14.6
3520	4	174	94	15	90	409	985	3193	304	162847	162847	0	0	162847	162847	0	13	0	13	0	0	2.5	57.7	251.2	604.9	1960.7	186.7	106.8	9.2	55.3
3560	70.12936674	256.4028	822.3471072	552	309	687.0677898	5236.88598	12175.16624	2555.74212	456949	426718	2165	28066	456949	426718	0	19	0	14	2	3	15.3	180	150.4	1146.1	2664.4	559.3	56.1	129.4	72.4
3580	7.002861989	55.02289591	209.0314819	101.0143099	211.0715497	718.3176807	1470.43216	4278.159105	547.0973076	110828	110828	0	0	110828	110828	0	5	0	5	0	0	6.3	188.6	648.1	1326.8	3860.2	493.6	49.6	91.1	190.4
3600	115	323	2446	1320	1540	5997	11764	37494	5567	1205679	1205679	0	0	1205679	1205679	0	13	0	13	0	0	9.5	202.9	497.4	975.7	3109.8	461.7	26.8	109.5	127.7
3605	3.574103344	20.76410011	55.18599884	11	23	188.5145536	888.5941277	1803.105812	183.6231006	149875	72583	0	77292	149875	72583	0	7	0	6	0	1	2.4	36.8	125.8	592.9	1203.1	122.5	13.9	15.2	31.7
3610	1.07833337	42.68964085	72.80156995	8	24	236.2951822	761.7344509	2644.613218	110.6493159	137910	134423	0	3487	137910	134423	0	9	0	8	0	1	0.8	52.8	171.3	552.3	1917.6	80.2	31	6	17.9
3620	1	55	91	26	7	202.989514	986.8427102	4037.203065	254	155833	155833	0	0	155833	155833	0	8	0	8	0	0	0.6	58.4	130.3	633.3	2590.7	163	35.3	16.7	4.5
3640	36	106	2010	629	238	1886	3944	9877	3297	611672	611672	0	0	611672	611672	0	12	0	12	0	0	5.9	328.6	308.3	644.8	1614.8	539	17.3	102.8	38.9
3660	23.12130546	138.2083172	242.1565415	72	321	1629.788003	3986.636881	13366.3039	1119.301221	490793	487580	1102	2111	490793	487580	0	30	0	28	1	1	4.7	49.3	332.1	812.3	2723.4	228.1	28.2	14.8	65.8
3680	9.310019832	42.76350075	117.1328429	24	42	426.4608445	1029.400671	2885.358571	273.6096248	229574	169461	11605	48508	229574	169461	0	52	0	25	4	23	4.1	51	185.8	448.4	1256.8	119.2	18.6	14.2	24.8
3700	3	26	49	15	47	206	1027.636364	1485.636364	135.1818182	85462	83517	1945	0	85462	83517	0	4	0	3	1	0	3.5	57.3	241	1202.4	1738.4	158.2	30.4	18	56.3
3710	4	64.51948052	107	37	16	338.3246753	1500.428571	5545.670996	640	163570	159987	3583	0	163570	159987	0	17	0	14	3	0	2.4	65.4	206.8	917.3	3390.4	391.3	39.4	23.1	10
3720	14	299.2877663	349.9937144	124.9952858	278.0160337	1440.252878	3755.854072	13396.0366	1162.00032	460661	458161	2500	0	460661	458161	0	28	0	26	2	0	3	76	312.6	815.3	2908	252.2	65	27.3	60.7
3740	0	0	0	0	0	0	0	0	0	106127	0	0	0	0	0	106127	11	11	0	0	0									
3760	153.1300358	783.112208	2825.076902	983	2020	7493.532304	15529.16337	63572.83589	11422.22059	1856487	1777057	36952	42478	1856487	1342170	0	120	0	107	11	2	8.2	152.2	403.6	836.5	3424.4	615.3	42.2	73.2	150.5
3800	4	29	108	25	3	116	811	2885	281	157257	157257	0	0	157257	157257	0	5	0	5	0	0	2.5	68.7	73.8	515.7	1834.6	178.7	18.4	15.9	1.9
3810	20	135.288484	252.8629149	106.972583	141.9040404	895.0074595	3404.262219	7701.618955	536.5345739	329363	328549	814	0	329363	328549	0	13	0	12	1	0	6.1	76.8	271.7	1033.6	2338.3	162.9	41.1	32.6	43.2
3840	37	230	736.4030751	306.7015375	652.0704793	2405.337021	6978.297494	19604.42085	2778.93783	722511	722261	250	0	722511	722261	0	23	0	22	1	0	5.1	101.9	332.9	965.8	2713.4	384.6	31.8	42.5	90.3
3850	5.209990926	29.50882369	55.92955125	17	34	213.7914788	699.435366	2881.959462	210.8370688	101987	90725	0	11262	101987	90725	0	5	0	4	0	1	5.1	54.8	209.6	685.8	2825.8	206.7	28.9	18.7	37.5
3870	1	20	31	11	2	150.2	351.4727273	2333.527273	132.8909091	129485	126550	2935	0	129485	126550	0	13	0	10	3	0	0.8	23.9	116	271.4	1802.2	102.6	15.4	8.7	1.6
3880	19.27926241	174.9027258	354.7049767	93	482	1762.96367	3926.515113	12567.45246	1128.212459	394134	241681	56231	96222	394134	241681	0	27	0	9	4	14	4.9	90	447.3	996.2	3188.6	286.3	44.4	38.5	199.4
3920	6.469822601	42.16700393	93.85050003	31	9	221.2503772	1390.999078	4912.828605	318.5701704	190073	171809	0	18264	190073	171809	0	6	0	4	0	2	3.4	49.4	116.4	731.8	2584.7	167.6	22.2	18	5.2
3960	12.47474624	120.778872	228.8447863	72	88	676.9440468	2904.943586	6114.090545	495.3947991	184684	153521	24610	6553	184684	153521	0	7	0	3	2	2	6.8	123.9	366.5	1572.9	3310.6	268.2	65.4	46.9	57.3
3980	15.16256159	138.2588447	517.6831621	208	383	1834.84035	5476.906406	14027.30072	1729.411107	521798	518493	0	3305	521798	518493	0	15	0	14	0	1	2.9	99.2	351.6	1049.6	2688.3	331.4	26.5	40.1	73.9
4000	7.550738733	101.1046234	333.8720431	107	43	445.073387	1905.102479	8597.532522	764.8731267	484369	463976	0	20393	484369	463976	0	40	0	36	0	4	1.6	68.9	91.9	393.3	1775	157.9	20.9	23.1	9.3
4040	19.13409579	283.54782	365.9766727	112	181	1305.561225	2829.868186	9596.369328	909.7017713	457312	452003	0	5309	457312	452003	0	25	0	22	0	3	4.2	80	285.5	618.8	2098.4	198.9	62	24.8	40
4080	19	55	229	83	220	854	2195	10524	1061	217203	217203	0	0	217203	217203	0	2	0	2	0	0	8.7	105.4	393.2	1010.6	4845.2	488.5	25.3	38.2	101.3
4100	10.23991133	132.0788818	152.463274	9	50	593.7803796	1341.815005	4645.303809	515.7090728	184951	92194	1694	91063	184951	92194	0	5	0	2	1	2	5.5	82.4	321	725.5	2511.6	278.8	71.4	9.8	54.2
4120	162	762	4332	1864	1460	6850	20535	43928	20742	1855978	1855978	0	0	1855978	1855978	0	11	0	11	0	0	8.7	233.4	369.1	1106.4	2366.8	1117.6	41.1	100.4	78.7
4150	2	58	67	14	39	300	871	3826	244	103437	103437	0	0	103437	103437	0	4	0	4	0	0	1.9	64.8	290	842.1	3698.9	235.9	56.1	13.5	37.7
4200	5	61	155	46	48	563	1478	3841	258	114280	114280	0	0	114280	114280	0	3	0	3	0	0	4.4	135.6	492.6	1293.3	3361	225.8	53.4	40.3	42
4243	3	35	35	14	1	50	547	2203	115	107052	107052	0	0	107052	107052	0	7	0	7	0	0	2.8	32.7	46.7	511	2057.9	107.4	32.7	13.1	0.9
4280	24.8661784	181.0130223	661.941171	289	73	829.7615428	3441.096398	12304.01366	1152.218932	500452	466713	0	33739	500452	460855	0	18	0	16	0	2	5	132.3	165.8	687.6	2458.6	230.2	36.2	62.7	15.8
4320	6.359452969	109.7091125	180.3687451	71	62	282.8437952	1245.728478	3564.993449	241.9286598	155296	131691	11276	12329	155296	131691	0	11	0	6	2	3	4.1	116.1	182.1	802.2	2295.6	155.8	70.6	53.9	47.1
4360	7	141	199	72	61	915	2119	11543	466	262184	262184	0	0	262184	262184	0	2	0	2	0	0	2.7	75.9	349	808.2	4402.6	177.7	53.8	27.5	23.3
4400	68.18299964	301.2259634	1226.425756	677	1049	3475.399127	7913.691793	25145.88955	2266.362747	606836	521837	31127	53872	606836	521837	0	22	0	15	5	2	11.2	202.1	572.7	1304.1	4143.8	373.5	49.6	129.7	201
4420	15.81586133	92.0876637	231.9597414	94.10364338	189.1036434	986.4148526	2530.274786	6891.846372	729.6575947	217196	216023	0	1173	217196	216023	0	15	0	14	0	1	7.3	106.8	454.2	1165	3173.1	335.9	42.4	43.6	87.5
4480	1038	2483	26565	9923	11294	46566	59425	165971	72125	9985385	9985385	0	0	9985385	9985385	0	89	0	89	0	0	10.4	266	466.3	595.1	1662.1	722.3	24.9	99.4	113.1
4520	81.89122369	315.0293452	1788.132835	943	217	2085.286731	9733.321369	25775.17902	4271.825783	1051451	976426	44181	30844	1051451	914007	0	35	0	26	4	5	7.8	170.1	198.3	925.7	2451.4	406.3	30	103.2	23.7
4600	19	113	325	115	295	1871	3078.793899	10734.04789	805.0159631	254653	254653	0	0	254653	254653	0	9	0	9	0	0	7.5	127.6	734.7	1209	4215.2	316.1	44.4	45.2	115.8
4640	6.071771919	61.51037809	92.27594523	36	41	286.4245459	772.3252927	3501.733412	314.5236595	219489	218240	0	1249	219489	218240	0	8	0	7	0	1	2.8	42	130.5	351.9	1595.4	143.3	28	16.5	18.8
4680	25.79265238	125.0528159	408.0647931	152	203	844.8867537	4168.797895	13101.94666	1828.347788	340558	204712	133245	2601	340558	204712	0	18	0	9	6	3	7.6	119.8	248.1	1224.1	3847.2	536.9	36.7	74.3	99.2
4720	3	132.0909091	350	109	49	623.1013951	1986.520432	9289.674899	750	452394	381067	71327	0	452394	381067	0	23	0	22	1	0	0.7	77.4	137.7	439.1	2053.4	165.8	29.2	28.6	12.9
4800	4.407325609	53.33628124	134.0828565	49	18	100.9539024	1676.879144	5102.208522	304.6482526	174712	155757	4984	13971	174712	155757	0	13	0	9	2	2	2.5	76.7	57.8	959.8	2920.4	174.4	30.5	31.5	11.6
4880	30.04890784	196.5496722	663.0686147	230	345	2435.840997	6786.780744	27283.69487	2391.651208	646215	644779	0	1436	646215	644779	0	19	0	18	0	1	4.6	102.6	376.9	1050.2	4222.1	370.1	30.4	35.7	53.5
4890	5.009151656	63.15832365	66.24434922	12	81	478.6070598	1320.385808	6069.908324	526.9737071	191945	191504	0	441	191945	191504	0	11	0	10	0	1	2.6	34.5	249.3	687.9	3162.3	274.5	32.9	6.3	42.3
4900	14	204	502	138	359	2624	4261	9935	1178	516946	516946	0	0	516946	516946	0	13	0	13	0	0	2.7	97.1	507.6	824.3	1921.9	227.9	39.5	26.7	69.4
4920	121.6378389	602.3142714	4183.887555	2480	3312	7253.495222	19380.64733	43765.39379	8905.983076	1179680	1171273	0	8407	1179680	1171273	0	28	0	27	0	1	10.3	354.7	614.9	1642.9	3709.9	754.9	51.1	211.7	282.8
4940	16	83	232	70	112	1281	2358	6507	1594	234245	234245	0	0	234245	234245	0	7	0	7	0	0	6.8	99	546.9	1006.6	2777.9	680.5	35.4	29.9	47.8
5000	205	784	7200	2835	2505	13996	23062	84759	17546	2209404	2209404	0	0	2209404	2209404	0	30	0	30	0	0	9.3	325.9	633.5	1043.8	3836.3	794.2	35.5	128.3	113.4
5015	33	110	742	204	112	1142	4018	15652	1900	1229408	1229408	0	0	1229408	1229408	0	61	0	61	0	0	2.7	60.4	92.9	326.8	1273.1	154.5	8.9	16.6	9.1
5080	94	296.9636364	2904.175449	1848.993631	608	2326.154488	7265.012623	38566.52183	6609.862652	1524472	1457183	67289	0	1524472	1457183	0	53	0	52	1	0	6.2	190.5	152.6	476.6	2529.8	433.6	19.5	126.9	41.7
5120	94.11458877	1238.815757	3738.577634	958	783.7024781	5455.261129	18205.1877	77638.39303	10430.64122	3102600	3049059	42105	11436	3102600	2766350	0	121	0	117	3	1	3	120.5	175.8	586.8	2502.4	336.2	39.9	34.6	28.3
5140	2.875509226	31.58226451	21.68137046	0	0	220.9960493	378.7110126	3069.505912	177.4084951	99609	0	0	99609	99609	0	0	2	0	0	0	2	2.9	21.8	221.9	380.2	3081.6	178.1	31.7		
5160	36.46563889	227.2283305	939.7812644	117	120	1021.162021	6856.891523	18281.98078	2111.090977	555185	525894	0	29291	555185	275301	0	24	0	19	0	5	6.6	169.3	183.9	1235.1	3293	380.3	40.9	42.5	43.6
5170	41	159	719	218	295	1955	5304	18548	6348	497911	497911	0	0	497911	497911	0	10	0	10	0	0	8.2	144.4	392.6	1065.3	3725.2	1274.9	31.9	43.8	59.2
5190	20	143	684	119	106	1412	4382	17570	1146	1186605	1186605	0	0	1186605	1186605	0	82	0	82	0	0	1.7	57.6	119	369.3	1480.7	96.6	12.1	10	8.9
5200	8.244219375	58.52304083	165.0175981	56	69	1072.102232	1955.48085	6534.271486	396.5671177	148537	145166	0	3371	148537	145166	0	5	0	3	0	2	5.6	111.1	721.8	1316.5	4399.1	267	39.4	38.6	47.5
5240	28.66999777	146.7232581	731.422826	51.70439494	54.73269115	819.1663744	4877.074056	12202.05203	1494.859181	341380	327990	0	13390	341380	104558	0	13	0	10	0	3	8.4	214.3	240	1428.6	3574.3	437.9	43	49.5	52.3
5280	7	139	88.00275292	41.00275292	11	178	691.035788	3168.247763	258.0027529	118283	118283	0	0	118283	118283	0	3	0	3	0	0	5.9	74.4	150.5	584.2	2678.5	218.1	117.5	34.7	9.3
5330	13	144	419	195	329	1335	3162	11769	1480	213345	213345	0	0	213345	213345	0	8	0	8	0	0	6.1	196.4	625.7	1482.1	5516.4	693.7	67.5	91.4	154.2
5345	14	94	218	44	123	991	1550	4868	416	293002	293002	0	0	293002	293002	0	3	0	3	0	0	4.8	74.4	338.2	529	1661.4	142	32.1	15	42
5360	80	669.2821802	2449.28218	1450	2150.28218	8600.539622	10700.89853	40129.31698	5538.769811	1301107	1301107	0	0	1301107	1301107	0	43	0	43	0	0	6.1	188.2	661	822.4	3084.2	425.7	51.4	111.4	165.3
5380	51.00316748	239.6187953	1997.904193	627	268	3067.023206	7211.529391	36739.09114	5143.511376	2812909	2748760	64008	141	2812909	2748760	0	39	0	29	9	1	1.8	71	109	256.4	1306.1	182.9	8.5	22.8	9.7
5483	45	326	2356	548	200	3074	8186	34797.18182	5509.090909	1682481	1549721	132760	0	1682481	1549721	0	43	0	41	2	0	2.7	140	182.7	486.5	2068.2	327.4	19.4	35.4	12.9
5523	11	106	146	55	31	278	633	2919	236	140481	140481	0	0	140481	140481	0	7	0	7	0	0	7.8	103.9	197.9	450.6	2077.9	168	75.5	39.2	22.1
5560	338.1536604	485.9582823	2952.157023	1852	1621	5349.164887	11810.72853	36899.7742	10550.27792	1344443	1342322	0	2121	1344443	1342322	0	19	0	18	0	1	25.2	219.6	397.9	878.5	2744.6	784.7	36.1	138	120.8
5600	603	1574	25801.36364	278	99	31174.81818	29232.63636	142764	22878	9436730	9417922	18808	0	9436730	1316601	0	57	0	56	1	0	6.4	273.4	330.4	309.8	1512.9	242.4	16.7	21.1	7.5
5640	166	310	4544	1935	901	4423	10339	31313	14387	2083676	2083676	0	0	2083676	2083676	0	109	0	109	0	0	8	218.1	212.3	496.2	1502.8	690.5	14.9	92.9	43.2
5660	16.21183713	95.57880968	236.2896928	50	39	660.4753321	1350.074645	5779.970288	457.0142748	416188	370518	37826	7844	416188	370518	0	36	0	28	5	3	3.9	56.8	158.7	324.4	1388.8	109.8	23	13.5	10.5
5720	112	571	2708	1531	935	3719	9258	45831.6	5051	1646587	1646587	0	0	1646587	1646587	0	16	0	16	0	0	6.8	164.5	225.9	562.3	2783.4	306.8	34.7	93	56.8
5775	193.2	677	5394.2	1118	552	6896.6	18877.8	63823.2	24964.6	2490569	2490569	0	0	2490569	2087124	0	36	0	36	0	0	7.8	216.6	276.9	758	2562.6	1002.4	27.2	53.6	26.4
5790	17	167	208	69	166	1626	2405	5730	659	286515	286515	0	0	286515	286515	0	4	0	4	0	0	5.9	72.6	567.5	839.4	1999.9	230	58.3	24.1	57.9
5800	6.4	81.4	205.6	42	73	930.6	2139.2	6853.2	410.2	245369	147262	98107	0	245369	147262	0	5	0	4	1	0	2.6	83.8	379.3	871.8	2793	167.2	33.2	28.5	49.6
5880	54	580.1132844	1431.932894	683	864.193016	3886.197216	13047.49397	46924.55869	5422.979073	1124136	1124136	0	0	1124136	1124136	0	39	0	39	0	0	4.8	127.4	345.7	1160.7	4174.3	482.4	51.6	60.8	76.9
5910	8	84	92	29	41	408	1790	5838	638	224569	224569	0	0	224569	224569	0	7	0	7	0	0	3.6	41	181.7	797.1	2599.6	284.1	37.4	12.9	18.3
5920	26.5331072	349.7317504	926.010095	443	418	2318.334383	5796.033934	23540.00864	4704.472902	745881	715165	12422	18294	745881	715165	0	17	0	14	2	1	3.6	124.1	310.8	777.1	3156	630.7	46.9	61.9	58.4
5945	81	522	2511	926	713	5194	13155	48439	12565	2991887	2991887	0	0	2991887	2991887	0	35	0	35	0	0	2.7	83.9	173.6	439.7	1619	420	17.4	31	23.8
5960	93	805	3045	1253	1449	9965	19326	50325	8450	1843041	1843041	0	0	1843041	1843041	0	35	0	35	0	0	5	165.2	540.7	1048.6	2730.5	458.5	43.7	68	78.6
5990	1	17	42	9	12	134	667	2069	127	93171	93171	0	0	93171	93171	0	2	0	2	0	0	1.1	45.1	143.8	715.9	2220.6	136.3	18.2	9.7	12.9
6015	11	97	163	53	116	824	1632	5493	517	158641	158641	0	0	158641	158641	0	8	0	8	0	0	6.9	102.7	519.4	1028.7	3462.5	325.9	61.1	33.4	73.1
6020	2.082596339	61.08207607	53.61234932	12	26	287.6406417	876.2924042	2577.521401	203.4175434	150209	147376	0	2833	150209	147376	0	10	0	7	0	3	1.4	35.7	191.5	583.4	1716	135.4	40.7	8.1	17.6
6080	24	180	402	127	246	1865	3457	9014	896	438508	438508	0	0	438508	438508	0	5	0	5	0	0	5.5	91.7	425.3	788.4	2055.6	204.3	41	29	56.1
6120	14	0	343	0	0	523	1760	4508	660	348405	113443	0	0	0	0	234962	30	29	1	0	0	12.3	302.4	461	1551.4	3973.8	581.8			
6160	450.2775792	1681.630457	13165.44599	5757	3926	16327.00179	24867.30184	98324.56089	20077.27936	5186956	4994233	111754	80969	5186956	4994233	0	266	0	240	13	13	8.7	253.8	314.8	479.4	1895.6	387.1	32.4	115.3	78.6
6200	295.5391456	1143.024887	5550.944569	3034.951838	3072.949005	11305.24891	38825.77863	120716.3301	43267.01889	3698377	3630059	8606	59712	3698377	3630059	0	28	0	25	1	2	8	150.1	305.7	1049.8	3264	1169.9	30.9	83.6	84.7
6240	11	46	170	71	157	478	1834	3230	447	83707	82519	1188	0	83707	82519	0	5	0	4	1	0	13.1	203.1	571	2191	3858.7	534	55	86	190.3
6280	97.74975697	453.7381659	2978.295027	1141	1020	5456.358166	10270.92801	41425.76316	5541.384045	2346395	1884761	185194	276440	2346395	1884761	0	248	0	142	28	78	4.2	126.9	232.5	437.7	1765.5	236.2	19.3	60.5	54.1
6323	0.128581499	57.9815642	29.56247087	5	12	343.4493511	637.348209	1332.525604	189.4616025	132959	78698	45603	8658	132959	78698	0	19	0	13	2	4	0.1	22.2	258.3	479.4	1002.2	142.5	43.6	6.4	15.2
6340	1	22	16	3	35	186	403	2339	134	77234	77234	0	0	77234	77234	0	4	0	4	0	0	1.3	20.7	240.8	521.8	3028.5	173.5	28.5	3.9	45.3
6403	3	74	118	22	9	208	1361	5703	370	273311	273311	0	0	273311	273311	0	14	0	14	0	0	1.1	43.2	76.1	498	2086.6	135.4	27.1	8	3.3
6440	57.28471422	876.8098712	2052.945935	536.0249137	532.0249137	4039.592604	16664.17479	70460.65564	12878.6349	2050670	2024992	1660	24018	2050670	2024992	0	56	0	53	1	2	2.8	100.1	197	812.6	3436	628	42.8	26.5	26.3
6483	26	285	696	204	292	1446	4894	19895	3973	994341	994341	0	0	994341	994341	0	33	0	33	0	0	2.6	70	145.4	492.2	2000.8	399.6	28.7	20.5	29.4
6520	5	127.1660109	52.18676228	21.08300546	23.02075136	234.1320218	2395.184262	11323.39179	706.7620764	404419	398140	6279	0	404419	398140	0	14	0	13	1	0	1.2	12.9	57.9	592.3	2799.9	174.8	31.4	5.3	5.8
6560	8	37	212	51	37	456	1625	5053	505	150409	150409	0	0	150409	150409	0	2	0	2	0	0	5.3	140.9	303.2	1080.4	3359.5	335.8	24.6	33.9	24.6
6580	5	41	82	35	71	504	1267	3118	272	156800	156800	0	0	156800	156800	0	2	0	2	0	0	3.2	52.3	321.4	808	1988.5	173.5	26.1	22.3	45.3
6600	7	26	247	88	28	116	1337	5099	490	193575	193575	0	0	193575	193575	0	7	0	7	0	0	3.6	127.6	59.9	690.7	2634.1	253.1	13.4	45.5	14.5
6640	80.36902944	315.2062103	1987.703473	1115	707	2796.606778	11770.00382	32264.90417	3368.064883	1315322	1304041	6318	4963	1315322	1304041	0	40	0	35	2	3	6.1	151.1	212.6	894.8	2453	256.1	24	85.5	54.2
6660	3	107	48	8	23	156	682	2419	160	92671	92671	0	0	92671	92671	0	3	0	3	0	0	3.2	51.8	168.3	735.9	2610.3	172.7	115.5	8.6	24.8
6680	19.55354738	76.30737427	494.1647094	178.3016556	213	1018.414397	2197.557219	6856.838732	1580.802151	386579	347751	18331	20497	386579	347751	0	39	0	28	4	7	5.1	127.8	263.4	568.5	1773.7	408.9	19.7	51.3	61.3
6690	4	114	92	12	68	699	1539	3572	682	177676	177676	0	0	177676	177676	0	3	0	3	0	0	2.3	51.8	393.4	866.2	2010.4	383.8	64.2	6.8	38.3
6720	14	161	568	156	192	1302	3043	10512	2207	386344	386344	0	0	386344	386344	0	3	0	3	0	0	3.6	147	337	787.6	2720.9	571.3	41.7	40.4	49.7
6740	8	61	98	25	81	383	1660	5647	512	212261	212261	0	0	212261	212261	0	8	0	8	0	0	3.8	46.2	180.4	782.1	2660.4	241.2	28.7	11.8	38.2
6760	141.0278123	264.7432312	2089.494442	1190	557	2232.327046	7052.929533	28699.14824	4457.365453	1043689	1043205	0	484	1043689	1043205	0	15	0	14	0	1	13.5	200.2	213.9	675.8	2749.8	427.1	25.4	114.1	53.4
6780	258.7142857	1018.428571	5611.714286	2183	2016	11488.42857	31522.14286	76030.85714	29116.42857	3684346	3657106	27240	0	3684346	3657106	0	50	0	49	1	0	7	152.3	311.8	855.6	2063.6	790.3	27.6	59.7	55.1
6800	9	87	207	70	99	832	1342	6406	674	238594	238594	0	0	238594	238594	0	5	0	5	0	0	3.8	86.8	348.7	562.5	2684.9	282.5	36.5	29.3	41.5
6820	0.050231041	55.97639826	71.00537771	25	20	145.6509921	521.7762518	2461.043226	194.0585568	132464	126897	0	5567	132464	126897	0	3	0	2	0	1	0	53.6	110	393.9	1857.9	146.5	42.3	19.7	15.8
6840	59.39492419	260.0768816	1185.169802	540	406	1419.877919	6107.407011	26152.25038	4342.439912	1103340	1077958	7802	17580	1103340	1077958	0	43	0	36	2	5	5.4	107.4	128.7	553.5	2370.3	393.6	23.6	50.1	37.7
6880	8	0	509	0	0	714	2607	7112	1099	385470	152446	0	0	0	0	233024	20	19	1	0	0	5.2	333.9	468.4	1710.1	4665.3	720.9			
6895	11	34	228.7331984	91.15546559	113	463.3109312	2213.909717	4599.353036	415.6218623	146932	146932	0	0	146932	146932	0	14	0	14	0	0	7.5	155.7	315.3	1506.8	3130.3	282.9	23.1	62	76.9
6920	97	535	3498	1114	1221	6124	16042	46678	18329	1812438	1812438	0	0	1812438	1812438	0	13	0	13	0	0	5.4	193	337.9	885.1	2575.4	1011.3	29.5	61.5	67.4
6960	27.05943255	264.1292184	325.7624997	119	685	2063.453676	2822.571809	7967.125936	882.1789291	404577	400460	1764	2353	404577	400460	0	25	0	23	1	1	6.7	80.5	510	697.7	1969.2	218	65.3	29.7	171.1
6980	0	98	49	15	20	235.2727273	679.1818182	4055.181818	227.1818182	181722	179402	2320	0	181722	179402	0	19	0	18	1	0	0	27	129.5	373.7	2231.5	125	53.9	8.4	11.1
7000	6	31	65	19	7	80.05439436	1020.036263	3697.199446	385.0181315	102616	102592	24	0	102616	102592	0	6	0	5	1	0	5.8	63.3	78	994	3602.9	375.2	30.2	18.5	6.8
7040	155.9727273	460.6969697	3454.916765	1638.787406	1842.787406	7538.927192	12723.93053	58924.71342	13526.93856	2660720	1951440	98050	0	2049490	1951440	611230	184	70	97	17	0	7.6	168.6	367.8	620.8	2875.1	660	22.5	84	94.4
7080	6.020855815	119.3608056	232.5568503	17	26	836.3834357	2874.715956	13164.25366	2149.497904	366558	365553	0	1005	366558	365553	0	18	0	17	0	1	1.6	63.4	228.2	784.2	3591.3	586.4	32.6	4.7	7.1
7120	33	129	721	258	197	1214	2622	9472	2049	419230	419230	0	0	419230	419230	0	13	0	13	0	0	7.9	172	289.6	625.4	2259.4	488.8	30.8	61.5	47
7160	38.10043345	645.3810151	1132.093077	313.9169945	469.9792486	2582.193039	9697.677764	52938.79161	6086.655154	1407812	1396232	5149	6431	1407812	1396232	0	32	0	29	1	2	2.7	80.4	183.4	688.8	3760.4	432.3	45.8	22.5	33.7
7200	1	68	60	14	82	292	1167	4803	256	105267	105267	0	0	105267	105267	0	2	0	2	0	0	0.9	57	277.4	1108.6	4562.7	243.2	64.6	13.3	77.9
7240	106	841.8482555	2325	1070	1238	5963.544766	18562.39801	74121.49949	6430.006109	1720189	1720189	0	0	1720189	1720189	0	37	0	37	0	0	6.2	135.2	346.7	1079.1	4308.9	373.8	48.9	62.2	72
7320	127	797	3588	736	1525	9374	17547	55671	24172	2964696	2964696	0	0	2964696	2964696	0	19	0	19	0	0	4.3	121	316.2	591.9	1877.8	815.3	26.9	24.8	51.4
7360	117	354	3877.6	813	440	4099.2	10410.8	40101.8	11882.8	1714767	1714767	0	0	1714767	1714767	0	32	0	32	0	0	6.8	226.1	239.1	607.1	2338.6	693	20.6	47.4	25.7
7400	37	454	1169	223	308	3430	7103	30140	6714	1697783	1697783	0	0	1697783	1697783	0	16	0	16	0	0	2.2	68.9	202	418.4	1775.3	395.5	26.7	13.1	18.1
7460	2	97	81	13	24	597	1582	4810	483	256038	256038	0	0	256038	256038	0	8	0	8	0	0	0.8	31.6	233.2	617.9	1878.6	188.6	37.9	5.1	9.4
7480	7	128	321	67	59	1348	2350	6553	1078	407785	407785	0	0	407785	407785	0	9	0	9	0	0	1.7	78.7	330.6	576.3	1607	264.4	31.4	16.4	14.5
7485	5	124	205	39	30	864	1697	6849	851	254486	254486	0	0	254486	254486	0	5	0	5	0	0	2	80.6	339.5	666.8	2691.3	334.4	48.7	15.3	11.8
7490	9.824841234	92.40562873	101.4558861	15	36	811.7016111	2746.952484	3479.173782	527.7467211	164718	135717	0	29001	164718	135717	0	5	0	2	0	3	6	61.6	492.8	1667.7	2112.2	320.4	56.1	11.1	26.5
7500	17	214	272	64	93	1739	2552	9169	1582	472109	472109	0	0	472109	472109	0	10	0	10	0	0	3.6	57.6	368.3	540.6	1942.1	335.1	45.3	13.6	19.7
7510	18	185	765	207	438	2970	6596	19434	1935	647673	647673	0	0	647673	647673	0	11	0	11	0	0	2.8	118.1	458.6	1018.4	3000.6	298.8	28.6	32	67.6
7520	27.80355922	92.41781009	798.4152708	433	143	898.6164992	3212.259662	10680.02788	1754.002311	309395	164510	140073	4812	309395	164510	0	14	0	5	7	2	9	258.1	290.4	1038.2	3451.9	566.9	29.9	263.2	86.9
7560	19.07849799	182.3681069	460.6440248	68	160	1096.581013	2462.036375	10685.52001	994.3656007	618780	473689	31099	113992	618780	473689	0	93	0	48	7	38	3.1	74.4	177.2	397.9	1726.9	160.7	29.5	14.4	33.8
7600	78.04365347	980.8007405	3135.203631	803.4246328	613.8127504	4600.822416	23791.91466	76820.77194	24896.80193	2506432	2450695	2613	53124	2506432	2450695	0	59	0	57	1	1	3.1	125.1	183.6	949.2	3064.9	993.3	39.1	32.8	25
7610	3.39102369	36.71427656	55.97912575	17	14	182.6120517	540.4371738	2156.961298	185.7610001	120291	81130	24682	14479	120291	81130	0	17	0	6	5	6	2.8	46.5	151.8	449.3	1793.1	154.4	30.5	21	17.3
7620	1	23	15	5	2	83	338.0909091	2421.727273	99	114137	113096	1041	0	114137	113096	0	6	0	5	1	0	0.9	13.1	72.7	296.2	2121.8	86.7	20.2	4.4	1.8
7640	7	20	55	11	45	249	990	2948	200	117087	117087	0	0	117087	117087	0	9	0	9	0	0	6	47	212.7	845.5	2517.8	170.8	17.1	9.4	38.4
7680	42	202	779	427	623	2819	4589	14190	1990	395447	395447	0	0	395447	395447	0	13	0	13	0	0	10.6	197	712.9	1160.5	3588.3	503.2	51.1	108	157.5
7720	2	52	46	12	36	352	1027.661389	3357.322777	298	124169	123828	341	0	124169	123828	0	6	0	5	1	0	1.6	37	283.5	827.6	2703.8	240	41.9	9.7	29.1
7760	3.077278707	119.5805801	47.64253587	1	3	306.9990968	1224.315205	3619.622564	356.0149766	185502	175591	3626	6285	185502	40606	0	13	0	8	2	3	1.7	25.7	165.5	660	1951.3	191.9	64.5	2.5	7.4
7800	11	109	435	210	107	718	2312	9045	830	268150	268150	0	0	268150	268150	0	6	0	6	0	0	4.1	162.2	267.8	862.2	3373.1	309.5	40.6	78.3	39.9
7840	15	147	380	88	140	1119	5323	19020	2680	436113	436113	0	0	436113	436113	0	7	0	7	0	0	3.4	87.1	256.6	1220.6	4361.3	614.5	33.7	20.2	32.1
7880	10	0	285	0	0	1309	1831	5898	404	205439	114125	0	0	0	0	91314	18	17	1	0	0	8.8	249.7	1147	1604.4	5168	354			
7920	11	96.09090909	199	55	57	840.0909091	2702.454545	12257.36364	1056.272727	343452	340333	3119	0	343452	340333	0	23	0	21	2	0	3.2	57.9	244.6	786.9	3568.9	307.5	28	16.2	16.7
8003	24.15097708	311.3267015	933.5313096	337	466	3336.634724	5215.274724	13422.28253	3570.851311	614670	598217	6287	10166	614670	598217	0	39	0	29	3	7	3.9	151.9	542.8	848.5	2183.7	580.9	50.6	56.3	77.9
8050	3.08261216	33.61570357	29.53084783	12	7	100.4110965	377.4165146	2364.485822	76.23129356	142104	139045	0	3059	142104	139045	0	7	0	6	0	1	2.2	20.8	70.7	265.6	1663.9	53.6	23.7	8.6	5
8080	4	17.66666667	56.53333333	10	8	143.2	347.6	1535.466667	132.9333333	128872	82375	46497	0	128872	82375	0	14	0	10	4	0	3.1	43.9	111.1	269.7	1191.5	103.2	13.7	12.1	9.7
8120	55	192	1558	436	596	3626	6494	21652	8168	640059	640059	0	0	640059	640059	0	7	0	7	0	0	8.6	243.4	566.5	1014.6	3382.8	1276.1	30	68.1	93.1
8140	13.07068856	33.49481991	181.2556077	76	232	1038.446824	1943.186629	3393.368026	481.7407236	107258	106178	0	1080	107258	106178	0	3	0	2	0	1	12.2	169	968.2	1811.7	3163.7	449.1	31.2	71.6	218.5
8160	26.2655517	158.3378963	583.4973784	25	19	1265.041683	4013.523701	12980.66471	1449.761274	737337	724229	1287	11821	737337	579951	0	34	0	28	1	5	3.6	79.1	171.6	544.3	1760.5	196.6	21.5	4.3	3.3
8200	26.02844053	385.1084846	1185.362944	38.57536719	51.18724961	2434.424346	8146.329992	24042.57337	6380.798468	749699	748999	700	0	749699	145882	0	22	0	21	1	0	3.5	158.1	324.7	1086.6	3207	851.1	51.4	26.4	35.1
8240	19	228	429	182	247	1681	4001	7097	1105	294103	294103	0	0	294103	294103	0	8	0	8	0	0	6.5	145.9	571.6	1360.4	2413.1	375.7	77.5	61.9	84
8280	116	1084	4484	1598	1914	14652	27443	76892	13761	2588157	2588157	0	0	2588157	2588157	0	34	0	34	0	0	4.5	173.3	566.1	1060.3	2970.9	531.7	41.9	61.7	74
8320	2.046505123	41.51933311	134.6123434	45	11	334.7593869	1325.277881	5045.236915	640.7978666	148884	92759	0	56125	148884	92759	0	7	0	5	0	2	1.4	90.4	224.8	890.1	3388.7	430.4	27.9	48.5	11.9
8360	8	61	134	51	137	842	1324	4132	339	133512	133512	0	0	133512	133512	0	9	0	9	0	0	6	100.4	630.7	991.7	3094.9	253.9	45.7	38.2	102.6
8400	25.15006119	194.2386452	1264.837031	373	333	2035.068871	6786.297534	19958.85005	3130.841224	620940	592474	23319	5147	620940	592474	0	25	0	23	1	1	4.1	203.7	327.7	1092.9	3214.3	504.2	31.3	63	56.2
8440	8.035784548	57.62485327	258.9367682	3	3	385.2270587	1643.944198	7827.03788	713.4008291	171655	170309	0	1346	171655	47764	0	5	0	4	0	1	4.7	150.8	224.4	957.7	4559.7	415.6	33.6	6.3	6.3
8480	23	79	744	251	204	936	1950	6387	1342	364515	364515	0	0	364515	364515	0	13	0	13	0	0	6.3	204.1	256.8	535	1752.2	368.2	21.7	68.9	56
8520	81	481	1784	720	1357	3537	9109	46525	8097	918878	918878	0	0	918878	918878	0	6	0	6	0	0	8.8	194.1	384.9	991.3	5063.2	881.2	52.3	78.4	147.7
8560	62	391.0015848	1149.999188	506.0007178	800.978502	4106.766764	9370.593487	23808.83209	4707.864994	826195	826195	0	0	826195	826195	0	41	0	41	0	0	7.5	139.2	497.1	1134.2	2881.7	569.8	47.3	61.2	96.9
8600	16	70.31813659	220.4545455	102	150	491.7268204	1992.090276	5417.788702	521.2725464	167534	147297	20237	0	167534	147297	0	5	0	4	1	0	9.6	131.6	293.5	1189.1	3233.8	311.1	42	69.2	101.8
8640	9.068082712	97.83446269	168.5486882	55.06111111	150.0611111	613.4243624	1865.59848	5169.825833	445.1519911	187106	185107	0	1999	187106	185107	0	8	0	7	0	1	4.8	90.1	327.8	997.1	2763	237.9	52.3	29.7	81.1
8680	9.215950298	82.51796021	189.0097906	44	23.95305832	447.4569917	1540.107477	5233.678429	303.4370103	298652	262008	27031	9613	298652	262008	0	23	0	18	2	3	3.1	63.3	149.8	515.7	1752.4	101.6	27.6	16.8	9.1
8720	30	190	737	152	143	2060	4193	12320	3161	550218	429129	121089	0	550218	429129	0	14	0	13	1	0	5.5	133.9	374.4	762.1	2239.1	574.5	34.5	35.4	33.3
8735	33	101	621	239	180	1143	3641	11496	2389	800256	800256	0	0	800256	800256	0	11	0	11	0	0	4.1	77.6	142.8	455	1436.5	298.5	12.6	29.9	22.5
8750	7	39	97	32	140	323	1062	3674	224	86829	86829	0	0	86829	86829	0	2	0	2	0	0	8.1	111.7	372	1223.1	4231.3	258	44.9	36.9	161.2
8760	9	50	404	51	120	704	1502	4420	430	150351	150351	0	0	150351	150351	0	4	0	4	0	0	6	268.7	468.2	999	2939.8	286	33.3	33.9	79.8
8780	25	105	445	176	366	2039	4885	11465	3485	395299	395299	0	0	395299	395299	0	9	0	9	0	0	6.3	112.6	515.8	1235.8	2900.3	881.6	26.6	44.5	92.6
8800	19	89	286.9974425	130.9974425	198	848.9948849	2976.992327	9014.985934	764.9961637	223499	223499	0	0	223499	223499	0	14	0	14	0	0	8.5	128.4	379.9	1332	4033.6	342.3	39.8	58.6	88.6
8840	408.3363849	1057.687505	9712.091394	4810	2191	12017.01002	20849.72426	105622.5011	35039.10652	5265875	5225313	17169	23393	5265875	5225313	0	68	0	63	3	2	7.8	184.4	228.2	395.9	2005.8	665.4	20.1	92.1	41.9
8920	3	67	67	10	47	312	1072	3219	241	126864	126864	0	0	126864	126864	0	4	0	4	0	0	2.4	52.8	245.9	845	2537.4	190	52.8	7.9	37
8940	1	27.07486034	30.04990689	8	8.024953445	128.6881823	480.5947584	1864.629986	108.5696042	128021	120981	7040	0	128021	120981	0	10	0	7	3	0	0.8	23.5	100.5	375.4	1456.5	84.8	21.1	6.6	6.6
8960	89	487	2570	789	810	5817	13239	38658	6913	1243303	1243303	0	0	1243303	1243303	0	33	0	33	0	0	7.2	206.7	467.9	1064.8	3109.3	556	39.2	63.5	65.1
9000	11.04306068	25.53831332	55.66504629	3	6	229.8457065	646.611697	2130.294598	202.0518063	150725	93927	16655	40143	150725	93927	0	22	0	14	3	5	7.3	36.9	152.5	429	1413.4	134.1	16.9	3.2	6.4
9040	32.07417451	300.4395056	644.9235889	259	923.6219424	2287.331219	5169.549125	19890.57756	2015.158558	559981	545972	11219	2790	559981	545972	0	35	0	21	10	4	5.7	115.2	408.5	923.2	3552	359.9	53.7	47.4	169.2
9080	9	80	220	70	186	947	2065	5829	625	140771	140771	0	0	140771	140771	0	7	0	7	0	0	6.4	156.3	672.7	1466.9	4140.8	444	56.8	49.7	132.1
9140	2.258098861	14.92359563	70.90693451	14	21	138.9054754	514.6677443	2020.474337	150.3437308	118829	109272	0	9557	118829	109272	0	10	0	7	0	3	1.9	59.7	116.9	433.1	1700.3	126.5	12.6	12.8	19.2
9160	25	219	1129	496	454	2303	4081	14521	2017	616758	613020	3738	0	616758	613020	0	14	0	13	1	0	4.1	183.1	373.4	661.7	2354.4	327	35.5	80.9	74.1
9200	12.31013939	130.4555622	352.5308694	130	177	826.0465173	4271.863429	8800.356504	947.9109696	253659	249046	442	4171	253659	249046	0	18	0	14	1	3	4.9	139	325.7	1684.1	3469.4	373.7	51.4	52.2	71.1
9260	10.06085357	123.0961979	182.858118	52	78	369.9246387	3129.544333	9300.038953	1498.007492	229402	227340	0	2062	229402	227340	0	13	0	12	0	1	4.4	79.7	161.3	1364.2	4054	653	53.7	22.9	34.3
9270	5	85	167	45	24	796	1790	3765	1010	185154	185154	0	0	185154	185154	0	5	0	5	0	0	2.7	90.2	429.9	966.8	2033.4	545.5	45.9	24.3	13
9280	18.54987453	105.0981825	392.845568	99	85	560.0167819	1620.989426	7754.975094	572.8199961	396219	357167	18691	20361	396219	357167	0	22	0	16	2	4	4.7	99.1	141.3	409.1	1957.2	144.6	26.5	27.7	23.8
9320	36.02791292	208.7996811	668.7406837	219.010463	218.0078472	919.1919108	4857.61417	11737.81365	1503.321697	586155	430733	14770	140652	586155	424332	0	47	0	27	3	17	6.1	114.1	156.8	828.7	2002.5	256.5	35.6	51.6	51.4
9340	8	65	114	23	63	562	1575	3459	912	149844	149844	0	0	149844	149844	0	5	0	5	0	0	5.3	76.1	375.1	1051.1	2308.4	608.6	43.4	15.3	42
9360	3.478480517	47.78986639	78.5063172	21	142	921.2176415	1537.609886	4090.827098	889.2353372	176133	156577	0	19556	176133	156577	0	5	0	4	0	1	2	44.6	523	873	2322.6	504.9	27.1	13.4	90.7
