msa98	mmurd98	mrape98	mrobt98	mrobg98	massg98	massa98	mburg98	mlarc98	mmoto98	mpop98	mpopcm98	mpopg398	mpopl398	mpoprp98	mpopgn98	mpopna98	mct98	mctna98	mctcm98	mctg398	mctl398	mrmurd98	mrrobt98	mrassa98	mrburg98	mrlarc98	mrmoto98	mrrape98	mrrobg98	mrassg98
0	14286.96391	73829.0247	421235.7674	136492.7456	132660.2912	819006.2267	1881464.246	6015092.321	1128975.954	216297640	189949434	7709213	6710127	200405454	175389025	11928866	7127	830	5192	531	574	7	206.1	400.7	920.6	2943.3	552.4	36.8	77.8	75.6
40	4.950365347	56.48379961	128.719426	37.63270357	137.6896452	382.4064511	1346.631045	3751.6502	222.8359291	123462	123462	0	0	123462	123462	0	4	0	4	0	0	4	104.3	309.7	1090.7	3038.7	180.5	45.7	30.5	111.5
80	30.32273598	352.3773121	1223.142901	23	12	1440.929745	6274.584146	20333.9216	3590.447136	683845	256741	81395	345709	683845	200281	0	27	0	18	1	8	4.4	178.9	210.7	917.5	2973.5	525	51.5	11.5	6
120	10	39	292.4545455	99	100	344.5636364	2070.024242	4538.787879	501.5151515	120126	117307	2819	0	120126	117307	0	5	0	3	2	0	8.3	243.5	286.8	1723.2	3778.4	417.5	32.5	84.4	85.2
160	14.96260443	190.2291337	819.2355712	106	77	1504.217707	5804.156174	18636.38823	1104.270549	878260	769102	56855	52303	878260	769102	0	42	0	37	4	1	1.7	93.3	171.3	660.9	2122	125.7	21.7	13.8	10
200	59.11885616	335.4846419	2025.456531	1020	1392	4913.521547	11025.82706	31887.27321	7607.321913	677816	619473	19037	39306	677816	619473	0	14	0	8	3	3	8.7	298.8	724.9	1626.7	4704.4	1122.3	49.5	164.7	224.7
220	10.50807614	71.43729279	261.0244687	17	76	725.8166392	2114.680782	5079.538799	359.9472749	126985	120564	0	6421	126985	74162	0	8	0	4	0	4	8.3	205.6	571.6	1665.3	4000.1	283.5	56.3	22.9	102.5
240	23.11001728	131.5829507	602.053994	62	34	915.5275199	3374.909337	12618.74122	1258.514233	612865	477089	88868	46908	612865	374792	0	52	0	30	16	6	3.8	98.2	149.4	550.7	2059	205.3	21.5	16.5	9.1
280	2	30	73	15	17	160.0909091	878.6363636	2236.545455	215	130716	129325	1391	0	130716	129325	0	13	0	12	1	0	1.5	55.8	122.5	672.2	1711	164.5	23	11.6	13.1
320	14	67	251	98	337	1013	2136	9843	787	211603	211603	0	0	211603	211603	0	5	0	5	0	0	6.6	118.6	478.7	1009.4	4651.6	371.9	31.7	46.3	159.3
380	20	190	385	184	203	1177	1704	9819	1335	263677	263677	0	0	263677	263677	0	3	0	3	0	0	7.6	146	446.4	646.2	3723.9	506.3	72.1	69.8	77
440	16.3082636	254.4834085	352.3679611	81	163	1204.583433	3196.527455	12172.24409	1335.428015	541788	521403	10871	9514	541788	410768	0	27	0	22	2	3	3	65	222.3	590	2246.7	246.5	47	19.7	39.7
450	13	57	236	107	235	632	1688	3939	337	117987	117987	0	0	117987	117987	0	6	0	6	0	0	11	200	535.7	1430.7	3338.5	285.6	48.3	90.7	199.2
460	0	0	0	0	0	0	0	0	0	345727	0	0	0	0	0	345727	18	18	0	0	0									
480	8.205590219	39.45006403	217.4378327	68	64	727.6377661	1989.626508	5090.336508	611.8192924	214727	194902	0	19825	214727	194902	0	11	0	7	0	4	3.8	101.3	338.9	926.6	2370.6	284.9	18.4	34.9	32.8
500	5.414014328	47.29163138	210.0664967	59	99.00209132	357.1064814	1460.300008	6692.745801	682.3073946	141410	115827	2105	23478	141410	115827	0	9	0	5	2	2	3.8	148.6	252.5	1032.7	4732.9	482.5	33.4	50.9	85.5
520	344.758681	1160.271727	9837.484684	4762	3493	14288.68133	38928.0327	132867.945	28684.88435	3702517	3569868	100545	32104	3702517	2895567	0	105	0	69	28	8	9.3	265.7	385.9	1051.4	3588.6	774.7	31.3	164.5	120.6
560	25	146	657	163	107	971	3892	16053	817	337270	337270	0	0	337270	337270	0	33	0	33	0	0	7.4	194.8	287.9	1154	4759.7	242.2	43.3	48.3	31.7
580	6	48	108	63	123	755	1312	4122	181	99254	99254	0	0	99254	99254	0	3	0	3	0	0	6	108.8	760.7	1321.9	4153	182.4	48.4	63.5	123.9
600	44.06022068	208.8859343	776.8317676	295	379	1051.231941	4646.941325	15993.90545	2370.938638	466660	454509	11373	778	466660	454509	0	20	0	15	3	2	9.4	166.5	225.3	995.8	3427.3	508.1	44.8	64.9	83.4
640	50	373	1259	34	149	2815	10285	36884	3712	1088710	1088710	0	0	1088710	513496	0	32	0	32	0	0	4.6	115.6	258.6	944.7	3387.9	341	34.3	6.6	29
680	55.67050002	170.2860232	944.8852161	326	366	2634.517248	7691.134996	16292.91349	3293.070041	636378	623377	0	13001	636378	623377	0	13	0	11	0	2	8.7	148.5	414	1208.6	2560.3	517.5	26.8	52.3	58.7
720	362.1818182	923.0909091	10637.18182	5080	2700	14281.27273	27045.36364	86722	13686.63636	2494963	2376002	118961	0	2494963	2376002	0	17	0	16	1	0	14.5	426.3	572.4	1084	3475.9	548.6	37	213.8	113.6
733	0.014466932	23.12231133	34.1617666	5	6	92.57341658	887.5963478	3564.472193	231.6884944	143531	143001	0	530	143531	143001	0	14	0	13	0	1	0	23.8	64.5	618.4	2483.4	161.4	16.1	3.5	4.2
743	3.061678237	36.01197996	52.5196702	9	43	1208.658809	1592.910544	4237.916136	379.4190012	206100	201147	0	4953	206100	201147	0	15	0	14	0	1	1.5	25.5	586.4	772.9	2056.2	184.1	17.5	4.5	21.4
760	80.31185086	205.2930816	1696.047137	1192	563	2190.880402	9297.227486	29745.3021	3841.413778	572392	555813	0	16579	572392	555813	0	14	0	11	0	3	14	296.3	382.8	1624.3	5196.7	671.1	35.9	214.5	101.3
840	24	307	591	177	196	1458	4830	11393	1636	381183	381183	0	0	381183	350562	0	18	0	18	0	0	6.3	155	382.5	1267.1	2988.9	429.2	80.5	50.5	55.9
860	4	98	91	37	41	272	1771	6015	455	156421	156421	0	0	156421	156421	0	8	0	8	0	0	2.6	58.2	173.9	1132.2	3845.4	290.9	62.7	23.7	26.2
870	12.01908422	109.2822596	134.5227475	25	67	783.8690524	1550.556151	4565.534928	431.459729	161420	160502	329	589	161420	132035	0	21	0	18	2	1	7.4	83.3	485.6	960.6	2828.4	267.3	67.7	18.9	50.7
875	31	143	1357	248	193	1975.454545	6341.090909	22318.36364	4560	1345674	1345674	0	0	1345674	1345674	0	87	0	87	0	0	2.3	100.8	146.8	471.2	1658.5	338.9	10.6	18.4	14.3
880	2	30	60	30	29	132	861	4117	477	126143	119998	0	0	119998	119998	6145	3	1	2	0	0	1.7	50	110	717.5	3430.9	397.5	25	25	24.2
920	32.66148409	138.3909543	500.5447843	64	43	626.0548231	4569.946218	12170.13135	1287.660841	346063	237492	23058	85513	346063	122923	0	12	0	9	1	2	9.4	144.6	180.9	1320.6	3516.7	372.1	40	52.1	35
960	1	29.81818182	83.72727273	2	0	298.4188419	1275.377438	5364.727273	219	252226	141826	110400	0	252226	94008	0	10	0	8	2	0	0.4	33.2	118.3	505.6	2127	86.8	11.8	2.1	0
1000	121.3294084	383.7038368	1618.89202	378	470	3144.914596	8305.80114	27677.05378	4535.857457	906749	902125	0	4624	906749	642672	0	44	0	40	0	4	13.4	178.5	346.8	916	3052.3	500.2	42.3	58.8	73.1
1010	4	44	18	2	0	99	313	2498	170	90618	90618	0	0	90618	90618	0	4	0	4	0	0	4.4	19.9	109.2	345.4	2756.6	187.6	48.6	2.2	0
1020	0	32	49	31	14	102	929	2969	230	117349	67300	50049	0	117349	67300	0	2	0	1	1	0	0	41.8	86.9	791.7	2530.1	196	27.3	46.1	20.8
1040	0	0	0	0	0	0	0	0	0	142561	0	0	0	0	0	142561	9	9	0	0	0									
1080	13	150	124	43	185	919	3044	11981	831	389633	389633	0	0	389633	389633	0	9	0	9	0	0	3.3	31.8	235.9	781.2	3074.9	213.3	38.5	11	47.5
1123	100.2886694	1519.826552	5446.490996	1059	1105	21975.57464	29271.07679	97259.62591	24096.54712	5860079	4696785	477788	226131	5400704	4545574	459375	276	35	192	32	17	1.9	100.8	406.9	542	1800.9	446.2	28.1	23.3	24.3
1125	4.758372269	164.5356985	92.1674942	27.09732175	42.69017976	488.9797325	2151.948636	8403.701167	642.2523056	266859	215543	50006	1310	266859	155119	0	8	0	5	1	2	1.8	34.5	183.2	806.4	3149.1	240.7	61.7	17.5	27.5
1145	2.033596679	61.31073384	85.60658308	28	49	441.4385235	1526.676203	4341.718716	428.3721807	229128	228298	0	830	229128	207299	0	16	0	15	0	1	0.9	37.4	192.7	666.3	1894.9	187	26.8	13.5	23.6
1150	3.090909091	123.5454545	131.6363636	42	74	711	2145.090909	6011.454545	604.2727273	237912	231463	6449	0	237912	231463	0	5	0	4	1	0	1.3	55.3	298.8	901.6	2526.8	254	51.9	18.1	32
1240	22	52	276	49	159	1330	3670	10578	970	326098	326098	0	0	326098	326098	0	11	0	11	0	0	6.7	84.6	407.9	1125.4	3243.8	297.5	15.9	15	48.8
1260	3	95	84	23	47	349	1495	5441	244	135204	135204	0	0	135204	135204	0	3	0	3	0	0	2.2	62.1	258.1	1105.7	4024.3	180.5	70.3	17	34.8
1280	53.81671417	282.7634196	2146.276561	501.3193398	350.3193398	2512.288912	8978.045456	27838.02696	4440.888793	1167166	1056962	33227	76977	1167166	1037303	0	29	0	25	2	2	4.6	183.9	215.2	769.2	2385.1	380.5	24.2	48.3	33.8
1303	2	59	31	3	6	150	1526	5489	369	191760	187675	4085	0	191760	132107	0	14	0	13	1	0	1	16.2	78.2	795.8	2862.4	192.4	30.8	2.3	4.5
1320	19.16355759	173.0341343	478.1174536	136	55	1195.067073	3272.190935	10422.03237	1084.90694	403471	259900	58748	84823	403471	259900	0	20	0	10	3	7	4.7	118.5	296.2	811	2583.1	268.9	42.9	52.3	21.2
1350	3	27	18	4	3	82	652	2213	131	63771	63771	0	0	63771	63771	0	4	0	4	0	0	4.7	28.2	128.6	1022.4	3470.2	205.4	42.3	6.3	4.7
1360	8.970431227	67.55490322	220.3677032	3	6	397.4383465	1680.711448	7023.103122	676.5555208	182341	58707	1453	122181	182341	58707	0	9	0	4	1	4	4.9	120.9	218	921.7	3851.6	371	37	5.1	10.2
1400	0	0	0	0	0	0	0	0	0	170583	0	0	0	0	0	170583	12	12	0	0	0									
1440	25.13181982	296.0106186	896.1219164	320	616	3216.238512	5567.987952	20421.43187	3362.861382	520162	518076	383	1703	520162	518076	0	19	0	16	1	2	4.8	172.3	618.3	1070.4	3926	646.5	56.9	61.8	118.9
1480	16	56	269.0882605	81	201.0882605	632.2999894	2557.199958	6976.499466	1178.123468	253365	253365	0	0	253365	253365	0	19	0	19	0	0	6.3	106.2	249.6	1009.3	2753.5	465	22.1	32	79.4
1520	132.7850559	595.4659003	3263.405169	1589	2711	9045.067339	19013.49405	53330.55806	5731.94285	1372645	1359629	4511	8505	1372645	1359629	0	42	0	38	1	3	9.7	237.7	659	1385.2	3885.2	417.6	43.4	116.9	199.4
1540	4	47.63636364	88.90909091	25	80	507.4545455	761.9090909	3939.218182	235.2181818	147858	69684	78174	0	147858	69684	0	4	0	3	1	0	2.7	60.1	343.2	515.3	2664.2	159.1	32.2	35.9	114.8
1560	36.41905404	209.4834432	761.9621894	382	520	2569.082208	4930.566767	14615.47059	2280.96651	453888	355556	2306	96026	453888	300806	0	24	0	17	1	6	8	167.9	566	1086.3	3220.1	502.5	46.2	127	172.9
1580	2	33	15	5	19	115	317	2533	131	78893	78893	0	0	78893	78893	0	3	0	3	0	0	2.5	19	145.8	401.8	3210.7	166	41.8	6.3	24.1
1600	714	0	23299	0	0	36732	37557	127010	32302	7871416	2981807	0	0	0	0	4889609	277	274	3	0	0	23.9	781.4	1231.9	1259.5	4259.5	1083.3			
1620	6	84	135	36	38	436	2234	5026	769	196561	196561	0	0	196561	196561	0	6	0	6	0	0	3.1	68.7	221.8	1136.5	2557	391.2	42.7	18.3	19.3
1640	60.20188355	619.3217364	2223.471094	117.041197	41	2599.582771	11548.70122	40428.8534	6096.709266	1612695	660605	76538	616919	1354062	597991	258633	108	42	34	7	25	4.4	164.2	192	852.9	2985.7	450.3	45.7	19.6	6.9
1660	12	59	107	43	148	605	1438	3224	411	199464	125710	0	0	125710	125710	73754	7	5	2	0	0	9.5	85.1	481.3	1143.9	2564.6	326.9	46.9	34.2	117.7
1680	121.8453283	1122.049168	4523.541502	1485	564	4543.262699	16690.14192	54979.17546	10806.50128	2230574	1381474	31939	817161	2230574	1212787	0	97	0	44	4	49	5.5	202.8	203.7	748.2	2464.8	484.5	50.3	122.4	46.5
1720	10.45967805	300.4699686	557.9411386	20	63	1457.143188	4396.174338	16689.27351	1532.059741	489659	476000	0	13659	489659	111562	0	8	0	5	0	3	2.1	113.9	297.6	897.8	3408.3	312.9	61.4	17.9	56.5
1740	6	46	85	21	34	323	757	4493	255	129188	129188	0	0	129188	129188	0	3	0	3	0	0	4.6	65.8	250	586	3477.9	197.4	35.6	16.3	26.3
1760	37	217.9004964	1074.344632	517.9502482	715.6517374	3132.646462	6097.081833	19560.29412	2435.710254	513951	509550	4401	0	513951	509550	0	15	0	12	3	0	7.2	209	609.5	1186.3	3805.9	473.9	42.4	101.6	140.4
1800	21.03991584	41.04157049	426.7041368	31.41221374	40.60814249	556.2832013	2108.708812	10021.65894	1230.415265	277035	274598	1858	579	277035	88599	0	13	0	9	3	1	7.6	154	200.8	761.2	3617.5	444.1	14.8	35.5	45.8
1840	86.94368563	923.5231175	3236.591249	1407	905	3129.109697	19121.68094	58472.6679	9207.156573	1462914	1182643	71348	208923	1462914	1130097	0	41	0	25	4	12	5.9	221.2	213.9	1307.1	3997	629.4	63.1	124.5	80.1
1880	18	178.2579959	376.3789979	63	325.3949897	1840.659917	4851.826766	17043.64447	1494.59595	393493	379806	13687	0	393493	379806	0	13	0	12	1	0	4.6	95.7	467.8	1233	4331.4	379.8	45.3	16.6	85.7
1890	0	22	26	2	1	83	433	2060	133	77465	77465	0	0	77465	77465	0	3	0	3	0	0	0	33.6	107.1	559	2659.3	171.7	28.4	2.6	1.3
1900	2	23	16	3	30	287	583	2033	124	99630	99630	0	0	99630	99630	0	10	0	10	0	0	2	16.1	288.1	585.2	2040.6	124.5	23.1	3	30.1
1920	306.4948158	1342.653844	7284.209622	3377.859976	4262.776121	14039.16888	35235.16126	107817.8371	24084.74927	3178244	3174820	249	3175	3178244	3007207	0	94	0	92	1	1	9.6	229.2	441.7	1108.6	3392.4	757.8	42.2	112.3	141.8
1950	8.181818182	44.45454545	101.8181818	57	31	156.2727273	658.6363636	2081.909091	200.3636364	109521	51446	58075	0	109521	51446	0	5	0	1	4	0	7.5	93	142.7	601.4	1900.9	182.9	40.6	110.8	60.3
1960	3	61	232	48	112	1209	1652.363636	4980.454545	434.0909091	360216	155274	2711	0	157985	155274	202231	29	24	4	1	0	1.9	146.8	765.3	1045.9	3152.5	274.8	38.6	30.9	72.1
2000	42.05601676	468.2714817	1776.380011	330	236	2019.544604	9600.526915	30328.88673	6006.266611	946877	703512	117349	126016	946877	664781	0	37	0	26	2	9	4.4	187.6	213.3	1013.9	3203	634.3	49.5	49.6	35.5
2020	14	259	801	271	393	2519	6221	15503	2052	474256	474256	0	0	474256	474256	0	17	0	17	0	0	3	168.9	531.1	1311.7	3268.9	432.7	54.6	57.1	82.9
2030	9.160928562	37.83238911	83.36701396	38	49	227.2175763	1093.352677	3347.986049	234.2584331	142773	140514	0	2259	142773	140514	0	12	0	10	0	2	6.4	58.4	159.1	765.8	2345	164.1	26.5	27	34.9
2040	0	0	0	0	0	0	0	0	0	115696	0	0	0	0	0	115696	7	7	0	0	0									
2080	121.2660869	879.6179903	2261.677764	400.9026782	311.3098202	4475.68425	16509.0177	53678.49588	11699.12786	1939609	1780620	0	158989	1939609	780047	0	38	0	32	0	6	6.3	116.6	230.8	851.2	2767.5	603.2	45.4	51.4	39.9
2120	18	126	398	138	109	804.4	3276.6	15184	1451.2	430798	403518	27280	0	430798	403518	0	18	0	16	2	0	4.2	92.4	186.7	760.6	3524.6	336.9	29.2	34.2	27
2160	518.2731314	2107.105437	11366.92534	5328	6206.003759	24809.64427	42128.22005	134755.2999	44764.1198	4483692	4161738	195683	126271	4483692	3932555	0	130	0	109	11	10	11.6	253.5	553.3	939.6	3005.5	998.4	47	135.5	157.8
2180	5.244135538	28.26277002	125.1079047	53	43	250.500502	900.427013	2681.961572	247.0113546	135296	131869	0	3427	135296	131869	0	15	0	11	0	4	3.9	92.5	185.1	665.5	1982.3	182.6	20.9	40.2	32.6
2190	4.008696428	0	166.4774301	50.6279001	146.4418502	705.2525779	972.9445061	4149.336752	342.1558408	124721	124526	0	195	0	124526	0	11	0	10	0	1	3.2	133.5	565.5	780.1	3326.9	274.3		40.7	117.6
2200	1	40	7.989893755	1.989893755	8	107	583.8484063	1755.525006	99	88393	88393	0	0	88393	88393	0	3	0	3	0	0	1.1	9	121.1	660.5	1986	112	45.3	2.3	9.1
2240	2	146	95	12	47	298	1322	4863	429	240258	195064	1548	0	196612	195064	43646	17	2	14	1	0	1	48.3	151.6	672.4	2473.4	218.2	74.3	6.2	24.1
2281	11.10416881	42.9692228	191.0810273	38	37	449.7059432	1106.237679	4729.615948	288.6030845	265243	238892	20691	5660	265243	238892	0	14	0	10	2	2	4.2	72	169.5	417.1	1783.1	108.8	16.2	15.9	15.5
2290	0	0	0	0	0	0	0	0	0	144985	0	0	0	0	0	144985	10	10	0	0	0									
2320	20	301	851	185	449	3595	3223	27868	2875	713161	713161	0	0	713161	713161	0	6	0	6	0	0	2.8	119.3	504.1	451.9	3907.7	403.1	42.2	25.9	63
2330	15	57	203	52	3	135	1758	5743	723	171744	171744	0	0	171744	50905	0	4	0	4	0	0	8.7	118.2	78.6	1023.6	3343.9	421	33.2	102.2	5.9
2335	3	32	36	7	12	186.6	465	2265	76	93283	81897	11386	0	93283	81897	0	6	0	5	1	0	3.2	38.6	200	498.5	2428.1	81.5	34.3	8.5	14.7
2340	0	21	53	23	51	300	894	2239	180	57212	57212	0	0	57212	57212	0	3	0	3	0	0	0	92.6	524.4	1562.6	3913.5	314.6	36.7	40.2	89.1
2360	6	94.82337662	346.0961039	5	11	435.0233766	1768.483117	5605.335065	519.025974	278959	220142	58817	0	278959	115273	0	12	0	9	3	0	2.2	124.1	155.9	634	2009.4	186.1	34	4.3	9.5
2400	14	111	368	86	177	716	4078	13565	1771	315100	315100	0	0	315100	315100	0	10	0	10	0	0	4.4	116.8	227.2	1294.2	4305	562	35.2	27.3	56.2
2440	12.5892227	50.07237553	201.0934192	65	28	504.4931265	2155.587152	6996.629234	706.6496767	290707	225823	0	19943	245766	225823	44941	9	3	5	0	1	5.1	81.8	205.3	877.1	2846.9	287.5	20.4	28.8	12.4
2520	1	81	28	5	5	127	570	4016	354	166404	166404	0	0	166404	166404	0	7	0	7	0	0	0.6	16.8	76.3	342.5	2413.4	212.7	48.7	3	3
2560	27	108	686	343	368	836	4618	10410	1003	288676	288676	0	0	288676	288676	0	4	0	4	0	0	9.4	237.6	289.6	1599.7	3606.1	347.4	37.4	118.8	127.5
2580	3.2	88.8	64.53333333	12	85	677.9333333	1477.866667	6137.733333	498.5333333	268567	231059	37508	0	268567	231059	0	14	0	12	2	0	1.2	24	252.4	550.3	2285.4	185.6	33.1	5.2	36.8
2620	8.217727532	41.09485844	63.13527646	15	39	386.9172808	1073.822508	5255.783039	247.0392939	122509	116037	2289	4183	122509	116037	0	7	0	4	1	2	6.7	51.5	315.8	876.5	4290.1	201.6	33.5	12.9	33.6
2640	40.27511733	316.069043	1055.869239	410	744.1501901	3052.394754	7434.843009	15557.63831	3569.277535	437308	425455	3362	8491	437308	365989	0	26	0	21	2	3	9.2	241.4	698	1700.1	3557.6	816.2	72.3	112	203.3
2650	9.034835798	22.18018516	78.72884897	35	44	218.2117728	832.0550947	3206.829649	117.5712146	138337	137848	0	489	138337	137848	0	12	0	11	0	1	6.5	56.9	157.7	601.5	2318.1	85	16	25.4	31.9
2655	7	65	172	72	213	1002.428571	1471.428571	5010.142857	488.4285714	126893	124670	2223	0	126893	124670	0	7	0	5	2	0	5.5	135.5	790	1159.6	3948.3	384.9	51.2	57.8	170.9
2670	5	173	49	12	37	460	1308	6662	360	230550	230550	0	0	230550	155244	0	5	0	5	0	0	2.2	21.3	199.5	567.3	2889.6	156.1	75	7.7	23.8
2680	73	518	3675	934	867	6496	18298	54925	11776	1497054	1497054	0	0	1497054	966480	0	30	0	30	0	0	4.9	245.5	433.9	1222.3	3668.9	786.6	34.6	96.6	89.7
2700	31	224	632	269	299	1533	4540	10940	2857	394012	394012	0	0	394012	394012	0	4	0	4	0	0	7.9	160.4	389.1	1152.2	2776.6	725.1	56.9	68.3	75.9
2710	10	117	451	155	294	1860	3532	8117	835	300932	300932	0	0	300932	300932	0	7	0	7	0	0	3.3	149.9	618.1	1173.7	2697.3	277.5	38.9	51.5	97.7
2720	7.03560984	69.32706268	93.46238008	26	85	586.6915561	1502.860276	5258.773307	607.4729664	193654	192826	0	828	193654	192826	0	14	0	13	0	1	3.6	48.3	303	776.1	2715.6	313.7	35.8	13.5	44.1
2750	10	85	123	40	107	702	1972	3094	268	170576	170576	0	0	170576	158579	0	6	0	6	0	0	5.9	72.1	411.5	1156.1	1813.9	157.1	49.8	25.2	67.5
2760	31.78707376	152.1940275	496.7059077	243	80	732.3346744	3320.772118	14638.94707	1786.385231	480387	391101	5333	83953	480387	375098	0	16	0	9	1	6	6.6	103.4	152.4	691.3	3047.3	371.9	31.7	64.8	21.3
2800	99.63370158	694.5864137	2204.182992	810.1503454	1250.285807	5226.248356	15302.24828	50060.59929	8209.727574	1582100	1582100	0	0	1582100	1523101	0	49	0	49	0	0	6.3	139.3	330.3	967.2	3164.2	518.9	43.9	53.2	82.1
2840	69	329	1814	511	843	5459	9342	26826	8349	879444	879444	0	0	879444	879444	0	16	0	16	0	0	7.8	206.3	620.7	1062.3	3050.3	949.3	37.4	58.1	95.9
2880	6	53.12253943	175.1225394	99.12253943	109	795.1225394	1198.08317	3724.081215	419.7352366	105110	105110	0	0	105110	105110	0	9	0	9	0	0	5.7	166.6	756.5	1139.8	3543	399.3	50.5	94.3	103.7
2900	4	184	455	188	285	1872	3946	11514	1141	201872	201872	0	0	201872	201872	0	8	0	8	0	0	2	225.4	927.3	1954.7	5703.6	565.2	91.1	93.1	141.2
2920	22	129	316	104	96	909	3371	8888	1122	246991	246991	0	0	246991	246991	0	12	0	12	0	0	8.9	127.9	368	1364.8	3598.5	454.3	52.2	42.1	38.9
2960	97.84225727	176.303313	1075.56909	500	572	2086.019597	4828.032937	17294.56897	3868.91759	627144	529237	13269	84638	627144	405313	0	25	0	17	3	5	15.6	171.5	332.6	769.8	2757.7	616.9	28.1	123.4	141.1
2975	0	27.6969697	16.42424242	2	9	350.1515152	717.0909091	2263.242424	67.51515152	122839	110566	12273	0	122839	110566	0	10	0	7	3	0	0	13.4	285	583.8	1842.4	55	22.5	1.8	8.1
2980	8.088674454	26.08867445	152.5320467	70	193	546.1922803	1376.093956	3485.872727	302.1527679	113806	108447	5359	0	113806	108447	0	5	0	4	1	0	7.1	134	479.9	1209.2	3063	265.5	22.9	64.5	178
2985	1.002710152	49.41274692	15.08130456	5	2	72.10624716	610.7772792	3248.089917	282.4474591	101641	91183	9987	471	101641	91183	0	9	0	5	3	1	1	14.8	70.9	600.9	3195.6	277.9	48.6	5.5	2.2
2995	5	22	46	0	0	294	907	3726	292	112899	112899	0	0	112899	283	0	6	0	6	0	0	4.4	40.7	260.4	803.4	3300.3	258.6	19.5	0	0
3000	43.60851279	551.8983031	966.5614607	259	445	3314.127434	9472.862673	26369.40194	3216.14216	1030811	923758	20397	86656	1030811	833487	0	38	0	29	2	7	4.2	93.8	321.5	919	2558.1	312	53.5	31.1	53.4
3040	0	0	0	0	0	2.4	8.4	13.2	2.4	79224	0	584	0	584	0	78640	3	2	0	1	0	0	0	411	1438.4	2260.3	411	0		
3060	10.51111117	80.18707147	78.34505133	3	24	859.0141451	1254.59678	4603.906729	446.3769751	158699	144320	1893	12486	158699	12580	0	18	0	10	1	7	6.6	49.4	541.3	790.6	2901	281.3	50.5	23.8	190.8
3080	3	29	63	4	15	205	949	3292	208	216482	104017	0	0	104017	104017	112465	5	4	1	0	0	2.9	60.6	197.1	912.4	3164.9	200	27.9	3.8	14.4
3120	84.1323039	418.0568528	2147.208909	916	1244.879664	4108.491897	15916.28435	40728.82069	4303.893917	1171566	1168829	0	2737	1171566	1168829	0	37	0	34	0	3	7.2	183.3	350.7	1358.5	3476.4	367.4	35.7	78.4	106.5
3150	13	55.42965272	288.239537	119.6197685	190	783.9087266	2691.733749	5776.402939	553.4296527	123030	123030	0	0	123030	123030	0	7	0	7	0	0	10.6	234.3	637.2	2187.9	4695.1	449.8	45.1	97.2	154.4
3160	70.86582267	416.1533883	1506.072843	719.5796229	1440.099308	5852.617952	10353.25579	28676.61817	3416.752429	923017	920335	1700	982	923017	920335	0	38	0	35	2	1	7.7	163.2	634.1	1121.7	3106.8	370.2	45.1	78.2	156.5
3180	3	24.63636364	115.6363636	30	45	356.3636364	661.8181818	1943.090909	255.9090909	129186	129186	0	0	129186	129186	0	4	0	4	0	0	2.3	89.5	275.9	512.3	1504.1	198.1	19.1	23.2	34.8
3200	8.005258734	142.0326513	286.0886564	61.95880295	57	1182.039522	2913.564753	10001.81713	727.0544545	327421	317218	10062	141	327421	317218	0	11	0	9	1	1	2.4	87.4	361	889.9	3054.7	222.1	43.4	19.5	18
3240	14.60496905	175.3521332	620.2830969	74.52090895	26	879.2419699	2792.30627	12939.44603	1004.499948	614052	496286	106287	11479	614052	475360	0	62	0	39	16	7	2.4	101	143.2	454.7	2107.2	163.6	28.6	15.7	5.5
3283	44	218	1465	470	122	1690	6838	25465	4072	1106525	949249	0	157276	1106525	949249	0	36	0	33	0	3	4	132.4	152.7	618	2301.3	368	19.7	49.5	12.9
3285	7.146128277	31.27792335	109.249257	2	0	163.5070786	1542.629605	3038.621041	260.0485922	110426	59881	0	50545	110426	11331	0	5	0	3	0	2	6.5	98.9	148.1	1397	2751.7	235.5	28.3	17.7	0
3290	24.09987425	75.41779857	177.5496694	69	212	772.5715192	3371.417126	7924.001219	722.3066196	323557	322475	0	1082	323557	322475	0	23	0	20	0	3	7.4	54.9	238.8	1042	2449	223.2	23.3	21.4	65.7
3320	17	242	1052	107	150	1031	7692	32669	4750	874736	874736	0	0	874736	874736	0	1	0	1	0	0	1.9	120.3	117.9	879.4	3734.7	543	27.7	12.2	17.1
3350	14.19876768	83.95350872	186.7041684	68	191	1039.315433	1938.51972	6224.835145	660.7597811	191974	189462	0	2512	191974	189462	0	6	0	5	0	1	7.4	97.3	541.4	1009.8	3242.5	344.2	43.7	35.9	100.8
3360	345	1288	9664	4925	4173	18030	38829	107234	28263	3914915	3914915	0	0	3914915	3886787	0	53	0	53	0	0	8.8	246.9	460.5	991.8	2739.1	721.9	32.9	126.7	107.4
3400	10.07496752	106.316173	170.4600565	43	19	424.6812216	2301.917952	5391.864236	500.0618521	315773	159724	0	64618	224342	159724	91431	27	14	11	0	2	4.5	76	189.3	1026.1	2403.4	222.9	47.4	26.9	11.9
3440	17.15010026	122.7763806	363.1404597	33	31	1063.530072	2696.781359	9883.13307	1377.770039	335537	333430	0	2107	335537	160285	0	10	0	8	0	2	5.1	108.2	317	803.7	2945.5	410.6	36.6	20.6	19.3
3480	169.6954207	753.9155781	3217.649507	1565	1363	6239.123524	15046.9067	38466.0509	7421.97535	1512333	1182484	0	329849	1512333	1140381	0	33	0	20	0	13	11.2	212.8	412.5	994.9	2543.5	490.8	49.9	137.2	119.5
3500	1	56	35	5	13	470	726	2528	144	102677	102677	0	0	102677	102677	0	3	0	3	0	0	1	34.1	457.7	707.1	2462.1	140.2	54.5	4.9	12.7
3520	10.07176833	80.06146865	103.96585	35	93	476.0287794	1009.880374	3969.442046	466.7500845	156029	132911	20903	2215	156029	132911	0	13	0	10	2	1	6.5	66.6	305.1	647.2	2544	299.1	51.3	26.3	70
3560	70.79149332	276.6466521	1412.55964	879	458	1137.477726	7061.052792	15681.73479	4244.966656	429157	368383	1611	59163	429157	336238	0	17	0	10	2	5	16.5	329.1	265	1645.3	3654.1	989.1	64.5	261.4	136.2
3580	11.7161483	55.25044075	268.8153671	122	136	620.9377834	1550.01636	4121.589529	673.3515124	100484	85790	0	14694	100484	85790	0	4	0	2	0	2	11.7	267.5	617.9	1542.6	4101.7	670.1	55	142.2	158.5
3600	91	665	2324	86	220	7013	13469	40008	6084	1053156	1053156	0	0	1053156	349905	0	13	0	13	0	0	8.6	220.7	665.9	1278.9	3798.9	577.7	63.1	24.6	62.9
3605	3	40	101	45	93	305	1452	3185	361	145344	145344	0	0	145344	145344	0	6	0	6	0	0	2.1	69.5	209.8	999	2191.4	248.4	27.5	31	64
3610	4	37.27272727	69.54545455	2	18	285.3636364	852.8484848	3044.242424	121.1818182	140309	107343	32966	0	140309	107343	0	9	0	8	1	0	2.9	49.6	203.4	607.8	2169.7	86.4	26.6	1.9	16.8
3620	0	0	0	0	0	0	0	0	0	151902	0	0	0	0	0	151902	7	7	0	0	0									
3640	29	105	2071	493	233	2358	5136	11470	4472	555697	555697	0	0	555697	522265	0	12	0	12	0	0	5.2	372.7	424.3	924.2	2064.1	804.8	18.9	94.4	44.6
3660	13.08983128	147.662846	131.9040197	35	244	1376.52319	2491.145323	8489.334082	812.3198475	465256	457981	5623	1652	465256	457981	0	26	0	20	5	1	2.8	28.4	295.9	535.4	1824.7	174.6	31.7	7.6	53.3
3680	2.623034924	34.03901688	50.63477396	2	13	430.0630356	831.6461131	2329.829356	256.5571993	237298	161839	52972	22487	237298	161839	0	56	0	26	16	14	1.1	21.3	181.2	350.5	981.8	108.1	14.3	1.2	8
3700	6	18	54	16	44	186	789	2189	266	77389	77389	0	0	77389	77389	0	2	0	2	0	0	7.8	69.8	240.3	1019.5	2828.6	343.7	23.3	20.7	56.9
3710	3.842325254	34.04862792	52.66678029	11	1	276.1302078	1295.564939	4096.198566	362.3596526	148135	110423	0	37712	148135	110423	0	8	0	6	0	2	2.6	35.6	186.4	874.6	2765.2	244.6	23	10	0.9
3720	21.52329559	307.3520317	508.2065629	88	227.0291892	2020.520693	4488.967246	13605.08288	1352.730484	448664	352773	10804	85087	448664	264873	0	34	0	25	4	5	4.8	113.3	450.3	1000.5	3032.4	301.5	68.5	33.2	85.7
3740	0	0	0	0	0	0	0	0	0	103261	0	0	0	0	0	103261	10	10	0	0	0									
3760	156.5851842	535.0575709	3007.102865	1343	2260.505609	6518.268081	14530.49825	44204.77276	9455.024579	1725147	1017199	12164	20725	1050088	1016829	675059	78	33	37	2	6	14.9	286.4	620.7	1383.7	4209.6	900.4	51	132.1	222.3
3800	0	0	0	0	0	0	0	0	0	144364	0	0	0	0	0	144364	5	5	0	0	0									
3810	20	137	248	107	157	945	2832.5	8181	746	304690	303386	1304	0	304690	303386	0	11	0	10	1	0	6.6	81.4	310.2	929.6	2685	244.8	45	35.3	51.7
3840	56.28587143	245.2992987	701.8164016	324.2964573	538.8039775	2222.710777	5715.142758	14928.78121	2535.402186	661859	568748	47091	46020	661859	568748	0	20	0	15	3	2	8.5	106	335.8	863.5	2255.6	383.1	37.1	57	94.7
3850	2.347010012	25.80940935	33.82180256	8	35	190.7804127	729.871138	2748.780542	152.6393949	100578	88833	0	11745	100578	88833	0	4	0	3	0	1	2.3	33.6	189.7	725.7	2733	151.8	25.7	9	39.4
3870	0	2	0	0	0	8	17	203	8	122735	19388	0	0	19388	19388	103347	10	7	3	0	0	0	0	41.3	87.7	1047	41.3	10.3	0	0
3880	22.97864596	135.894664	431.8158332	147	362	1403.377261	3865.054767	10806.43789	1116.19839	373480	334992	26120	12368	373480	334992	0	21	0	10	6	5	6.2	115.6	375.8	1034.9	2893.4	298.9	36.4	43.9	108.1
3920	2.702145528	60.98948868	64.13865768	12	12	345.160622	954.6202182	4935.72841	301.9376192	172563	129728	27368	15467	172563	129728	0	5	0	3	1	1	1.6	37.2	200	553.2	2860.2	175	35.3	9.3	9.3
3960	9.298547155	76.43216099	276.065616	96	186	937.5096059	2440.3463	8554.999204	783.659098	179573	175800	0	3773	179573	175800	0	7	0	6	0	1	5.2	153.7	522.1	1359	4764.1	436.4	42.6	54.6	105.8
3980	40	243	979	406	682	2524	9079	19518	3939	456667	456667	0	0	456667	456667	0	15	0	15	0	0	8.8	214.4	552.7	1988.1	4274	862.6	53.2	88.9	149.3
4000	10.73345399	71.42187232	475.8920794	34	12	497.5274298	2139.016415	8346.877362	860.1209586	453345	340667	105831	6847	453345	340667	0	40	0	29	8	3	2.4	105	109.7	471.8	1841.2	189.7	15.8	10	3.5
4040	16.37309811	306.6091084	403.2197573	29	33	1411.248063	3589.546765	13290.82403	1010.07824	449318	418504	19299	11515	449318	205352	0	25	0	16	5	4	3.6	89.7	314.1	798.9	2958	224.8	68.2	14.1	16.1
4080	12	72	223	48	120	600	2057	9109	1447	186245	186245	0	0	186245	173484	0	2	0	2	0	0	6.4	119.7	322.2	1104.5	4890.9	776.9	38.7	27.7	69.2
4100	14.13398196	117.4498762	121.8805325	43	210	643.2117371	2313.538236	6195.371068	413.2636564	169152	167048	0	2104	169152	167048	0	5	0	4	0	1	8.4	72.1	380.3	1367.7	3662.6	244.3	69.4	25.7	125.7
4120	145	668	3985	1640	712	4791	17108	36793	12771	1312825	1312825	0	0	1312825	1312825	0	11	0	11	0	0	11	303.5	364.9	1303.1	2802.6	972.8	50.9	124.9	54.2
4150	0	0	0	0	0	0	0	0	0	92287	0	0	0	0	0	92287	4	4	0	0	0									
4200	7	64	115	27	70	396	1429	3765	298	114988	114988	0	0	114988	114988	0	2	0	2	0	0	6.1	100	344.4	1242.7	3274.3	259.2	55.7	23.5	60.9
4243	0	19	41	7	2	94	1114	2692	122	101208	101208	0	0	101208	101208	0	7	0	7	0	0	0	40.5	92.9	1100.7	2659.9	120.5	18.8	6.9	2
4280	24	135	502	212	256	1277	2996	9564	1005	447255	275495	0	0	275495	275495	171760	18	15	3	0	0	8.7	182.2	463.5	1087.5	3471.6	364.8	49	77	92.9
4320	9.268287368	85.84265792	151.3177101	54	53	433.1466279	1406.707801	4506.799511	347.015276	155263	119058	2199	34006	155263	119058	0	10	0	4	1	5	6	97.5	279	906	2902.7	223.5	55.3	45.4	44.5
4360	9	100	174	49	71	902	2180	11464	521	234164	234164	0	0	234164	234164	0	2	0	2	0	0	3.8	74.3	385.2	931	4895.7	222.5	42.7	20.9	30.3
4400	57	291	1112	602	590	2352	7027	23924	2459	555662	555662	0	0	555662	555662	0	17	0	17	0	0	10.3	200.1	423.3	1264.6	4305.5	442.5	52.4	108.3	106.2
4420	11.56179297	142.9044824	202.0280684	86.12358595	140.0842052	601.5953049	2110.370333	6096.621672	779.8651016	211689	211689	0	0	211689	211689	0	12	0	12	0	0	5.5	95.4	284.2	996.9	2880	368.4	67.5	40.7	66.2
4480	958	2724	31041	11863	10526	59428	67557	174023	65243	9257996	9257996	0	0	9257996	9233442	0	89	0	89	0	0	10.3	335.3	641.9	729.7	1879.7	704.7	29.4	128.5	114
4520	60.55996885	232.4753747	1751.045908	755	806	4130.758536	8536.239102	22226.03175	3967.758456	1000093	755593	0	67111	822704	755593	177389	39	24	11	0	4	7.4	212.8	502.1	1037.6	2701.6	482.3	28.3	99.9	106.7
4600	16	143	257	54	295	1736.577762	3018.733286	7920.755454	692.8666432	234481	234481	0	0	234481	234481	0	9	0	9	0	0	6.8	109.6	740.6	1287.4	3378	295.5	61	23	125.8
4640	11	62	108	49	59	466	974	3988	358	209182	209182	0	0	209182	209182	0	8	0	8	0	0	5.3	51.6	222.8	465.6	1906.5	171.1	29.6	23.4	28.2
4680	31.28396086	107.8713853	543.4830388	52	43	1455.535545	4631.517908	14593.35043	2010.878384	322664	313420	5125	4119	322664	152886	0	14	0	10	2	2	9.7	168.4	451.1	1435.4	4522.8	623.2	33.4	34	28.1
4720	5	94	262	87	28	376	1387	5625	600	401663	201225	0	0	201225	201225	200438	22	21	1	0	0	2.5	130.2	186.9	689.3	2795.4	298.2	46.7	43.2	13.9
4800	4.42901575	67.34420673	116.9269821	37	32	231.3898036	1626.404448	4664.292806	290.3160465	175211	162211	1497	11503	175211	161292	0	11	0	9	1	1	2.5	66.7	132.1	928.3	2662.1	165.7	38.4	22.9	19.8
4880	41.06978395	119.6454279	504.2599388	179	318	2014.065078	7766.944306	17202.49767	2842.927277	519359	517635	0	1724	519359	517635	0	17	0	16	0	1	7.9	97.1	387.8	1495.5	3312.3	547.4	23	34.6	61.4
4890	7.038396383	62.93631077	84.29863198	9	55	354.8777725	1497.943883	6929.87235	433.2667596	173016	167288	4303	1425	173016	109681	0	12	0	8	2	2	4.1	48.7	205.1	865.8	4005.3	250.4	36.4	8.2	50.1
4900	18	217	529	197	331	2576	4701	14390	1277	469219	469219	0	0	469219	469219	0	13	0	13	0	0	3.8	112.7	549	1001.9	3066.8	272.2	46.2	42	70.5
4920	142.3197245	881.7878733	4647.095407	2582	2047	5650.42469	19292.22058	31408.50004	10320.43978	1095039	785850	186527	122662	1095039	785850	0	22	0	12	3	7	13	424.4	516	1761.8	2868.3	942.5	80.5	328.6	260.5
4940	17	78	212	68	47	1089	2858	4977	928	198548	198548	0	0	198548	198548	0	7	0	7	0	0	8.6	106.8	548.5	1439.5	2506.7	467.4	39.3	34.2	23.7
5000	253.7855939	1164.085185	10758.14999	2517	2692	19618.30246	35341.5445	115906.3549	31440.26459	2081156	2067285	0	13871	2081156	1446932	0	31	0	30	0	1	12.2	516.9	942.7	1698.2	5569.3	1510.7	55.9	174	186
5015	29	116	791	261	97	1461	5145	19449	2886	1114033	1114033	0	0	1114033	1114033	0	62	0	62	0	0	2.6	71	131.1	461.8	1745.8	259.1	10.4	23.4	8.7
5080	111	286	2970	1745	928	2528	7055	25846	7348	1466659	588339	0	0	588339	588339	878320	53	52	1	0	0	18.9	504.8	429.7	1199.1	4393	1248.9	48.6	296.6	157.7
5120	99.2	1397.948321	4032.587761	852.8644111	950.4507587	5949.793984	21139.59376	88454.04246	11861.68595	2816032	2688200	34361	0	2722561	2404983	93471	125	8	116	1	0	3.6	148.1	218.5	776.5	3248.9	435.7	51.3	35.5	39.5
5140	0	0	0	0	0	0	0	0	0	88919	0	0	0	0	0	88919	3	3	0	0	0									
5160	52.28260452	165.4617475	1250.912769	214	307	1739.942951	7859.009326	17575.75505	2879.746438	531145	527178	0	3967	531145	281945	0	22	0	21	0	1	9.8	235.5	327.6	1479.6	3309	542.2	31.2	75.9	108.9
5170	25	171	640	201	254	2411	5333	14340	3245	427034	427034	0	0	427034	427034	0	10	0	10	0	0	5.9	149.9	564.6	1248.8	3358	759.9	40	47.1	59.5
5190	13	167	588	118	94	1518	5595	20532	1266	1085263	1085263	0	0	1085263	1085263	0	82	0	82	0	0	1.2	54.2	139.9	515.5	1891.9	116.7	15.4	10.9	8.7
5200	12.09178762	77.44031454	320.1723071	179	264	1364.457764	2344.478852	8044.457746	632.5978144	147629	146469	0	1160	147629	146469	0	5	0	4	0	1	8.2	216.9	924.2	1588.1	5449.1	428.5	52.5	122.2	180.2
5240	37	145.0126066	616.5189099	52.5063033	93.5819429	1129.378198	4028.808862	10856.18298	1648.214312	321615	321615	0	0	321615	123808	0	10	0	10	0	0	11.5	191.7	351.2	1252.7	3375.5	512.5	45.1	42.4	75.6
5280	3.136389242	35.28737204	76.15547429	1	2	382.8589391	785.1285481	3798.908782	314.3326549	118327	49238	0	69089	118327	49238	0	2	0	1	0	1	2.7	64.4	323.6	663.5	3210.5	265.6	29.8	2	4.1
5330	15	112	403.0909091	147	383	1466.363636	3910.545455	10754.42424	1579.454545	172598	171513	1085	0	172598	171513	0	9	0	7	2	0	8.7	233.5	849.6	2265.7	6230.9	915.1	64.9	85.7	223.3
5345	4	90	200	63	141	901	2244	6306	750	199230	199230	0	0	199230	199230	0	2	0	2	0	0	2	100.4	452.2	1126.3	3165.2	376.4	45.2	31.6	70.8
5360	130.920734	625.1257266	2540.510971	1311	2118	8384.447536	12321.27873	46634.75268	7885.821036	1147838	854631	121768	171439	1147838	850712	0	34	0	20	7	7	11.4	221.3	730.5	1073.4	4062.8	687	54.5	154.1	249
5380	55	151.2484848	1870.49697	140	54	2714.212121	9682.472727	45058.19394	7339.751515	2671900	342772	2329128	0	2671900	308312	0	39	0	29	10	0	2.1	70	101.6	362.4	1686.4	274.7	5.7	45.4	17.5
5483	69	368	2632	1035	521	3688	10983	41366	7415	1627646	1562989	0	64657	1627646	1562989	0	44	0	42	0	2	4.2	161.7	226.6	674.8	2541.5	455.6	22.6	66.2	33.3
5523	6	81	161	22	29	282	892	3614	356	253267	148679	0	104588	253267	148679	0	8	0	7	0	1	2.4	63.6	111.3	352.2	1427	140.6	32	14.8	19.5
5560	285.4461195	548.1400805	4075.921798	2465	2003	7286.107649	14908.86892	46726.30255	13208.17784	1313102	1238457	69007	5638	1313102	1238457	0	20	0	16	2	2	21.7	310.4	554.9	1135.4	3558.5	1005.9	41.7	199	161.7
5600	665.8	2198.836364	41004.92121	7838	4725	46180.27576	51012.51212	172571.403	47600.18182	8628871	8283777	345094	0	8628871	8162615	0	58	0	45	13	0	7.7	475.2	535.2	591.2	1999.9	551.6	25.5	96	57.9
5640	111	475	6488	2419	1055	6047	15122	40405	14188	1958610	1958610	0	0	1958610	1958610	0	109	0	109	0	0	5.7	331.3	308.7	772.1	2062.9	724.4	24.3	123.5	53.9
5660	11.20835209	71.0736731	218.8517615	20	24	834.6003719	1732.160718	6182.069496	454.7318965	366893	238149	117831	10913	366893	211624	0	36	0	24	9	3	3.1	59.7	227.5	472.1	1685	123.9	19.4	9.5	11.3
5720	101	520.1818182	3016.636364	1532	591	3531.381818	12525.42424	51631.0303	5368.363636	1558156	1546256	11900	0	1558156	1546256	0	16	0	15	1	0	6.5	193.6	226.6	803.9	3313.6	344.5	33.4	99.1	38.2
5775	161	862	6168	2120	1289	9783	22818	76539	17293	2298398	2298398	0	0	2298398	2298398	0	35	0	35	0	0	7	268.4	425.6	992.8	3330.1	752.4	37.5	92.2	56.1
5790	18	101	244	99	234	1441	2620	6766	591	241551	241551	0	0	241551	241551	0	4	0	4	0	0	7.5	101	596.6	1084.7	2801.1	244.7	41.8	41	96.9
5800	5	100	174	39	155	1076	2204	7797	609	247408	247408	0	0	247408	247408	0	4	0	4	0	0	2	70.3	434.9	890.8	3151.5	246.2	40.4	15.8	62.6
5880	68.04064167	633.3732781	1577.527716	722	891	4097.747669	14285.90069	43855.10465	5733.385561	1039728	1038783	0	945	1039728	1038783	0	42	0	41	0	1	6.5	151.7	394.1	1374	4217.9	551.4	60.9	69.5	85.8
5910	5	88	124	65	37	274	1876	5473	656	203183	203183	0	0	203183	203183	0	8	0	8	0	0	2.5	61	134.9	923.3	2693.6	322.9	43.3	32	18.2
5920	33.49053137	244.5104943	1083.8527	500	710	4224.39817	4971.205186	23138.63661	4702.433448	690063	653498	7031	29534	690063	653498	0	16	0	13	1	2	4.9	157.1	612.2	720.4	3353.1	681.4	35.4	76.5	108.6
5945	85	487	3143	1294	798	5782	15473	46394	11192	2707157	2707157	0	0	2707157	2707157	0	32	0	32	0	0	3.1	116.1	213.6	571.6	1713.8	413.4	18	47.8	29.5
5960	82.07572194	782.5865397	3240.484431	996	1160	10693.12576	21163.19761	61249.10817	9346.664318	1493274	1491937	0	1337	1493274	1310410	0	35	0	34	0	1	5.5	217	716.1	1417.2	4101.7	625.9	52.4	76	88.5
5990	3	16	45	14	10	68	489	1870	85	91663	54911	0	0	54911	54911	36752	2	1	1	0	0	5.5	82	123.8	890.5	3405.5	154.8	29.1	25.5	18.2
6015	8	72	144	70	120	619	1716	5689	418	148837	148837	0	0	148837	148837	0	8	0	8	0	0	5.4	96.8	415.9	1152.9	3822.3	280.8	48.4	47	80.6
6020	1.05568291	52.56384427	36.37497328	21	31	221.0358147	876.2146258	2800.455431	150.8482591	150532	149039	0	1493	150532	149039	0	9	0	8	0	1	0.7	24.2	146.8	582.1	1860.4	100.2	34.9	14.1	20.8
6080	25	232	656	281	387	2314	4424	11448	1061	404185	404185	0	0	404185	404185	0	5	0	5	0	0	6.2	162.3	572.5	1094.5	2832.4	262.5	57.4	69.5	95.7
6120	5	0	381	0	0	537	2301	6388	1359	350288	113418	0	0	0	0	236870	30	29	1	0	0	4.4	335.9	473.5	2028.8	5632.3	1198.2			
6160	451.5779026	1484.509534	15188.65722	6388	3701	15934.07106	32537.77954	119516.0299	30984.4611	4944642	4636160	296354	12128	4944642	4636160	0	264	0	226	35	3	9.1	307.2	322.2	658	2417.1	626.6	30	137.8	79.8
6200	262.3274558	797.0496877	5560.243373	2459	3417	11657.42551	38226.29403	119615.9471	30275.63215	2910641	2829206	10935	70500	2910641	2761181	0	27	0	24	1	2	9	191	400.5	1313.3	4109.6	1040.2	27.4	89.1	123.8
6240	27	66	335	205	400	1058	1553	2585	556	82748	82748	0	0	82748	82748	0	2	0	2	0	0	32.6	404.8	1278.6	1876.8	3123.9	671.9	79.8	247.7	483.4
6280	88.13487617	581.6304502	2544.552002	739	544	4440.338283	10847.0861	39529.2766	6605.20076	2357288	1898236	286366	172686	2357288	1863410	0	243	0	143	55	45	3.7	107.9	188.4	460.2	1676.9	280.2	24.7	39.7	29.2
6323	0.205643934	43.3740838	45.40093552	20	7	361.2110982	848.0576883	2122.7858	181.0749819	134880	118366	0	16514	134880	118366	0	17	0	12	0	5	0.2	33.7	267.8	628.7	1573.8	134.2	32.2	16.9	5.9
6340	3	14	21	4	37	194	361	2275	93	75010	75010	0	0	75010	75010	0	3	0	3	0	0	4	28	258.6	481.3	3032.9	124	18.7	5.3	49.3
6403	7	72	106	11	11	273	1934.545455	6727.636364	316	251792	245355	6437	0	251792	245355	0	14	0	13	1	0	2.8	42.1	108.4	768.3	2671.9	125.5	28.6	4.5	4.5
6440	55	772.0307836	2580.243385	874.0307836	1001	6859.230784	15575.00037	66598.65595	12012.24357	1809204	1798221	10983	0	1809204	1731826	0	50	0	42	8	0	3	142.6	379.1	860.9	3681.1	664	42.7	50.5	57.8
6483	24.2	316.8	619.6	110	206	1848.4	5772.2	19265.8	3720	905318	857167	48151	0	905318	771910	0	33	0	32	1	0	2.7	68.4	204.2	637.6	2128.1	410.9	35	14.3	26.7
6520	9.081337228	112.9831195	78.39334209	27	36	276.7395792	1882.925688	10654.45063	661.3565161	334676	319322	12548	2806	334676	319322	0	14	0	11	2	1	2.7	23.4	82.7	562.6	3183.5	197.6	33.8	8.5	11.3
6560	13	88	176	29	179	909	1470	4754	434	135564	135564	0	0	135564	135564	0	2	0	2	0	0	9.6	129.8	670.5	1084.4	3506.8	320.1	64.9	21.4	132
6580	1	17	42	13	46	219	1000	2419	222	136071	136071	0	0	136071	136071	0	2	0	2	0	0	0.7	30.9	160.9	734.9	1777.7	163.2	12.5	9.6	33.8
6600	0	0	0	0	0	0	0	0	0	187329	0	0	0	0	0	187329	7	7	0	0	0									
6640	77.30165776	352.1235799	2470.580224	641	554.1203355	3406.320323	13618.50632	38198.22638	4722.120929	1067167	1040089	14280	12798	1067167	885653	0	37	0	34	1	2	7.2	231.5	319.2	1276.1	3579.4	442.5	33	72.4	62.6
6660	2	76	67	11	28	162	734	3910	143	87190	87190	0	0	87190	87190	0	3	0	3	0	0	2.3	76.8	185.8	841.8	4484.5	164	87.2	12.6	32.1
6680	16.40909821	53.51304482	567.8378865	173	137	771.2407847	2742.196043	7474.0709	766.1208116	353497	321147	15062	17288	353497	321147	0	35	0	25	5	5	4.6	160.6	218.2	775.7	2114.3	216.7	15.1	53.9	42.7
6690	7	92	119	29	82	903	1784	3801	621	165196	165196	0	0	165196	165196	0	3	0	3	0	0	4.2	72	546.6	1079.9	2300.9	375.9	55.7	17.6	49.6
6720	18	176	486	124	118	746	2853	10240	1057	318556	318556	0	0	318556	318556	0	3	0	3	0	0	5.7	152.6	234.2	895.6	3214.5	331.8	55.2	38.9	37
6740	11.19204915	81.98656871	106.6045269	34	79	375.8037867	1368.566188	6054.641574	456.0474025	185373	179059	0	6314	185373	179059	0	8	0	7	0	1	6	57.5	202.7	738.3	3266.2	246	44.2	19	44.1
6760	139	267	1888	1005	449	2549.181818	8445.727273	31620	4257.424242	951250	951250	0	0	951250	951250	0	15	0	15	0	0	14.6	198.5	268	887.9	3324	447.6	28.1	105.7	47.2
6780	251	895	5532	2141	2582	13347	34613	63917	19905	3101490	3101490	0	0	3101490	3101490	0	50	0	50	0	0	8.1	178.4	430.3	1116	2060.8	641.8	28.9	69	83.3
6800	17	72	278	126	64	413	1081	5843	413	230468	230468	0	0	230468	230468	0	5	0	5	0	0	7.4	120.6	179.2	469	2535.3	179.2	31.2	54.7	27.8
6820	1	74	50	9	17	183	509	2325	169	115573	115573	0	0	115573	115573	0	3	0	3	0	0	0.9	43.3	158.3	440.4	2011.7	146.2	64	7.8	14.7
6840	49.06673429	247.8209191	1415.756214	547	331	1306.926779	7107.81648	29561.35856	3628.827925	1088363	1027801	56936	3626	1088363	980148	0	43	0	38	3	2	4.5	130.1	120.1	653.1	2716.1	333.4	22.8	55.8	33.8
6880	12	0	593	0	0	830	3221	7983	1070	359218	145993	0	0	0	0	213225	19	18	1	0	0	8.2	406.2	568.5	2206.3	5468.1	732.9			
6895	16.07587489	35.31740335	276.9369947	129	169	614.3362244	2218.72172	4983.476022	371.0074356	147943	147121	0	822	147943	147121	0	14	0	13	0	1	10.9	187.2	415.3	1499.7	3368.5	250.8	23.9	87.7	114.9
6920	87	556	3063	971	869	5264	17034	41176	13288	1521655	1521655	0	0	1521655	1521655	0	13	0	13	0	0	5.7	201.3	345.9	1119.4	2706	873.3	36.5	63.8	57.1
6960	26.74619622	280.1273077	341.4395146	18	38	1638.352993	3157.931054	10318.89138	971.3576399	404722	376593	5099	23030	404722	241762	0	28	0	20	3	5	6.6	84.4	404.8	780.3	2549.6	240	69.2	7.4	15.7
6980	0	61.65662488	52.72590164	16.13855352	18.55220829	132.2791128	800.2921504	3371.380444	243.3845323	162552	162552	0	0	162552	162552	0	12	0	12	0	0	0	32.4	81.4	492.3	2074	149.7	37.9	9.9	11.4
7000	4.174517931	15.15987302	37.13326808	8	17	245.6053204	877.7488389	4003.463745	343.1735409	97776	93242	0	4534	97776	93242	0	4	0	3	0	1	4.3	38	251.2	897.7	4094.5	351	15.5	8.6	18.2
7040	166.6372219	465.3710225	4416.897026	1775	2092.800445	8258.104157	17602.16795	68277.45318	11210.96013	2578702	1845799	76679	43592	1966070	1845799	612632	148	62	72	10	4	8.5	224.7	420	895.3	3472.8	570.2	23.7	96.2	113.4
7080	19	107	278	47	31	310	2910	15150	1543	329164	329164	0	0	329164	329164	0	18	0	18	0	0	5.8	84.5	94.2	884.1	4602.6	468.8	32.5	14.3	9.4
7120	27	119	641	220	171	1316	2842	8389	1267	366382	366382	0	0	366382	366382	0	13	0	13	0	0	7.4	175	359.2	775.7	2289.7	345.8	32.5	60	46.7
7160	41.43610784	643.8166711	1300.925262	455	637	3494.683136	12319.10496	60554.82122	6359.532613	1272244	1100128	157071	15045	1272244	1100128	0	36	0	26	6	4	3.3	102.3	274.7	968.3	4759.7	499.9	50.6	41.4	57.9
7200	5.2	63.8	31	5	28	324.6	820.4	4099.6	185.2	104343	90100	14243	0	104343	90100	0	2	0	1	1	0	5	29.7	311.1	786.3	3929	177.5	61.1	5.5	31.1
7240	107	887	1991	833	1429	3630	14988	64421	8036	1536344	1536344	0	0	1536344	1536344	0	28	0	28	0	0	7	129.6	236.3	975.6	4193.1	523.1	57.7	54.2	93
7320	87	779	4227	1097	1586	11501	18378	55251	18685	2756316	2756316	0	0	2756316	2756316	0	19	0	19	0	0	3.2	153.4	417.3	666.8	2004.5	677.9	28.3	39.8	57.5
7360	82	416	4778	1156	319	5326	11368	44246	9559	1682556	1682556	0	0	1682556	1682556	0	32	0	32	0	0	4.9	284	316.5	675.6	2629.7	568.1	24.7	68.7	19
7400	44	538	1426	462	342	6070	7822	34792	4879	1628933	1628933	0	0	1628933	1628933	0	16	0	16	0	0	2.7	87.5	372.6	480.2	2135.9	299.5	33	28.4	21
7460	7	127	79	17	38	609	1533	4652	350	236176	236176	0	0	236176	236176	0	8	0	8	0	0	3	33.4	257.9	649.1	1969.7	148.2	53.8	7.2	16.1
7480	11	104	267	61	74	1491	2736	7197	587	395024	395024	0	0	395024	395024	0	8	0	8	0	0	2.8	67.6	377.4	692.6	1821.9	148.6	26.3	15.4	18.7
7485	9	58	188	36	57	1139	1629	6422	540	243462	243462	0	0	243462	243462	0	5	0	5	0	0	3.7	77.2	467.8	669.1	2637.8	221.8	23.8	14.8	23.4
7490	10.68411585	62.47309335	215.6870739	0	1	678.936808	2827.072756	3831.012413	562.1499098	140633	20387	68385	51861	140633	18349	0	5	0	2	1	2	7.6	153.4	482.8	2010.2	2724.1	399.7	44.4	0	5.4
7500	11	173.0909091	346.4545455	94	47	1020.272727	3403.454545	11215.63636	1096	433909	423946	9963	0	433909	423946	0	10	0	9	1	0	2.5	79.8	235.1	784.4	2584.8	252.6	39.9	22.2	11.1
7510	20	164	758	228	348	2537	6157	16969	1587	548416	548416	0	0	548416	548416	0	11	0	11	0	0	3.6	138.2	462.6	1122.7	3094.2	289.4	29.9	41.6	63.5
7520	37.09090909	93.07272727	659.4909091	350	274	873.7212121	3022.557576	11402.13333	1704.830303	290010	238257	51753	0	290010	222666	0	14	0	7	7	0	12.8	227.4	301.3	1042.2	3931.6	587.9	32.1	157.2	123.1
7560	13.06338331	132.4766393	313.0814052	39	34	927.5665047	2562.687245	10556.7258	1088.493464	620658	341122	111664	167872	620658	341122	0	94	0	39	25	30	2.1	50.4	149.4	412.9	1700.9	175.4	21.3	11.4	10
7600	87.35982602	1240.779738	3276.740214	1008	843.1097687	5041.301866	20658.69707	86707.53009	19477.0701	2299699	2277116	10753	11830	2299699	2277116	0	57	0	52	2	3	3.8	142.5	219.2	898.3	3770.4	846.9	54	44.3	37
7610	0.080622258	25.19615523	61.48231567	1	0	174.5499191	538.7010826	2203.670226	218.6698967	121852	28053	90392	3407	121852	28053	0	18	0	6	8	4	0.1	50.5	143.2	442.1	1808.5	179.5	20.7	3.6	0
7620	0	0	0	0	0	0	0	0	0	111044	0	0	0	0	0	111044	5	5	0	0	0									
7640	11	28	57	16	42	216	1012	3253	223	103218	103218	0	0	103218	103218	0	5	0	5	0	0	10.7	55.2	209.3	980.4	3151.6	216	27.1	15.5	40.7
7680	45	170	659	374	785	2471	5531	15859	1437	380217	380217	0	0	380217	380217	0	11	0	11	0	0	11.8	173.3	649.9	1454.7	4171	377.9	44.7	98.4	206.5
7720	2	82	48	4	56	516	1200	5146	438	121249	121249	0	0	121249	121249	0	5	0	5	0	0	1.6	39.6	425.6	989.7	4244.2	361.2	67.6	3.3	46.2
7760	0.020361006	67.92522006	52.50492324	12	25	269.3092712	811.3304144	3690.347181	189.5605646	160697	143739	0	16958	160697	143739	0	7	0	4	0	3	0	32.7	167.6	504.9	2296.5	118	42.3	8.3	17.4
7800	21	118	440	200	141	1075	3067	10351	1087	259596	259596	0	0	259596	259596	0	3	0	3	0	0	8.1	169.5	414.1	1181.5	3987.3	418.7	45.5	77	54.3
7840	18.11594732	154.4068419	635.5911398	173	250	1462.541342	6199.207207	18173.33856	2092.593079	410348	406536	0	3812	410348	406536	0	5	0	4	0	1	4.4	154.9	356.4	1510.7	4428.8	510	37.6	42.6	61.5
7880	8	0	345	0	0	835	2229	5042	392	206497	114333	0	0	0	0	92164	14	13	1	0	0	7	301.8	730.3	1949.6	4409.9	342.9			
7920	7	74.09090909	166.0909091	57	56	699.6363636	2555.454545	9352.727273	800.8181818	303042	296305	6737	0	303042	296305	0	5	0	4	1	0	2.3	54.8	230.9	843.3	3086.3	264.3	24.4	19.2	18.9
8003	25.32174048	257.7334726	660.3255127	140	297	6640.605181	7103.775344	12126.9119	2809.579411	593912	534658	33417	25837	593912	534658	0	35	0	23	5	7	4.3	111.2	1118.1	1196.1	2041.9	473.1	43.4	26.2	55.5
8050	4	43	21	6	1	114	410	2707.333333	120.6666667	132783	80477	52306	0	132783	80477	0	7	0	6	1	0	3	15.8	85.9	308.8	2038.9	90.9	32.4	7.5	1.2
8080	2.773406903	13.83150612	28.09766968	2	9	162.1659008	493.7653683	1499.131466	122.4503338	136714	115977	0	20737	136714	115977	0	13	0	12	0	1	2	20.6	118.6	361.2	1096.5	89.6	10.1	1.7	7.8
8120	42	222	1275	347	492	2587	5956	17990	3817	549212	549212	0	0	549212	549212	0	7	0	7	0	0	7.6	232.2	471	1084.5	3275.6	695	40.4	63.2	89.6
8140	9.059369234	57.45516412	195.9851161	93	141	621.2491881	1199.487882	2077.073956	452.5700662	108743	107976	0	767	108743	107976	0	4	0	3	0	1	8.3	180.2	571.3	1103	1910.1	416.2	52.8	86.1	130.6
8160	21	132.1333333	629.8484848	123	90	1438.854545	5032.925544	16197.32728	1024.822944	742326	616171	126155	0	742326	586352	0	34	0	27	7	0	2.8	84.8	193.8	678	2182	138.1	17.8	21	15.3
8200	45.32950087	341.6202628	1316.827634	505	854.8902313	3216.029127	8386.298467	27338.95159	5576.181869	674137	663304	0	10833	674137	663304	0	19	0	14	0	5	6.7	195.3	477.1	1244	4055.4	827.2	50.7	76.1	128.9
8240	11	154	708	122	208	2101	4069	12324	1236	265270	265270	0	0	265270	125516	0	9	0	9	0	0	4.1	266.9	792	1533.9	4645.8	465.9	58.1	97.2	165.7
8280	135.0919198	1125.712007	5623.229791	633	1017	15552.86395	28593.51811	86241.39384	14390.73163	2266816	2265193	0	1623	2266816	1626708	0	32	0	31	0	1	6	248.1	686.1	1261.4	3804.5	634.8	49.7	38.9	62.5
8320	6.931885133	39.38634573	102.0377368	21	11	273.7385045	1708.13955	5210.831674	591.3832446	149353	54339	2644	92370	149353	54339	0	7	0	1	1	5	4.6	68.3	183.3	1143.7	3488.9	396	26.4	38.6	20.2
8360	8	63	122	56	116	528	1329	3876	404	124998	124998	0	0	124998	124998	0	8	0	8	0	0	6.4	97.6	422.4	1063.2	3100.8	323.2	50.4	44.8	92.8
8400	28.9351969	247.4697891	985.092736	256	247	2069.895731	6816.850128	22455.92513	3900.631679	613063	569247	18741	25075	613063	528016	0	24	0	17	4	3	4.7	160.7	337.6	1111.9	3662.9	636.3	40.4	48.5	46.8
8440	16	100	415	0	0	1008	2954	10189	818	167093	121352	0	0	121352	0	45741	4	3	1	0	0	13.2	342	830.6	2434.2	8396.2	674.1	82.4		
8480	15	96.09090909	719	167	89	725	2364.181818	7452.181818	1760	332325	332325	0	0	332325	332325	0	13	0	13	0	0	4.5	216.4	218.2	711.4	2242.4	529.6	28.9	50.3	26.8
8520	74	491	1742	540	965	3657	9434	37497	7609	799675	799675	0	0	799675	799675	0	6	0	6	0	0	9.3	217.8	457.3	1179.7	4689	951.5	61.4	67.5	120.7
8560	52	380	949	389	895	4108	9001	20562	4447	771310	771310	0	0	771310	771310	0	32	0	32	0	0	6.7	123	532.6	1167	2665.9	576.6	49.3	50.4	116
8600	11	90	323	160	335.0307018	913.2763158	2225.70614	10552.25877	774.0921053	161988	161988	0	0	161988	161988	0	5	0	5	0	0	6.8	199.4	563.8	1374	6514.2	477.9	55.6	98.8	206.8
8640	15	119	127	42	205.940908	608.8818159	1944.610058	5708.922251	570.2416476	169476	169476	0	0	169476	169476	0	8	0	8	0	0	8.9	74.9	359.3	1147.4	3368.6	336.5	70.2	24.8	121.5
8680	6	81	195.6666667	56	29	487.4667528	1856.450237	5661.533678	401.2833549	299506	293999	5507	0	299506	293999	0	23	0	22	1	0	2	65.3	162.8	619.8	1890.3	134	27	19	9.9
8720	15	165	730	254	120	2306	4344	12242	1918	496352	496352	0	0	496352	496352	0	14	0	14	0	0	3	147.1	464.6	875.2	2466.4	386.4	33.2	51.2	24.2
8735	24	151	777	213	212	1374	4388	11393	1864	734945	734945	0	0	734945	734945	0	11	0	11	0	0	3.3	105.7	187	597.1	1550.2	253.6	20.5	29	28.8
8750	6	29	42	8	38	402	800	2354	145	83378	83378	0	0	83378	83378	0	2	0	2	0	0	7.2	50.4	482.1	959.5	2823.3	173.9	34.8	9.6	45.6
8760	5	69	322	41	34	640	1642	4146	392	141992	141992	0	0	141992	141992	0	4	0	4	0	0	3.5	226.8	450.7	1156.4	2919.9	276.1	48.6	28.9	23.9
8780	22	98	352	100	170	2098	3993	8854	2162	357542	357542	0	0	357542	357542	0	9	0	9	0	0	6.2	98.4	586.8	1116.8	2476.4	604.7	27.4	28	47.5
8800	14.07698902	150.7120672	305.3900253	103	199	942.0425837	2657.135983	7836.682253	1141.617827	206335	194352	10081	1902	206335	158577	0	15	0	13	1	1	6.8	148	456.6	1287.8	3798	553.3	73	65	125.5
8840	447.8580003	1183.252075	9144.592613	3835	2276	13710.01268	28861.00571	131309.4937	25488.81449	4629510	4516936	1203	111371	4629510	4483952	0	67	0	62	2	3	9.7	197.5	296.1	623.4	2836.4	550.6	25.6	85.5	50.8
8920	3.181818182	69.54545455	127.4545455	22	79	272.9090909	1272.727273	4209	322.0909091	121928	99647	22281	0	121928	99647	0	4	0	2	2	0	2.6	104.5	223.8	1043.8	3452	264.2	57	22.1	79.3
8940	0	0	0	0	0	0	0	0	0	123729	0	0	0	0	0	123729	8	8	0	0	0									
8960	73	541	2967	1006	1121	6445	17474	49086	10053	1036734	1036734	0	0	1036734	1036734	0	32	0	32	0	0	7	286.2	621.7	1685.5	4734.7	969.7	52.2	97	108.1
9000	3.429351414	23.34760566	52.60193728	10	16	220.4081039	820.4720509	2187.912207	148.6725776	154063	142551	0	11512	154063	142551	0	15	0	13	0	2	2.2	34.1	143.1	532.6	1420.1	96.5	15.2	7	11.2
9040	31	187	795	409	296	1177	4716	14404	1993	537620	329179	0	0	329179	329179	208441	34	33	1	0	0	9.4	241.5	357.6	1432.7	4375.7	605.4	56.8	124.2	89.9
9080	6	87	128	34	87	578	1119	4269	385	139367	139367	0	0	139367	139367	0	7	0	7	0	0	4.3	91.8	414.7	802.9	3063.1	276.2	62.4	24.4	62.4
9140	4.22736092	29.80084284	86.98322825	15	11	156.3519417	639.5575249	2409.815223	150.2365926	118218	108610	0	9608	118218	108610	0	11	0	7	0	4	3.6	73.6	132.3	541	2038.5	127.1	25.2	13.8	10.1
9160	23.02241193	28.32066304	1249.008454	508	437	2594.480663	4962.075109	18509.68997	2893.366879	564466	563656	0	810	81418	563656	0	13	0	12	0	1	4.1	221.3	459.6	879.1	3279.2	512.6	34.8	90.1	77.5
9200	21.06793664	85.2841957	444.7343407	215	258	830.7898688	3721.527731	7630.093251	936.9294566	217061	216325	0	736	217061	216325	0	18	0	17	0	1	9.7	204.9	382.7	1714.5	3515.2	431.6	39.3	99.4	119.3
9260	10	151	216	52	119	408.2727273	3894.181818	9226.090909	1562.272727	221392	219749	1643	0	221392	219749	0	13	0	12	1	0	4.5	97.6	184.4	1759	4167.3	705.7	68.2	23.7	54.2
9270	8	42	145	29	27	918	1025	3800	774	154686	154686	0	0	154686	154686	0	5	0	5	0	0	5.2	93.7	593.5	662.6	2456.6	500.4	27.2	18.7	17.5
9280	11.77092864	87.34405098	421.1564447	113	84	445.5562115	1596.389636	8758.342734	682.0222593	369932	300305	53952	15675	369932	300305	0	23	0	16	5	2	3.2	113.8	120.4	431.5	2367.6	184.4	23.6	37.6	28
9320	58.68734351	175.4447427	701.9803914	17	8	1260.072473	4737.471606	14865.00687	1938.950232	596439	308463	32518	255458	596439	221573	0	35	0	15	4	16	9.8	117.7	211.3	794.3	2492.3	325.1	29.4	7.7	3.6
9340	7	54	116	26	30	487	1430	3189	599	141037	141037	0	0	141037	141037	0	5	0	5	0	0	5	82.2	345.3	1013.9	2261.1	424.7	38.3	18.4	21.3
9360	3.347632368	17.92471757	50.38772429	0	0	375.2340226	1592.607717	3631.767101	448.8031649	130105	0	65790	64315	130105	0	0	5	0	0	4	1	2.6	38.7	288.4	1224.1	2791.4	345	13.8		
