msa97	mmurd97	mrape97	mrobt97	mrobg97	massg97	massa97	mburg97	mlarc97	mmoto97	mpop97	mpopcm97	mpopg397	mpopl397	mpoprp97	mpopgn97	mpopna97	mct97	mctna97	mctcm97	mctg397	mctl397	mrmurd97	mrrobt97	mrassa97	mrburg97	mrlarc97	mrmoto97	mrrape97	mrrobg97	mrassg97
0	15497.7156	76624.34773	472135.3282	160506.491	144788.6537	858251.4129	2000056.1	6367695.416	1241534.608	214016593	186055545	10276388	8190427	201173903	175453965	9494233	7101	708	5075	670	648	7.6	230.8	419.6	977.9	3113.4	607	38.1	91.5	82.5
40	1.984035606	72.46519281	124.0102076	30.76053409	132.9702966	471.4159936	1443.4635	4344.89783	302.6532341	128936	128936	0	0	128936	128936	0	4	0	4	0	0	1.5	96.2	365.6	1119.5	3369.8	234.7	56.2	23.9	103.1
80	39.8302295	386.6458197	1517.984575	23	19	2016.037832	6945.547899	21419.17576	3707.917907	681889	171941	94984	414964	681889	171941	0	27	0	16	2	9	5.8	222.6	295.7	1018.6	3141.2	543.8	56.7	13.4	11.1
120	10.2679629	54.57776782	360.2856667	151	136	366.9865301	2217.933943	4941.487009	547.3367699	124109	103446	19765	898	124109	103446	0	5	0	2	2	1	8.3	290.3	295.7	1787.1	3981.6	441	44	146	131.5
160	33.77524348	245.0240371	967.753204	151	63	1727.59119	6366.501007	19883.25221	1325.271152	873630	685708	142568	45354	873630	685708	0	43	0	33	6	4	3.9	110.8	197.7	728.7	2275.9	151.7	28	22	9.2
200	61.11147463	394.8250776	2056.22897	1098	1349	4909.87767	11886.92739	32024.31111	9092.647857	675809	624336	7067	44406	675809	613469	0	14	0	8	1	5	9	304.3	726.5	1758.9	4738.7	1345.4	58.4	179	219.9
220	9.672410425	49.42984486	242.9425921	110	133	741.6333586	2225.825922	4991.382815	409.4862746	127553	118968	2790	5795	127553	118968	0	8	0	3	2	3	7.6	190.5	581.4	1745	3913.2	321	38.8	92.5	111.8
240	27.4536479	158.4110903	666.4532688	112	65	989.2095499	3415.104267	13985.37159	1510.606949	610063	291643	294726	23694	610063	291643	0	52	0	17	30	5	4.5	109.2	162.1	559.8	2292.4	247.6	26	38.4	22.3
280	1	32.33333333	51.96969697	2	12	176.8333333	782.1909091	2347.036364	199.8787879	131453	54784	76669	0	131453	54784	0	13	0	5	8	0	0.8	39.5	134.5	595	1785.5	152.1	24.6	3.7	21.9
320	17	76	250	105	309	988	2348	9378	842	208406	208406	0	0	208406	208406	0	5	0	5	0	0	8.2	120	474.1	1126.6	4499.9	404	36.5	50.4	148.3
380	24	187	507	220	281	1330	1997	10974	1415	264356	264356	0	0	264356	264356	0	3	0	3	0	0	9.1	191.8	503.1	755.4	4151.2	535.3	70.7	83.2	106.3
440	16.31403541	221.8295429	405.4839209	91	133	1145.723055	3352.545708	13044.2717	1348.81891	530342	481846	9718	38778	530342	481846	0	27	0	19	3	5	3.1	76.5	216	632.1	2459.6	254.3	41.8	18.9	27.6
450	6	56	251	98	239	664	1876	4339	345	119633	119633	0	0	119633	119633	0	6	0	6	0	0	5	209.8	555	1568.1	3626.9	288.4	46.8	81.9	199.8
460	2	52.22583322	36	5	7	238.0407831	1276.045185	7394.994059	415.9524001	337914	337914	0	0	337914	337914	0	18	0	18	0	0	0.6	10.7	70.4	377.6	2188.4	123.1	15.5	1.5	2.1
480	10.12268076	47.01793255	191.6600441	74	64	677.252606	2143.257481	5277.849458	543.8608817	213754	195352	0	18402	213754	195352	0	11	0	8	0	3	4.7	89.7	316.8	1002.7	2469.1	254.4	22	37.9	32.8
500	7.996173978	59.89379985	266.8772704	1	1	477.4749962	1826.878351	6713.950244	742.7439407	141458	115252	4032	22174	141458	20399	0	9	0	3	5	1	5.7	188.7	337.5	1291.5	4746.2	525.1	42.3	4.9	4.9
520	303.9389756	1258.060445	10468.09149	5658	3879	14617.09435	41810.06045	137550.0212	30730.92999	3534919	3110522	386525	37872	3534919	2748472	0	105	0	52	42	11	8.6	296.1	413.5	1182.8	3891.2	869.4	35.6	205.9	141.1
560	22	149	789	219	123	1164	3896	17595	894	336176	336176	0	0	336176	336176	0	33	0	33	0	0	6.5	234.7	346.2	1158.9	5233.9	265.9	44.3	65.1	36.6
580	4	45	111	51	147	775	1344	4249	191	94108	94108	0	0	94108	94108	0	3	0	3	0	0	4.3	117.9	823.5	1428.1	4515	203	47.8	54.2	156.2
600	30.07296707	192.7970356	861.9103239	345	381	1229.031528	5709.541764	15028.56091	2890.850361	470518	443287	26470	761	470518	443287	0	20	0	13	5	2	6.4	183.2	261.2	1213.5	3194	614.4	41	77.8	85.9
640	59	466	1471	394	707	3009	11467	38485	5252	1019596	1019596	0	0	1019596	1019596	0	32	0	32	0	0	5.8	144.3	295.1	1124.7	3774.5	515.1	45.7	38.6	69.3
680	55.71273882	194.5636941	987.5718631	326	424	2935.650112	7993.466802	17958.77041	3360.661394	625540	612483	0	13057	625540	612483	0	13	0	11	0	2	8.9	157.9	469.3	1277.9	2870.9	537.2	31.1	53.2	69.2
720	356	953	12183	6053	2968	15096	27667	93126	16216	2505920	2505920	0	0	2505920	2505920	0	17	0	17	0	0	14.2	486.2	602.4	1104.1	3716.2	647.1	38	241.5	118.4
733	2.008919592	41.12427964	24.14865986	5	6	120.7347621	984.435756	3675.560512	172.7248655	146717	142148	4096	473	146717	142148	0	14	0	11	2	1	1.4	16.5	82.3	671	2505.2	117.7	28	3.5	4.2
743	1	54	53	6	18	1167	1803	4523	373	198654	198654	0	0	198654	181499	0	15	0	15	0	0	0.5	26.7	587.5	907.6	2276.8	187.8	27.2	3.3	9.9
760	87.42118747	245.5586632	1922.921694	1332	746	2267.674308	9101.056346	29590.02031	4451.808345	563031	541607	8167	13257	563031	486388	0	13	0	10	2	1	15.5	341.5	402.8	1616.4	5255.5	790.7	43.6	273.9	153.4
840	28	339	635	210	264	1542	4563	12439	1573	394229	394229	0	0	394229	394229	0	18	0	18	0	0	7.1	161.1	391.1	1157.4	3155.3	399	86	53.3	67
860	5	101	85	20	38	269	1685	6148	324	152666	152666	0	0	152666	152666	0	8	0	8	0	0	3.3	55.7	176.2	1103.7	4027.1	212.2	66.2	13.1	24.9
870	9.741499972	96.32318571	98.05881315	14	39	512.5849509	1275.747239	4610.997497	412.7659962	166434	114249	36205	15980	166434	114249	0	21	0	15	2	4	5.9	58.9	308	766.5	2770.5	248	57.9	12.3	34.1
875	32	171	1649	301	205	2059	7008	24616	5247	1328669	1328669	0	0	1328669	1328669	0	88	0	88	0	0	2.4	124.1	155	527.4	1852.7	394.9	12.9	22.7	15.4
880	5	7	72	39	16	53	941	5208	701	126097	119585	0	0	119585	119585	6512	3	1	2	0	0	4.2	60.2	44.3	786.9	4355.1	586.2	5.9	32.6	13.4
920	22.98646948	145.6313432	573.1586598	57	67	704.5675248	4376.30316	12848.70325	1307.225766	346657	126549	76984	143124	346657	126549	0	12	0	5	3	4	6.6	165.3	203.2	1262.4	3706.5	377.1	42	45	52.9
960	8	47	101	17	12	267.7617521	1343.714103	5667.904701	204	261483	261483	0	0	261483	261483	0	10	0	10	0	0	3.1	38.6	102.4	513.9	2167.6	78	18	6.5	4.6
1000	145.6967459	369.2458162	2157.724932	528	690	3642.991289	9418.668253	29265.15096	5529.585814	894530	885374	0	9156	894530	610138	0	44	0	38	0	6	16.3	241.2	407.3	1052.9	3271.6	618.2	41.3	86.5	113.1
1010	1	23	9	1	13	107	386	2492	169	88564	88564	0	0	88564	88564	0	4	0	4	0	0	1.1	10.2	120.8	435.8	2813.8	190.8	26	1.1	14.7
1020	1.622774338	50.10501938	76.14847539	23	12	180.0862072	943.1163805	3623.542382	352.1284549	116047	63777	0	52270	116047	63777	0	2	0	1	0	1	1.4	65.6	155.2	812.7	3122.5	303.4	43.2	36.1	18.8
1040	0	0	0	0	0	0	0	0	0	139251	0	0	0	0	0	139251	9	9	0	0	0									
1080	9	134	107	37	210	843	2841	11735	849	371511	371511	0	0	371511	371511	0	9	0	9	0	0	2.4	28.8	226.9	764.7	3158.7	228.5	36.1	10	56.5
1123	106.807056	1422.322537	6072.458335	1376	1169	22725.43145	31304.44942	98087.48768	26059.5929	5816726	4861027	115565	210537	5187129	4410577	629597	276	50	199	8	19	2.1	117.1	438.1	603.5	1891	502.4	27.4	31.2	26.5
1125	4.749361503	124.428943	113.2131921	41.10324635	92.918396	425.1322311	2384.5169	9021.467116	695.4176083	265794	264335	0	1459	265794	264335	0	8	0	7	0	1	1.8	42.6	159.9	897.1	3394.2	261.6	46.8	15.5	35.2
1145	3.03170441	71.32075723	79.67607513	27	80	508.6061882	1375.927102	4320.488983	391.4853687	223716	222901	0	815	223716	222901	0	16	0	15	0	1	1.4	35.6	227.3	615	1931.2	175	31.9	12.1	35.9
1150	5	187	101	32	101	678	2201	6699	590	231404	231404	0	0	231404	231404	0	5	0	5	0	0	2.2	43.6	293	951.2	2894.9	255	80.8	13.8	43.6
1240	16	51	334	68	194	1509	4191	12463	917	316872	316872	0	0	316872	316872	0	11	0	11	0	0	5	105.4	476.2	1322.6	3933.1	289.4	16.1	21.5	61.2
1260	2	105	145	43	101	382	1398	5988	405	137915	137915	0	0	137915	137915	0	3	0	3	0	0	1.5	105.1	277	1013.7	4341.8	293.7	76.1	31.2	73.2
1280	57.08327944	335.0877092	2592.620666	797	377	2629.243841	10120.67671	29503.67109	5770.571308	1187094	1064031	59688	63375	1187094	1064031	0	29	0	24	3	2	4.8	218.4	221.5	852.6	2485.4	486.1	28.2	74.9	35.4
1303	0	0	0	0	0	0	0	0	0	188651	0	0	0	0	0	188651	14	14	0	0	0									
1320	14.93119295	137.580579	604.0725245	158	86	1214.849247	3492.688268	10694.22245	1344.348433	405474	296112	8351	101011	405474	296112	0	20	0	12	1	7	3.7	149	299.6	861.4	2637.5	331.5	33.9	53.4	29
1350	1	30	24	2	16	110	771	2892	145	64417	64417	0	0	64417	64417	0	4	0	4	0	0	1.6	37.3	170.8	1196.9	4489.5	225.1	46.6	3.1	24.8
1360	6.556284896	55.23587883	231.9516311	3	3	409.9679014	1763.757324	8182.275641	878.1328041	178242	54525	1970	121747	178242	54525	0	9	0	3	2	4	3.7	130.1	230	989.5	4590.5	492.7	31	5.5	5.5
1400	0	0	0	0	0	0	0	0	0	169524	0	0	0	0	0	169524	12	12	0	0	0									
1440	49.17767146	333.0553072	1062.09427	390	723	3653.876435	6374.682903	22154.32124	3202.906716	535936	533317	766	1853	535936	533317	0	19	0	16	2	1	9.2	198.2	681.8	1189.4	4133.8	597.6	62.1	73.1	135.6
1480	12	74	329.8521702	108.5681135	231	682	2244.397078	6971.930382	1062.136227	253573	253573	0	0	253573	253573	0	18	0	18	0	0	4.7	130.1	269	885.1	2749.5	418.9	29.2	42.8	91.1
1520	122.9952834	563.9249895	3648.142778	1780	2843	9368.572737	19050.42741	51886.578	6051.546315	1320693	1306559	3213	10921	1320693	1306559	0	43	0	38	1	4	9.3	276.2	709.4	1442.5	3928.7	458.2	42.7	136.2	217.6
1540	6	53	81	31	36	353.5	821	3991	188	144577	144577	0	0	144577	144577	0	4	0	4	0	0	4.2	56	244.5	567.9	2760.5	130	36.7	21.4	24.9
1560	41.66053737	130.8632566	683.3242954	369	482	2537.727826	4654.533261	14647.37108	1917.221515	458390	233396	108353	116641	458390	225455	0	24	0	9	7	8	9.1	149.1	553.6	1015.4	3195.4	418.3	28.5	163.7	213.8
1580	2	28	24	8	12	136	438	2815	99	78804	78804	0	0	78804	78804	0	3	0	3	0	0	2.5	30.5	172.6	555.8	3572.2	125.6	35.5	10.2	15.2
1600	777	0	25528	0	0	37132	42112	125954	34000	7762830	2981942	0	0	0	0	4780888	277	274	3	0	0	26.1	856.1	1245.2	1412.2	4223.9	1140.2			
1620	8	84	157	45	46	454	2505	5354	779	197363	197363	0	0	197363	197363	0	6	0	6	0	0	4.1	79.5	230	1269.2	2712.8	394.7	42.6	22.8	23.3
1640	62.13019741	661.7379779	2652.111357	111.0317202	38	2612.701954	11992.39787	42699.89416	6295.782454	1598183	631520	90611	602078	1324209	631520	273974	108	43	36	7	22	4.7	200.3	197.3	905.6	3224.6	475.4	50	17.6	6
1660	8	102	108	108	386	477	2546	2458	392	191866	123612	0	0	123612	123612	68254	7	5	2	0	0	6.5	87.4	385.9	2059.7	1988.5	317.1	82.5	87.4	312.3
1680	121.3251439	1123.744211	5207.714878	1743	676	5650.232807	18655.49242	56691.84279	11511.77576	2238681	1341333	63526	833822	2238681	1315446	0	97	0	44	6	47	5.4	232.6	252.4	833.3	2532.4	514.2	50.2	132.5	51.4
1720	28	271	541	25	105	1244.333333	4425.333333	16921.33333	1289.333333	481825	480478	1347	0	481825	143398	0	8	0	6	2	0	5.8	112.3	258.3	918.5	3511.9	267.6	56.2	17.4	73.2
1740	6	33	101	35	50	321	799	5292	246	124327	124327	0	0	124327	124327	0	3	0	3	0	0	4.8	81.2	258.2	642.7	4256.5	197.9	26.5	28.2	40.2
1760	34.93108088	287.0439799	1271.552698	412.5175662	576.4148602	3449.298754	6056.679226	20265.06665	2444.395819	499415	496271	3144	0	499415	303571	0	14	0	12	2	0	7	254.6	690.7	1212.8	4057.8	489.5	57.5	135.9	189.9
1800	24.08317509	57.46232387	531.2759922	358.6078121	325.9117182	626.7684646	2553.816115	10198.72481	1117.795302	288931	283744	4088	1099	288931	283744	0	13	0	7	4	2	8.3	183.9	216.9	883.9	3529.8	386.9	19.9	126.4	114.9
1840	100.280977	956.3823233	3729.743616	1731	935	3575.99065	19163.61356	57084.92856	8949.24806	1434190	1269262	3396	161532	1434190	1269262	0	40	0	27	1	12	7	260.1	249.3	1336.2	3980.3	624	66.7	136.4	73.7
1880	21	199.3756586	465.5005269	100	433.3756586	2511.420091	5315.224271	22696.74166	1798.295223	397359	383301	14058	0	397359	383301	0	12	0	11	1	0	5.3	117.1	632	1337.6	5711.9	452.6	50.2	26.1	113.1
1890	0	22	21	1	0	48	540	2709	181	78279	78279	0	0	78279	78279	0	3	0	3	0	0	0	26.8	61.3	689.8	3460.7	231.2	28.1	1.3	0
1900	1	18	14	4	31	380	533	2038	97	102301	102301	0	0	102301	102301	0	10	0	10	0	0	1	13.7	371.5	521	1992.2	94.8	17.6	3.9	30.3
1920	279.4970355	1336.931923	6979.909022	3133.952826	4359.758779	13880.07135	33787.92982	109340.2212	24523.99558	3065371	3062278	0	3093	3065371	3062278	0	92	0	91	0	1	9.1	227.7	452.8	1102.2	3566.9	800	43.6	102.3	142.4
1950	11	39	152	80	36	162	686.5454545	2241.545455	217	113008	111752	1256	0	113008	111752	0	5	0	4	1	0	9.7	134.5	143.4	607.5	1983.5	192	34.5	71.6	32.2
1960	3	59	230	40	107	1082	1795	5269	508	361482	157214	0	0	157214	157214	204268	29	24	5	0	0	1.9	146.3	688.2	1141.8	3351.5	323.1	37.5	25.4	68.1
2000	51.43216451	488.6748876	1873.45364	566	384.0720678	2352.570092	9568.068716	31046.46524	5510.54482	963555	811636	29737	122182	963555	692169	0	37	0	26	2	9	5.3	194.4	244.2	993	3222.1	571.9	50.7	81.8	55.5
2020	18	236	790	257	416	2599	6352	14330	1951	462598	462598	0	0	462598	462598	0	17	0	17	0	0	3.9	170.8	561.8	1373.1	3097.7	421.7	51	55.6	89.9
2030	6.047865134	24.22298148	101.0802733	44	45	194.0221189	1110.984418	3348.253053	240.1698861	141885	141256	0	629	141885	141256	0	12	0	11	0	1	4.3	71.2	136.7	783	2359.8	169.3	17.1	31.1	31.9
2040	0	0	0	0	0	0	0	0	0	118006	0	0	0	0	0	118006	7	7	0	0	0									
2080	117.5176539	943.8380682	2305.864505	557.8967536	679.081604	4833.797425	16925.6076	61518.51292	12148.53654	1912885	1712949	102666	97270	1912885	1445982	0	37	0	30	4	3	6.1	120.5	252.7	884.8	3216	635.1	49.3	38.6	47
2120	12.1889722	113.0141066	438.2171854	143	127	818.7865441	3942.687361	18210.81523	1910.794705	419768	408157	0	11611	419768	408157	0	18	0	16	0	2	2.9	104.4	195.1	939.3	4338.3	455.2	26.9	35	31.1
2160	567.364418	2184.682265	11231.72147	5225	5746	22780.59954	39213.85126	142954.0459	50646.13502	4433335	3869161	290507	273667	4433335	3869161	0	130	0	107	10	13	12.8	253.3	513.8	884.5	3224.5	1142.4	49.3	135	148.5
2180	18.19876586	41.92595805	174.4859678	70	74	305.5497212	1292.003656	3696.019037	293.0107192	137662	135050	0	2612	137662	135050	0	14	0	11	0	3	13.2	126.7	222	938.5	2684.9	212.8	30.5	51.8	54.8
2190	3.001467431	98.36934854	140.4240963	63.40777826	98.03889131	589.1370262	1045.938999	3864.147691	275.7784852	123782	123592	0	190	123782	123592	0	11	0	10	0	1	2.4	113.4	475.9	845	3121.7	222.8	79.5	51.3	79.3
2200	0	29	13.98507463	2	8	143	541.7462687	1808.179104	124.9701493	88930	88930	0	0	88930	88930	0	3	0	3	0	0	0	15.7	160.8	609.2	2033.3	140.5	32.6	2.2	9
2240	7	163	123	3	21	351	1894	6869	622	246797	246797	0	0	246797	128013	0	17	0	17	0	0	2.8	49.8	142.2	767.4	2783.3	252	66	2.3	16.4
2281	2.416201516	51.90111271	244.0645142	53	32	522.0440476	1371.789506	5447.201973	300.4093229	260996	233408	3239	24349	260996	233408	0	15	0	11	2	2	0.9	93.5	200	525.6	2087.1	115.1	19.9	22.7	13.7
2290	2	19	38	14	4	176	772	3554	191	144391	144391	0	0	144391	144391	0	10	0	10	0	0	1.4	26.3	121.9	534.7	2461.4	132.3	13.2	9.7	2.8
2320	32	281	1107	220	570	3896	3856	32704	3771	703190	703190	0	0	703190	703190	0	5	0	5	0	0	4.6	157.4	554	548.4	4650.8	536.3	40	31.3	81.1
2330	7	56	158	39	7	774	1734	5959	677	167184	167184	0	0	167184	167184	0	4	0	4	0	0	4.2	94.5	463	1037.2	3564.3	404.9	33.5	23.3	4.2
2335	1	16	43	10	11	198	483	2523	54	94352	94352	0	0	94352	94352	0	6	0	6	0	0	1.1	45.6	209.9	511.9	2674	57.2	17	10.6	11.7
2340	5	23	42	14	69	273	991	2798	280	57957	57957	0	0	57957	57957	0	3	0	3	0	0	8.6	72.5	471	1709.9	4827.7	483.1	39.7	24.2	119.1
2360	7	92.76363636	400.2727273	98	75	447.7272727	2020.418182	6179.363636	688.1818182	279554	214272	65282	0	279554	214272	0	13	0	8	5	0	2.5	143.2	160.2	722.7	2210.4	246.2	33.2	45.7	35
2400	5	136	419.5	120	158	692	4233	15608	1705.5	314195	314195	0	0	314195	314195	0	10	0	10	0	0	1.6	133.5	220.2	1347.3	4967.6	542.8	43.3	38.2	50.3
2440	7.58413046	56.35729749	198.572098	64	20	699.0278743	1920.868466	7242.995503	600.8397145	292274	228316	0	18815	247131	228316	45143	9	3	5	0	1	3.1	80.4	282.9	777.3	2930.8	243.1	22.8	28	8.8
2520	5	59	22	0	0	111	650	4496	356	163298	163298	0	0	163298	110078	0	7	0	7	0	0	3.1	13.5	68	398	2753.2	218	36.1	0	0
2560	31	132	792	407	308	951	4989	11396	1063	300747	300747	0	0	300747	300747	0	4	0	4	0	0	10.3	263.3	316.2	1658.9	3789.2	353.5	43.9	135.3	102.4
2580	3	95	58	17	75	505.7272727	1554.090909	6763	472.2727273	249368	247874	1494	0	249368	247874	0	13	0	12	1	0	1.2	23.3	202.8	623.2	2712.1	189.4	38.1	6.9	30.3
2620	4.380579388	47.17268628	53.71899177	13	30	417.4197579	1171.635624	5968.679994	262.4354945	127295	120180	0	7115	127295	120180	0	8	0	5	0	3	3.4	42.2	327.9	920.4	4688.9	206.2	37.1	10.8	25
2640	29.28139022	255.3897706	1062.641025	493	876	3032.585216	6355.682222	15384.69051	4058.680621	445951	429150	8497	8304	445951	429150	0	26	0	19	3	4	6.6	238.3	680	1425.2	3449.9	910.1	57.3	114.9	204.1
2650	5.141388582	17.65866388	82.19101385	28	38	227.9270222	844.631238	3928.548763	104.4096157	138890	137032	0	1858	138890	137032	0	11	0	9	0	2	3.7	59.2	164.1	608.1	2828.5	75.2	12.7	20.4	27.7
2655	17	64	213	81	169	854	1646	4587	459	124334	124334	0	0	124334	124334	0	6	0	6	0	0	13.7	171.3	686.9	1323.9	3689.3	369.2	51.5	65.1	135.9
2670	4	157	53.09090909	18	50	401.2727273	1405.727273	7051.181818	364.0909091	226106	222142	3964	0	226106	222142	0	5	0	4	1	0	1.8	23.5	177.5	621.7	3118.5	161	69.4	8.1	22.5
2680	64	481	4016	761	677	6238	18450	54821	13328	1452443	1452443	0	0	1452443	967293	0	23	0	23	0	0	4.4	276.5	429.5	1270.3	3774.4	917.6	33.1	78.7	70
2700	25	214	711	308	313	1437	4585	12055	2749	385893	385893	0	0	385893	385893	0	4	0	4	0	0	6.5	184.2	372.4	1188.2	3123.9	712.4	55.5	79.8	81.1
2710	23	129	616	235	330	1710	3786	9166	982	292254	292254	0	0	292254	292254	0	7	0	7	0	0	7.9	210.8	585.1	1295.4	3136.3	336	44.1	80.4	112.9
2720	10.03455159	76.30322887	73.52704066	18	86	528.4794633	1471.863256	5953.747056	636.5062795	190019	189238	0	781	190019	189238	0	13	0	12	0	1	5.3	38.7	278.1	774.6	3133.2	335	40.2	9.5	45.4
2750	7	51	99	38	53	629	1905	3689	304	168881	168881	0	0	168881	168881	0	6	0	6	0	0	4.1	58.6	372.5	1128	2184.4	180	30.2	22.5	31.4
2760	43.47239212	162.2379729	608.2886303	273	116	793.5007872	3823.412218	15700.19154	2076.165364	478179	384173	15143	78863	478179	384173	0	16	0	9	2	5	9.1	127.2	165.9	799.6	3283.3	434.2	33.9	71.1	30.2
2800	104.6341945	692.3508338	2291.733107	875.0799008	1382.306674	5986.724807	14906.52878	51732.53696	7938.731167	1548794	1548794	0	0	1548794	1548794	0	49	0	49	0	0	6.8	148	386.5	962.5	3340.2	512.6	44.7	56.5	89.3
2840	90	361	2283	888	1259	5648	11443	29491	10440	856862	856862	0	0	856862	856862	0	16	0	16	0	0	10.5	266.4	659.1	1335.5	3441.7	1218.4	42.1	103.6	146.9
2880	9	46.0628468	127.1885404	60.0628468	187.1256936	802.1256936	1154.073945	3641.343908	453.5027744	102794	102794	0	0	102794	102794	0	8	0	8	0	0	8.8	123.7	780.3	1122.7	3542.4	441.2	44.8	58.4	182
2900	11	177	477	197	337	1791	3673	11164	1237	202746	202746	0	0	202746	202746	0	5	0	5	0	0	5.4	235.3	883.4	1811.6	5506.4	610.1	87.3	97.2	166.2
2920	16	135	335	128	150	1335	3757	8830	1270	248220	248220	0	0	248220	248220	0	12	0	12	0	0	6.4	135	537.8	1513.6	3557.3	511.6	54.4	51.6	60.4
2960	123.8827114	259.1030467	1405.690673	682	715	2854.957283	5765.786878	18160.60926	5122.623301	631914	550941	66058	14915	631914	550941	0	24	0	19	3	2	19.6	222.4	451.8	912.4	2873.9	810.7	41	123.8	129.8
2975	0.145736339	17.54782447	17.13013986	0	10	302.9970842	610.6326808	2358.230623	72.55028491	121894	96880	16488	8526	121894	96880	0	11	0	7	2	2	0.1	14.1	248.6	501	1934.7	59.5	14.4	0	10.3
2980	6	33.99805353	171.9844282	59.99221411	188.9863747	518.9571776	1428.881265	3763.53674	294.9727494	114732	114732	0	0	114732	114732	0	5	0	5	0	0	5.2	149.9	452.3	1245.4	3280.3	257.1	29.6	52.3	164.7
2985	0	33	12	1	6	70	579	2881.5	324	104790	96230	8560	0	104790	96230	0	9	0	7	2	0	0	11.5	66.8	552.5	2749.8	309.2	31.5	1	6.2
2995	4	23	25	8	62	286.0909091	816.2727273	3523.909091	200	110341	109972	369	0	110341	109972	0	5	0	4	1	0	3.6	22.7	259.3	739.8	3193.7	181.3	20.8	7.3	56.4
3000	39.37394881	389.0281898	954.8205375	301	531	3377.929007	8862.178428	28752.20668	3035.140011	1013769	810463	25815	177491	1013769	810463	0	38	0	23	3	12	3.9	94.2	333.2	874.2	2836.2	299.4	38.4	37.1	65.5
3040	0	0	0	0	0	0	0	0	0	83400	0	0	0	0	0	83400	3	3	0	0	0									
3060	6.143084346	54.85115373	60.38238553	4	11	426.3929753	1236.945996	5118.221381	456.7928204	153429	140277	8828	4324	153429	28478	0	18	0	10	5	3	4	39.4	277.9	806.2	3335.9	297.7	35.8	14	38.6
3080	6	26	58	9	16	235	1090	6260	334	210852	210852	0	0	210852	210852	0	5	0	5	0	0	2.8	27.5	111.5	517	2968.9	158.4	12.3	4.3	7.6
3120	88.24925375	426.9829545	2190.08431	924.8843112	1426.768622	4421.001373	15742.45324	42189.81536	4168.038525	1162585	1159850	0	2735	1162585	1159850	0	37	0	34	0	3	7.6	188.4	380.3	1354.1	3629	358.5	36.7	79.7	123
3150	12	47	258.0496304	127	192.4297782	747.0084477	2394.487856	5503.133052	391.719113	122169	122169	0	0	122169	122169	0	7	0	7	0	0	9.8	211.2	611.5	1960	4504.5	320.6	38.5	104	157.5
3160	52.11103268	440.2239327	1572.105503	667.7497097	1683.075749	6820.738402	11046.33253	30957.91057	3622.035398	896363	893704	1501	1158	896363	893704	0	38	0	35	2	1	5.8	175.4	760.9	1232.4	3453.7	404.1	49.1	74.7	188.3
3180	6	31	119	36	60	366	709	2048	319	128820	128820	0	0	128820	128820	0	4	0	4	0	0	4.7	92.4	284.1	550.4	1589.8	247.6	24.1	27.9	46.6
3200	8.498372962	144.9428479	326.907078	58.96827979	62	938.6997371	2952.125561	10508.31034	787.5616625	315190	215677	9937	89576	315190	215677	0	11	0	7	1	3	2.7	103.7	297.8	936.6	3334	249.9	46	27.3	28.7
3240	18.71974805	190.6357274	797.655341	51.84031621	50	923.1454292	3025.325453	13457.73947	1214.235885	608005	378167	218151	11687	608005	378167	0	62	0	32	23	7	3.1	131.2	151.8	497.6	2213.4	199.7	31.4	13.7	13.2
3283	35	174	1553.2	513	116	1633	6576.6	25401	4321.2	1115154	940372	8468	166314	1115154	940372	0	36	0	32	1	3	3.1	139.3	146.4	589.7	2277.8	387.5	15.6	54.6	12.3
3285	13.11333391	43.98423466	97.17037293	2	0	178.8428658	1422.95286	3036.951821	246.7007528	106078	11798	48798	45482	106078	11798	0	5	0	2	1	2	12.4	91.6	168.6	1341.4	2862.9	232.6	41.5	17	0
3290	16.10653661	76.42013668	199.7983616	66	250	781.0021087	3038.420258	7360.630453	622.3401376	321101	319932	0	1169	321101	319932	0	23	0	20	0	3	5	62.2	243.2	946.3	2292.3	193.8	23.8	20.6	78.1
3320	34	257	1214	120	173	1131	8755	36430	5589	880272	880272	0	0	880272	880272	0	1	0	1	0	0	3.9	137.9	128.5	994.6	4138.5	634.9	29.2	13.6	19.7
3350	13.44997366	67.41596136	215.8762598	70	138	966.3997365	1927.205109	5884.45798	593.7346092	188869	154488	0	34381	188869	154488	0	6	0	4	0	2	7.1	114.3	511.7	1020.4	3115.6	314.4	35.7	45.3	89.3
3360	350	1423	10391	5494	4423	19460	40953	111614	29059	3864390	3864390	0	0	3864390	3864390	0	52	0	52	0	0	9.1	268.9	503.6	1059.8	2888.3	752	36.8	142.2	114.5
3400	9.04618576	106.3686652	211.9323461	60	23	472.4960892	2368.320055	5473.152582	542.4867285	318848	163260	0	64351	227611	163260	91237	27	14	11	0	2	4	93.1	207.6	1040.5	2404.6	238.3	46.7	36.8	14.1
3440	26.08454398	131.3938512	430.908082	28	74	1263.337956	3202.336548	11070.37065	1322.83266	323619	322508	0	1111	323619	158384	0	9	0	8	0	1	8.1	133.2	390.4	989.5	3420.8	408.8	40.6	17.7	46.7
3480	167.8660176	712.7074848	3787.718922	1912	1701	6091.122764	15743.16805	43054.51987	9845.130575	1490294	1039662	9393	441239	1490294	1039662	0	34	0	16	2	16	11.3	254.2	408.7	1056.4	2889	660.6	47.8	183.9	163.6
3500	1	45	41	9	11	394	638	2217	127	100814	100814	0	0	100814	100814	0	3	0	3	0	0	1	40.7	390.8	632.8	2199.1	126	44.6	8.9	10.9
3520	3.175157281	77.11003423	98.12980007	16	70	481.4919406	943.4230586	4388.543596	407.4549333	157755	130736	21850	5169	157755	130736	0	13	0	9	2	2	2	62.2	305.2	598	2781.9	258.3	48.9	12.2	53.5
3560	79.37010145	278.5519088	1363.348082	825	527	1165.152422	7371.568286	16039.35005	3894.02566	421653	358633	3087	59933	421653	357569	0	17	0	10	2	5	18.8	323.3	276.3	1748.3	3803.9	923.5	66.1	230.7	147.4
3580	11.60838862	58.06565243	313.023143	188	189	696.4833122	1616.21801	4208.038791	798.5733667	99627	85635	0	13992	99627	85635	0	4	0	2	0	2	11.7	314.2	699.1	1622.3	4223.8	801.6	58.3	219.5	220.7
3600	88	782	2700	130	301	8030	15200	39792	6123	1023100	1023100	0	0	1023100	320555	0	13	0	13	0	0	8.6	263.9	784.9	1485.7	3889.4	598.5	76.4	40.6	93.9
3605	2	31	90	26	42	274	1480	3375	334	155053	155053	0	0	155053	155053	0	6	0	6	0	0	1.3	58	176.7	954.5	2176.7	215.4	20	16.8	27.1
3610	0	30	57	6	11	293	924	2930	129	141908	107582	34326	0	141908	107582	0	9	0	8	1	0	0	40.2	206.5	651.1	2064.7	90.9	21.1	5.6	10.2
3620	7	44	97	23	23	235	1150	5148	320	148473	148473	0	0	148473	148473	0	7	0	7	0	0	4.7	65.3	158.3	774.6	3467.3	215.5	29.6	15.5	15.5
3640	37	158	2257	513	293	2623	5859	13058	5971	562790	562790	0	0	562790	562790	0	13	0	13	0	0	6.6	401	466.1	1041.1	2320.2	1061	28.1	91.2	52.1
3660	18.61030629	155.5457094	116.4480877	33	185.3493064	1274.492446	2455.025551	8755.375507	796.9073718	466562	404009	47573	14980	466562	404009	0	25	0	18	3	4	4	25	273.2	526.2	1876.6	170.8	33.3	8.2	45.9
3680	4.639710133	32.32727856	45.10714326	4	24	390.3093459	928.7257375	2555.716689	262.0516806	239041	139985	73756	25300	239041	139985	0	56	0	22	17	17	1.9	18.9	163.3	388.5	1069.2	109.6	13.5	2.9	17.1
3700	4	24	75	30	36	179	716	2367	259	75474	75474	0	0	75474	75474	0	2	0	2	0	0	5.3	99.4	237.2	948.7	3136.2	343.2	31.8	39.7	47.7
3710	3.974453812	41.53730056	63.88698554	13	11	297.904382	1234.640394	3997.947559	301.2834999	145059	108293	2121	34645	145059	108293	0	8	0	6	1	1	2.7	44	205.4	851.1	2756.1	207.7	28.6	12	10.2
3720	18.92788647	286.7007151	383.6898895	78	229	1560.283507	3989.753269	14209.3802	1467.627894	455541	279056	9297	167188	455541	279056	0	34	0	21	4	9	4.2	84.2	342.5	875.8	3119.2	322.2	62.9	28	82.1
3740	0	0	0	0	0	0	0	0	0	102517	0	0	0	0	0	102517	10	10	0	0	0									
3760	117.7189222	531.1905458	3059.871538	1236	2215	6518.147271	12766.56117	41689.505	9798.410666	1681529	992758	13733	23160	1029651	932231	651878	78	33	36	2	7	11.4	297.2	633	1239.9	4048.9	951.6	51.6	132.6	237.6
3800	4	42	113	39	1	254	1034	3325	343	140188	140188	0	0	140188	140188	0	5	0	5	0	0	2.9	80.6	181.2	737.6	2371.8	244.7	30	27.8	0.7
3810	13	133	257	99	135	741	2714	8394	641	303735	303735	0	0	303735	303735	0	11	0	11	0	0	4.3	84.6	244	893.5	2763.6	211	43.8	32.6	44.4
3840	34.72316454	213.8851811	742.4647447	353.489217	357.613589	1914.265048	5636.704043	15093.03638	2717.130191	654614	445253	44824	164537	654614	438656	0	20	0	10	2	8	5.3	113.4	292.4	861.1	2305.6	415.1	32.7	80.6	81.5
3850	1.523895756	26.0759898	57.5588225	17	38	223.1987226	690.2623737	2766.086164	185.2187362	101273	84610	0	16663	101273	84610	0	4	0	2	0	2	1.5	56.8	220.4	681.6	2731.3	182.9	25.7	20.1	44.9
3870	1	20	26	7	6	162	379	3350	147	122353	122353	0	0	122353	110406	0	10	0	10	0	0	0.8	21.2	132.4	309.8	2738	120.1	16.3	6.3	5.4
3880	43.18292958	141.7643843	370.4520585	139	390	1457.431486	3906.713521	10097.69862	978.4743315	364408	335503	27082	1823	364408	335503	0	21	0	14	5	2	11.9	101.7	399.9	1072.1	2771	268.5	38.9	41.4	116.2
3920	1.527017905	43.47965219	68.29222366	25	2	284.5678306	903.7372924	5048.226145	293.6196071	169975	153691	0	16284	169975	153691	0	5	0	4	0	1	0.9	40.2	167.4	531.7	2970	172.7	25.6	16.3	1.3
3960	19.55388964	105.6716103	421.4865824	158	229	1150.186533	2976.283594	9393.44308	920.141751	174811	144191	5169	25451	174811	144191	0	7	0	4	1	2	11.2	241.1	658	1702.6	5373.5	526.4	60.4	109.6	158.8
3980	37	278	1113	466	691	2829	10719	19204	4991	451138	451138	0	0	451138	451138	0	15	0	15	0	0	8.2	246.7	627.1	2376	4256.8	1106.3	61.6	103.3	153.2
4000	9.207633054	100.4586738	364.3400121	21	24	511.5710319	2421.299216	9395.491672	941.9305318	441447	312838	108173	20436	441447	312838	0	41	0	32	5	4	2.1	82.5	115.9	548.5	2128.3	213.4	22.8	6.7	7.7
4040	26.39557483	317.6487757	416.3388269	58	39	1538.59548	3599.947547	14842.26767	1252.438414	448858	323644	7735	117479	448858	323644	0	25	0	14	2	9	5.9	92.8	342.8	802	3306.7	279	70.8	17.9	12.1
4080	14	67	197	46	150	617	2245	9048	1082	172479	172479	0	0	172479	172479	0	2	0	2	0	0	8.1	114.2	357.7	1301.6	5245.9	627.3	38.8	26.7	87
4100	11.82796915	85.77476485	255.979869	34	171	953.463029	2491.025775	6489.05721	863.8653181	162606	83496	1214	77896	162606	83496	0	5	0	2	1	2	7.3	157.4	586.4	1531.9	3990.7	531.3	52.8	40.7	204.8
4120	172.6285714	751.8285714	4427.628571	269	374	6136.142857	19331	41913.62857	12086.28571	1234901	347386	887515	0	1234901	347386	0	10	0	8	2	0	14	358.5	496.9	1565.4	3394.1	978.7	60.9	77.4	107.7
4150	0	0	0	0	0	0	0	0	0	89440	0	0	0	0	0	89440	4	4	0	0	0									
4200	5	57	154	50	67	348	1722	4309	376	119753	119753	0	0	119753	119753	0	2	0	2	0	0	4.2	128.6	290.6	1438	3598.2	314	47.6	41.8	55.9
4243	2	23	36	11	4	71	1000	2732	111	104040	104040	0	0	104040	104040	0	7	0	7	0	0	1.9	34.6	68.2	961.2	2625.9	106.7	22.1	10.6	3.8
4280	27.27272727	137.7272727	601.8181818	237	274	1286.636364	2826	10767.18182	983.4545455	439940	242640	24345	0	266985	242640	172955	18	16	1	1	0	10.2	225.4	481.9	1058.5	4032.9	368.4	51.6	97.7	112.9
4320	4.629911698	64.51335364	202.1822173	41	38	384.0024698	1365.853154	3801.557587	303.4166216	157020	51372	27241	78407	157020	51372	0	10	0	3	1	6	2.9	128.8	244.6	869.9	2421.1	193.2	41.1	79.8	74
4360	7	100	153	49	71	904	1982	11684	575	230475	230475	0	0	230475	230475	0	2	0	2	0	0	3	66.4	392.2	860	5069.5	249.5	43.4	21.3	30.8
4400	77.45454545	378.0909091	1281.181818	684	755	2723.454545	7714.636364	27114.81818	2992	553480	530428	23052	0	553480	530428	0	17	0	16	1	0	14	231.5	492.1	1393.8	4899	540.6	68.3	129	142.3
4420	11.78208756	108.6925254	190.474613	52.78208756	129.9104378	572.8356917	2073.301149	7335.132679	885.8476777	212948	212948	0	0	212948	212948	0	12	0	12	0	0	5.5	89.4	269	973.6	3444.6	416	51	24.8	61
4480	1175	2846	38601	16470	12224	64050	76585	182702	79771	9394202	9394202	0	0	9394202	9394202	0	89	0	89	0	0	12.5	410.9	681.8	815.2	1944.8	849.2	30.3	175.3	130.1
4520	77.08736355	271.2045886	2084.079121	760	586	4275.512903	8786.417099	22081.08733	4548.732944	1001920	396563	336842	97964	831369	396563	170551	39	24	9	1	5	9.3	250.7	514.3	1056.9	2656	547.1	32.6	191.6	147.8
4600	7	113.5778559	227.2889279	37	276	1666.311424	2979.022496	8898.356415	755.2889279	243826	243826	0	0	243826	243826	0	9	0	9	0	0	2.9	93.2	683.4	1221.8	3649.5	309.8	46.6	15.2	113.2
4640	9	68	149	76	45	435	963	4457.090909	341.0909091	208518	208518	0	0	208518	208518	0	8	0	8	0	0	4.3	71.5	208.6	461.8	2137.5	163.6	32.6	36.4	21.6
4680	28.31900182	117.0458802	575.0017484	219	291	1196.918357	4185.019888	14799.28914	1983.370109	326174	279804	42155	4215	326174	268976	0	14	0	7	5	2	8.7	176.3	367	1283.1	4537.2	608.1	35.9	81.4	108.2
4720	8	127	415	163	48	826	2332	10981	966	396988	396988	0	0	396988	396988	0	22	0	22	0	0	2	104.5	208.1	587.4	2766.1	243.3	32	41.1	12.1
4800	4.40357962	82.3781182	153.3091784	38	114	691.5008307	1646.297218	5107.932199	309.0286678	176879	165024	0	11855	176879	165024	0	11	0	10	0	1	2.5	86.7	390.9	930.7	2887.8	174.7	46.6	23	69.1
4880	27.09090909	134	624.4545455	218	310	1808.327273	8124.727273	18490.72727	2813.436364	487623	481788	5835	0	487623	481788	0	16	0	14	2	0	5.6	128.1	370.8	1666.2	3792	577	27.5	45.2	64.3
4890	4	65.5	72	13	87	379	1609	7394.5	443	170612	169117	1495	0	170612	169117	0	12	0	10	2	0	2.3	42.2	222.1	943.1	4334.1	259.7	38.4	7.7	51.4
4900	19	214	546	155	311	2728	4829	15064	1322	465762	465762	0	0	465762	465762	0	13	0	13	0	0	4.1	117.2	585.7	1036.8	3234.3	283.8	45.9	33.3	66.8
4920	173.2410436	1166.860309	5927.748168	3436	2573	7067.347146	20310.28306	37450.93904	13747.57218	1094180	765110	161352	167718	1094180	765110	0	22	0	10	3	9	15.8	541.8	645.9	1856.2	3422.7	1256.4	106.6	449.1	336.3
4940	17	76	205	48	54	1204	3050	5688	1057	202078	202078	0	0	202078	202078	0	7	0	7	0	0	8.4	101.4	595.8	1509.3	2814.8	523.1	37.6	23.8	26.7
5000	305	1274	12809	3233	3015	21592	39433	120194	33968	2127082	2127082	0	0	2127082	1531444	0	27	0	27	0	0	14.3	602.2	1015.1	1853.9	5650.7	1596.9	59.9	211.1	196.9
5015	17	108	920	281	113	1425	5635	21006	3081	1088827	1088827	0	0	1088827	1088827	0	63	0	63	0	0	1.6	84.5	130.9	517.5	1929.2	283	9.9	25.8	10.4
5080	132	366	3915	2329	871	3261	10108	45856	9674	1481489	1481489	0	0	1481489	1481489	0	53	0	53	0	0	8.9	264.3	220.1	682.3	3095.3	653	24.7	157.2	58.8
5120	105.1009711	1501.481823	4965.146109	1342.001403	1288.000978	6072.45442	23547.1443	97585.58346	14275.89725	2757654	2752449	5205	0	2757654	1929417	0	125	0	124	1	0	3.8	180	220.2	853.9	3538.7	517.7	54.4	69.6	66.8
5140	0	0	0	0	0	0	0	0	0	87969	0	0	0	0	0	87969	3	3	0	0	0									
5160	79.13202863	193.6150602	1538.979768	221	230	1701.336051	7862.265446	18512.41502	2701.985298	524259	522524	0	1735	524259	313188	0	20	0	19	0	1	15.1	293.6	324.5	1499.7	3531.2	515.4	36.9	70.6	73.4
5170	29	143	668	195	350	2660	6270	15402	3874	417583	417583	0	0	417583	417583	0	10	0	10	0	0	6.9	160	637	1501.5	3688.4	927.7	34.2	46.7	83.8
5190	17	166	815	160	145	1601	6283	22411	1476	1054409	1054409	0	0	1054409	1054409	0	82	0	82	0	0	1.6	77.3	151.8	595.9	2125.5	140	15.7	15.2	13.8
5200	16.12844205	69.5367043	256.5642539	150	264	1300.992486	2612.622569	9120.578843	748.38845	147694	146414	0	1280	147694	146414	0	5	0	4	0	1	10.9	173.7	880.9	1768.9	6175.3	506.7	47.1	102.4	180.3
5240	36	125.9936287	788.9840718	54.99362873	51.48885028	1399.920359	4253.894874	11078.18621	1425.955401	319403	319403	0	0	319403	95993	0	10	0	10	0	0	11.3	247	438.3	1331.8	3468.4	446.4	39.4	57.3	53.6
5280	12	25	123	6	3	328	1079	3450	386	121564	48768	72796	0	121564	48768	0	2	0	1	1	0	9.9	101.2	269.8	887.6	2838	317.5	20.6	12.3	6.2
5330	19	108	409	165	372	1330	3379	11205	1356	156870	156317	553	0	156870	156317	0	9	0	8	1	0	12.1	260.7	847.8	2154	7142.9	864.4	68.8	105.6	238
5345	16	116	231	71	147	1014	2517	6644	519	185283	185283	0	0	185283	185283	0	2	0	2	0	0	8.6	124.7	547.3	1358.5	3585.9	280.1	62.6	38.3	79.3
5360	150.1167821	746.2702614	2876.451995	1687	2264	8143.114994	13536.41257	46997.56004	9530.995163	1109843	812157	19843	277843	1109843	804681	0	33	0	17	3	13	13.5	259.2	733.7	1219.7	4234.6	858.8	67.2	209.6	281.4
5380	58.72374241	173.5225408	2157.823908	429	99	2622.186755	11350.99384	50013.36419	8306.987896	2644135	1402522	1240224	1389	2644135	1402522	0	43	0	34	6	3	2.2	81.6	99.2	429.3	1891.5	314.2	6.6	30.6	7.1
5483	76	379	3153	1331	761	3807	13253	42431	9004	1623875	1543779	0	80096	1623875	1543779	0	44	0	42	0	2	4.7	194.2	234.4	816.1	2612.9	554.5	23.3	86.2	49.3
5523	6	129	148	28	20	280	1027	3750	298	249196	138403	0	110793	249196	138403	0	8	0	7	0	1	2.4	59.4	112.4	412.1	1504.8	119.6	51.8	20.2	14.5
5560	331.0614577	658.2554345	5520.611737	3490	2367	7934.929569	16560.05075	51859.35592	15028.34816	1320311	1205252	0	115059	1320311	1205252	0	20	0	16	0	4	25.1	418.1	601	1254.3	3927.8	1138.2	49.9	289.6	196.4
5600	806.1453774	2300.271733	46458.31673	9761	4821	47456.61939	60208.91758	181958.8354	56079.57259	8571203	8381356	181342	8505	8571203	8381356	0	59	0	47	10	2	9.4	542	553.7	702.5	2122.9	654.3	26.8	116.5	57.5
5640	118	506	7057	2568	1185	7074	17338	44020	16936	1970655	1970655	0	0	1970655	1970655	0	110	0	110	0	0	6	358.1	359	879.8	2233.8	859.4	25.7	130.3	60.1
5660	6.426639995	73.00278068	210.860493	25	10	877.8962102	2028.330593	6671.875864	454.6210153	355286	232472	108981	13833	355286	232472	0	37	0	21	13	3	1.8	59.3	247.1	570.9	1877.9	128	20.5	10.8	4.3
5720	145	573	3577	1584	550	3755.8	12805	55964.42857	5533	1573608	1573608	0	0	1573608	1573608	0	16	0	16	0	0	9.2	227.3	238.7	813.7	3556.4	351.6	36.4	100.7	35
5775	205	767	7114	2752	1599	10976	22981	79005	17511	2240478	2240478	0	0	2240478	2240478	0	35	0	35	0	0	9.1	317.5	489.9	1025.7	3526.3	781.6	34.2	122.8	71.4
5790	10	129	283	111	261	1525	3162	6694	528	230845	230845	0	0	230845	230845	0	4	0	4	0	0	4.3	122.6	660.6	1369.8	2899.8	228.7	55.9	48.1	113.1
5800	12	132	225	92	189	1019	2477	8003	570	250991	250991	0	0	250991	250991	0	4	0	4	0	0	4.8	89.6	406	986.9	3188.6	227.1	52.6	36.7	75.3
5880	78	622.2581649	1781.107169	783	1033	4462.804898	15224.21152	52611.11016	6389.214339	1025945	1025945	0	0	1025945	1025945	0	42	0	42	0	0	7.6	173.6	435	1483.9	5128.1	622.8	60.7	76.3	100.7
5910	1.0209453	104.3908715	94.66509383	32	40	276.4297584	1864.060822	5540.775412	697.8955035	196586	183906	12086	594	196586	183906	0	8	0	6	1	1	0.5	48.2	140.6	948.2	2818.5	355	53.1	17.4	21.8
5920	34.02342677	215.4169695	892.9171688	386	520	4289.2791	4855.280887	20419.4436	4071.691458	675091	591027	3146	80918	675091	591027	0	16	0	13	1	2	5	132.3	635.4	719.2	3024.7	603.1	31.9	65.3	88
5945	101	554	3707	1589	1029	6841	17504	50983	12802	2610845	2610845	0	0	2610845	2610845	0	32	0	32	0	0	3.9	142	262	670.4	1952.7	490.3	21.2	60.9	39.4
5960	58	763	3825	1218	1265	10615	21888	62765	9584	1429848	1429848	0	0	1429848	1244011	0	35	0	35	0	0	4.1	267.5	742.4	1530.8	4389.6	670.3	53.4	97.9	101.7
5990	0	22	72	4	14	58	600	2098	95	92044	54779	0	0	54779	54779	37265	2	1	1	0	0	0	131.4	105.9	1095.3	3829.9	173.4	40.2	7.3	25.6
6015	3	59	153	55	130	687	1890	5981	453	146938	146938	0	0	146938	146938	0	8	0	8	0	0	2	104.1	467.5	1286.3	4070.4	308.3	40.2	37.4	88.5
6020	1.516543075	47.20528654	41.40293579	6	16	153.2590146	867.6276045	2966.123503	196.1802771	151735	103613	7005	41117	151735	103613	0	9	0	6	1	2	1	27.3	101	571.8	1954.8	129.3	31.1	5.8	15.4
6080	18	273	648	266	447	2682	4926	12275	1058	389382	389382	0	0	389382	389382	0	5	0	5	0	0	4.6	166.4	688.8	1265.1	3152.4	271.7	70.1	68.3	114.8
6120	9	0	475	0	0	700	1707	6000	1099	347701	114261	0	0	0	0	233440	30	29	1	0	0	7.9	415.7	612.6	1493.9	5251.1	961.8			
6160	541.0166345	1360.440616	16117.64964	7227	3051	14223.51818	33626.67375	114005.6489	35534.31747	4965946	3675161	1181307	109478	4965946	3675161	0	266	0	169	91	6	10.9	324.6	286.4	677.1	2295.7	715.6	27.4	196.6	83
6200	266.7132018	903.484967	5377.103314	2294	3842	11618.95802	40781.9058	127265.7522	32443.72505	2764715	2449636	227483	87596	2764715	2449636	0	27	0	22	2	3	9.6	194.5	420.3	1475.1	4603.2	1173.5	32.7	93.6	156.8
6240	20	87	363	196	385	1176	1788	2614	734	86428	86428	0	0	86428	86428	0	2	0	2	0	0	23.1	420	1360.7	2068.8	3024.5	849.3	100.7	226.8	445.5
6280	94.33474817	560.6724295	2521.676606	748	426	4347.647697	10920.6348	41573.97589	7105.272254	2395239	1526552	716187	152500	2395239	1526552	0	243	0	109	92	42	3.9	105.3	181.5	455.9	1735.7	296.6	23.4	49	27.9
6323	0.225698307	32.79029856	39.2787082	10	7	393.9669542	847.1128417	2158.495466	204.4226612	137927	120999	0	16928	137927	120999	0	17	0	12	0	5	0.2	28.5	285.6	614.2	1565	148.2	23.8	8.3	5.8
6340	0	22	20	8	34	140	550	2426	93	75750	75750	0	0	75750	75750	0	3	0	3	0	0	0	26.4	184.8	726.1	3202.6	122.8	29	10.6	44.9
6403	6	86	126	20	13	327	1818	7273	427	248289	248289	0	0	248289	248289	0	14	0	14	0	0	2.4	50.7	131.7	732.2	2929.2	172	34.6	8.1	5.2
6440	72.24711119	739.5067694	2869.416692	1022	1273	7558.455573	17349.84619	70519.66358	13815.69268	1761392	1574903	178385	8104	1761392	1574903	0	48	0	44	1	3	4.1	162.9	429.1	985	4003.6	784.4	42	64.9	80.8
6483	22	322	667	163	205	1966	6394	19125	4071	903147	903147	0	0	903147	903147	0	33	0	33	0	0	2.4	73.9	217.7	708	2117.6	450.8	35.7	18	22.7
6520	4	133	77.2	30	48	358.8	2572	11338.4	832.4	314034	302340	11694	0	314034	302340	0	14	0	13	1	0	1.3	24.6	114.3	819	3610.6	265.1	42.4	9.9	15.9
6560	7	70	209	74	257	1059	1570	4804.5	489	135937	135937	0	0	135937	135937	0	2	0	2	0	0	5.1	153.7	779	1154.9	3534.4	359.7	51.5	54.4	189.1
6580	4	34	46	18	64	345	866	2634	236	132844	132844	0	0	132844	132844	0	2	0	2	0	0	3	34.6	259.7	651.9	1982.8	177.7	25.6	13.5	48.2
6600	12	23	334	134	82	381	1478	5659	721	184840	184840	0	0	184840	184840	0	7	0	7	0	0	6.5	180.7	206.1	799.6	3061.6	390.1	12.4	72.5	44.4
6640	85.66464628	320.6210922	2506.920797	1462.115689	883.2313776	3547.486348	13659.13902	38843.21088	4851.192356	1013534	1001473	4768	7293	1013534	1001473	0	37	0	35	1	1	8.5	247.3	350	1347.7	3832.5	478.6	31.6	146	88.2
6660	3.062492513	76.89560622	55.33317361	13	31	182.624446	776.6426413	4342.570206	143.4993411	88621	85491	0	3130	88621	85491	0	3	0	2	0	1	3.5	62.4	206.1	876.4	4900.2	161.9	86.8	15.2	36.3
6680	16.33189072	90.8787188	657.7122769	213	119	786.246999	2567.343137	8103.329121	943.4659076	343703	277966	52611	13126	343703	277966	0	36	0	23	8	5	4.8	191.4	228.8	747	2357.7	274.5	26.4	76.6	42.8
6690	7	77	143	39	110	1069	2103	4411	549	164278	164278	0	0	164278	164278	0	3	0	3	0	0	4.3	87	650.7	1280.1	2685.1	334.2	46.9	23.7	67
6720	23	145	618	160	131	730	3012	11059	1165	325650	325650	0	0	325650	325650	0	3	0	3	0	0	7.1	189.8	224.2	924.9	3396	357.7	44.5	49.1	40.2
6740	6.392988831	87.33377618	91.47890687	18	69	375.8260222	1530.479558	6267.427558	599.0898765	180594	169449	0	11145	180594	169449	0	8	0	6	0	2	3.5	50.7	208.1	847.5	3470.5	331.7	48.4	10.6	40.7
6760	189	310	2299	1314	633	2922.6	8526	32752.2	4501.4	942111	942111	0	0	942111	942111	0	15	0	15	0	0	20.1	244	310.2	905	3476.5	477.8	32.9	139.5	67.2
6780	257.8	998.4	6354	2608	2783	14934	39415.8	69874	23220.2	2983881	2943377	40504	0	2983881	2943377	0	50	0	49	1	0	8.6	212.9	500.5	1321	2341.7	778.2	33.5	88.6	94.6
6800	7	60	263	89	54	405.7142857	1269	6875.714286	458	234944	234944	0	0	234944	234944	0	5	0	5	0	0	3	111.9	172.7	540.1	2926.5	194.9	25.5	37.9	23
6820	2	57	68	0	4	186	521	2567	190	115847	115847	0	0	115847	38105	0	3	0	3	0	0	1.7	58.7	160.6	449.7	2215.9	164	49.2	0	10.5
6840	64.10968685	261.0281096	1892.115222	954	340	1250.850534	7368.318609	30694.49123	3971.703751	1088607	1077612	4578	6417	1088607	1077612	0	44	0	38	3	3	5.9	173.8	114.9	676.9	2819.6	364.8	24	88.5	31.6
6880	14	0	689	0	0	889	3767	8234	1204	350937	145018	0	0	0	0	205919	19	18	1	0	0	9.7	475.1	613	2597.6	5677.9	830.2			
6895	9.076553253	44.3569897	300.1209889	147.6850317	143.6850317	494.4230826	2013.65531	5214.650765	352.8587885	146684	145844	0	840	146684	145844	0	14	0	13	0	1	6.2	204.6	337.1	1372.8	3555	240.6	30.2	101.3	98.5
6920	94	534	3630	1373	1058	5940	19007	48089	18516	1479844	1479844	0	0	1479844	1479844	0	13	0	13	0	0	6.4	245.3	401.4	1284.4	3249.6	1251.2	36.1	92.8	71.5
6960	19.16957895	247.1802555	488.7987046	44	118	1926.576296	3618.201561	10875.62997	1128.682781	414038	370359	9164	34515	414038	297687	0	28	0	17	2	9	4.6	118.1	465.3	873.9	2626.7	272.6	59.7	14.8	39.6
6980	0.899028865	56.86018348	43.86018348	0	8	124.720367	813.273645	3954.325522	314.3009174	160983	160983	0	0	160983	81813	0	12	0	12	0	0	0.6	27.2	77.5	505.2	2456.4	195.2	35.3	0	9.8
7000	4.155802129	15.13814776	38.55968255	4	17	184.3278327	867.7809937	3965.885504	260.822328	100284	95795	0	4489	100284	95795	0	4	0	3	0	1	4.1	38.5	183.8	865.3	3954.7	260.1	15.1	4.2	17.7
7040	202.3338112	512.1106817	4537.035627	1923	2576	8640.746278	18780.28366	65395.62698	12847.65094	2590246	1916558	23980	41978	1982516	1901506	607730	150	63	81	2	4	10.2	228.9	435.8	947.3	3298.6	648	25.8	101.1	135.5
7080	4.051989214	148.7448529	286.102349	31	30	326.0195216	3106.422962	16027.35104	1776.095461	320978	317712	0	3266	320978	317712	0	19	0	17	0	2	1.3	89.1	101.6	967.8	4993.3	553.3	46.3	9.8	9.4
7120	33	129	587	143	248	1635	3349	9291	1367	361277	361277	0	0	361277	361277	0	13	0	13	0	0	9.1	162.5	452.6	927	2571.7	378.4	35.7	39.6	68.6
7160	45.10725815	652.8392265	1211.168552	398	647	3292.02003	12821.87088	61841.1724	7211.876416	1271704	1226346	34738	10620	1271704	1226346	0	36	0	29	4	3	3.5	95.2	258.9	1008.2	4862.9	567.1	51.3	32.5	52.8
7200	1	63	37	7	40	401	786	3930	180	107086	107086	0	0	107086	107086	0	2	0	2	0	0	0.9	34.6	374.5	734	3669.9	168.1	58.8	6.5	37.4
7240	112	734	2275	994	555	2822	16613	69143	9573	1520247	1509289	10958	0	1520247	1509289	0	28	0	27	1	0	7.4	149.6	185.6	1092.8	4548.1	629.7	48.3	65.9	36.8
7320	125	882	4788	1420	1851	12211	20428	61460	19463	2702151	2702151	0	0	2702151	2702151	0	19	0	19	0	0	4.6	177.2	451.9	756	2274.5	720.3	32.6	52.6	68.5
7360	88	415	5525	1366	501	5600	11749	49386	10510	1689734	1689734	0	0	1689734	1689734	0	32	0	32	0	0	5.2	327	331.4	695.3	2922.7	622	24.6	80.8	29.6
7400	62	539	1438	467	458	7268	8763	36575	5878	1598682	1598682	0	0	1598682	1598682	0	16	0	16	0	0	3.9	89.9	454.6	548.1	2287.8	367.7	33.7	29.2	28.6
7460	5	106	90	21	52	707	1523	4384	319	229653	229653	0	0	229653	229653	0	8	0	8	0	0	2.2	39.2	307.9	663.2	1909	138.9	46.2	9.1	22.6
7480	10	127	295	81	80	1324	3543	8345	684	390612	390612	0	0	390612	390612	0	8	0	8	0	0	2.6	75.5	339	907	2136.4	175.1	32.5	20.7	20.5
7485	4	72	250	62	67	1287	1931	7894	752	241222	241222	0	0	241222	241222	0	5	0	5	0	0	1.7	103.6	533.5	800.5	3272.5	311.7	29.8	25.7	27.8
7490	9.146792101	66.07476055	152.328292	0	0	812.6081771	1925.542771	4413.148727	564.9221259	136763	0	21675	115088	136763	0	0	5	0	0	2	3	6.7	111.4	594.2	1407.9	3226.9	413.1	48.3		
7500	13	165	326	65	102	1235	3984	12172	1059	421101	421101	0	0	421101	421101	0	10	0	10	0	0	3.1	77.4	293.3	946.1	2890.5	251.5	39.2	15.4	24.2
7510	29	181	775	249	345	2854	6508	18179	1573	543942	543942	0	0	543942	543942	0	11	0	11	0	0	5.3	142.5	524.7	1196.5	3342.1	289.2	33.3	45.8	63.4
7520	30	89.03636364	706.0415584	384	304	876.5324675	3383.397403	11217.65195	1575.974026	292473	236121	56352	0	292473	236121	0	14	0	6	8	0	10.3	241.4	299.7	1156.8	3835.4	538.8	30.4	162.6	128.7
7560	11.11834914	119.0472459	314.4255518	11	13	956.5266953	2561.714333	10665.01839	1092.596204	635147	176158	279573	179416	635147	176158	0	96	0	17	45	34	1.8	49.5	150.6	403.3	1679.1	172	18.7	6.2	7.4
7600	103.6225908	1129.620099	3715.181172	1082.453412	838.1133531	5120.553447	23361.968	93042.10169	17116.85933	2288569	2237040	5513	46016	2288569	2237040	0	54	0	47	2	5	4.5	162.3	223.7	1020.8	4065.5	747.9	49.4	48.4	37.5
7610	2.364286119	18.87242204	48.91358328	1	3	180.6872546	574.0203418	2107.629084	186.7870978	121811	43853	75056	2902	121811	43853	0	18	0	5	10	3	1.9	40.2	148.3	471.2	1730.2	153.3	15.5	2.3	6.8
7620	1	22	20	2	3	123	494	2927	147	108878	108878	0	0	108878	108878	0	5	0	5	0	0	0.9	18.4	113	453.7	2688.3	135	20.2	1.8	2.8
7640	4	40	60	14	58	253	1147	3913	225	102875	102875	0	0	102875	102875	0	5	0	5	0	0	3.9	58.3	245.9	1114.9	3803.6	218.7	38.9	13.6	56.4
7680	53.24062436	199.716505	738.9889584	442	880	2495.102037	5637.88875	17088.16761	1676.371821	381600	378540	1568	1492	381600	378540	0	11	0	9	1	1	14	193.7	653.9	1477.4	4478	439.3	52.3	116.8	232.5
7720	8.049948814	57.79668359	34.64331599	11	75	615.2519941	1357.728061	5153.392122	408.8180131	120206	117137	0	3069	120206	117137	0	5	0	4	0	1	6.7	28.8	511.8	1129.5	4287.1	340.1	48.1	9.4	64
7760	2.336882293	102.1763501	76.39172329	12	38	377.8602982	815.0190613	5724.643391	246.882211	155207	119177	0	36030	155207	119177	0	7	0	3	0	4	1.5	49.2	243.5	525.1	3688.4	159.1	65.8	10.1	31.9
7800	18.44651592	90.29538533	441.2281342	167	135	590.3472851	3215.389909	10199.92204	1032.383772	260406	215711	0	44695	260406	215711	0	3	0	2	0	1	7.1	169.4	226.7	1234.8	3916.9	396.5	34.7	77.4	62.6
7840	22.16953704	185.163822	534.3834531	145	220	1298.572859	5985.15224	16957.10468	1813.531281	415653	410845	0	4808	415653	410845	0	5	0	4	0	1	5.3	128.6	312.4	1439.9	4079.6	436.3	44.5	35.3	53.5
7880	12	0	340	0	0	913	2104	5195	325	198213	107236	0	0	0	0	90977	14	13	1	0	0	11.2	317.1	851.4	1962	4844.5	303.1			
7920	11	82	172	61	82	760	2755	8705	849	295772	295772	0	0	295772	288892	0	5	0	5	0	0	3.7	58.2	257	931.5	2943.1	287	27.7	21.1	28.4
8003	16.13556831	221.2766869	693.5733639	152	275	6509.425803	7702.734604	12508.68419	3316.293574	603226	585017	8041	10168	603226	488904	0	35	0	28	1	6	2.7	115	1079.1	1276.9	2073.6	549.8	36.7	31.1	56.2
8050	0	46.80519481	18.42857143	3	1	103.6580087	449.4458874	2694.406926	103.2337662	129478	45978	83500	0	129478	45978	0	7	0	3	4	0	0	14.2	80.1	347.1	2081	79.7	36.1	6.5	2.2
8080	8.933422129	9.956320415	32.36937493	6	9	207.2462165	470.1310215	1616.699729	143.4227431	140631	71698	47389	21544	140631	71698	0	13	0	11	1	1	6.4	23	147.4	334.3	1149.6	102	7.1	8.4	12.6
8120	73	215	1375	392	457	2442	6266	18785	4648	531958	531958	0	0	531958	531958	0	7	0	7	0	0	13.7	258.5	459.1	1177.9	3531.3	873.8	40.4	73.7	85.9
8140	10.06558407	56.38954675	223.8804536	94	198	868.7651914	1453.079015	2382.093432	388.8568772	109491	108204	603	684	109491	108204	0	4	0	2	1	1	9.2	204.5	793.5	1327.1	2175.6	355.1	51.5	86.9	183
8160	24.27598627	132.7868564	734.0418188	148	124	1312.262924	5516.7172	17603.53187	1188.248147	752543	684926	51471	16146	752543	684926	0	36	0	30	3	3	3.2	97.5	174.4	733.1	2339.2	157.9	17.6	21.6	18.1
8200	28.33787519	324.9652115	1110.162071	401.5465875	847.8866469	2979.043702	7352.965607	23760.91072	4496.438994	670216	659840	794	9582	670216	659840	0	16	0	11	1	4	4.2	165.6	444.5	1097.1	3545.3	670.9	48.5	60.9	128.5
8240	11	193	713	94	172	2230	3503	13396	1288	266088	266088	0	0	266088	125653	0	8	0	8	0	0	4.1	268	838.1	1316.5	5034.4	484.1	72.5	74.8	136.9
8280	123	1082	5733	606	1097	16245	26940	83171	12306	2264864	2264864	0	0	2264864	1609572	0	25	0	25	0	0	5.4	253.1	717.3	1189.5	3672.2	543.3	47.8	37.6	68.2
8320	5.470472712	55.69347352	140.1653744	35	9	308.4492246	1670.882635	6020.538302	724.9614979	152561	61370	11836	79355	152561	61370	0	7	0	1	2	4	3.6	91.9	202.2	1095.2	3946.3	475.2	36.5	57	14.7
8360	16	61	136	54	156	557	1398	4371	298	128574	128574	0	0	128574	128574	0	8	0	8	0	0	12.4	105.8	433.2	1087.3	3399.6	231.8	47.4	42	121.3
8400	27.27259497	298.8053829	1219.814147	402	235	1660.148764	7504.310652	24161.57901	3622.875536	618551	571259	9910	37382	618551	571259	0	24	0	17	2	5	4.4	197.2	268.4	1213.2	3906.2	585.7	48.3	70.4	41.1
8440	8	105	484	0	0	979	3052	10635	682	167767	122581	0	0	122581	0	45186	4	3	1	0	0	6.5	394.8	798.7	2489.8	8675.9	556.4	85.7		
8480	14	90	752	176	105	801	2477	7612	1827	335625	335625	0	0	335625	335625	0	13	0	13	0	0	4.2	224.1	238.7	738	2268	544.4	26.8	52.4	31.3
8520	64	409	1745	535	1313	4210	9895	39518	8874	817689	817689	0	0	817689	817689	0	5	0	5	0	0	7.8	213.4	514.9	1210.1	4832.9	1085.3	50	65.4	160.6
8560	54	383	1020	485	901	4220	9024	20636	4751	756523	756523	0	0	756523	756523	0	32	0	32	0	0	7.1	134.8	557.8	1192.8	2727.7	628	50.6	64.1	119.1
8600	6	81	402	243	321.0545124	903.2180497	2256.517868	11424.19927	684.1635373	160809	160809	0	0	160809	160809	0	5	0	5	0	0	3.7	250	561.7	1403.2	7104.2	425.5	50.4	151.1	199.6
8640	14.05646123	90.05646123	147.0228329	60	282.0684987	653.0132796	1870.105853	6667.671169	564.0228329	168166	168166	0	0	168166	168166	0	8	0	8	0	0	8.4	87.4	388.3	1112.1	3964.9	335.4	53.6	35.7	167.7
8680	7.066047996	85.84028644	218.1163016	62	27	544.5223771	1888.041579	6089.663581	383.3989301	315765	303323	8578	3864	315765	303323	0	25	0	20	3	2	2.2	69.1	172.4	597.9	1928.5	121.4	27.2	20.4	8.9
8720	14	173	836	274	173	2538	5152	13688	2372	495385	495385	0	0	495385	495385	0	14	0	14	0	0	2.8	168.8	512.3	1040	2763.1	478.8	34.9	55.3	34.9
8735	25	183	862	235	190	1513	4673	12663	2111	721437	721437	0	0	721437	721437	0	11	0	11	0	0	3.5	119.5	209.7	647.7	1755.2	292.6	25.4	32.6	26.3
8750	9	26	71	13	23	494	812	2727	186	84023	84023	0	0	84023	84023	0	2	0	2	0	0	10.7	84.5	587.9	966.4	3245.5	221.4	30.9	15.5	27.4
8760	12	78	321	52	36	681	1783	4086	423	141414	141414	0	0	141414	141414	0	4	0	4	0	0	8.5	227	481.6	1260.8	2889.4	299.1	55.2	36.8	25.5
8780	29	123	359	120	202	2047	3594	9165	2353	352384	352384	0	0	352384	352384	0	9	0	9	0	0	8.2	101.9	580.9	1019.9	2600.9	667.7	34.9	34.1	57.3
8800	18	136	328	114	254	1006	2788	8771	1174	208534	208534	0	0	208534	208534	0	15	0	15	0	0	8.6	157.3	482.4	1337	4206	563	65.2	54.7	121.8
8840	462.7177162	1221.463885	10506.40327	4674	2356	13912.3479	29944.27266	138336.188	26631.48372	4531412	4441801	88517	1094	4531412	4441801	0	67	0	63	2	2	10.2	231.9	307	660.8	3052.8	587.7	27	105.2	53
8920	3.075191763	49.19930863	153.473809	24	71	342.4331094	1460.246543	4004.127925	296.2636757	124706	120086	0	4620	124706	120086	0	4	0	3	0	1	2.5	123.1	274.6	1171	3210.9	237.6	39.5	20	59.1
8940	1	39.03184618	23.06369235	6	10.01592309	114.0636924	439.3853087	2317.502929	153.3821541	122178	122178	0	0	122178	122178	0	8	0	8	0	0	0.8	18.9	93.4	359.6	1896.8	125.5	31.9	4.9	8.2
8960	76.01328508	454.0978074	2904.623196	1088	1166	6441.388657	16511.56966	48778.62895	8771.66257	1002457	1002235	0	222	1002457	1002235	0	32	0	31	0	1	7.6	289.8	642.6	1647.1	4865.9	875	45.3	108.6	116.3
9000	7.821543821	27.96287865	77.55708654	17	19	212.4399055	757.9853283	2107.899957	171.9547976	158100	92767	50992	14341	158100	92767	0	15	0	11	1	3	4.9	49.1	134.4	479.4	1333.3	108.8	17.7	18.3	20.5
9040	32	228	890	374	502	1481	4769	15710	2265	515391	315690	0	0	315690	315690	199701	33	32	1	0	0	10.1	281.9	469.1	1510.7	4976.4	717.5	72.2	118.5	159
9080	1	78	163	47	60	588	1178	4427	386	139605	139605	0	0	139605	139605	0	7	0	7	0	0	0.7	116.8	421.2	843.8	3171.1	276.5	55.9	33.7	43
9140	3.522644069	16.16240879	75.20135002	0	0	149.0870873	676.9654297	2525.809903	179.7961705	120605	10812	99909	9884	120605	10812	0	11	0	2	5	4	2.9	62.4	123.6	561.3	2094.3	149.1	13.4	0	0
9160	11.7391892	447.6992877	1320.898781	276	103	2293.551428	4520.371899	19439.12016	4098.489252	557534	122413	434309	812	557534	122413	0	14	0	10	3	1	2.1	236.9	411.4	810.8	3486.6	735.1	80.3	225.5	84.1
9200	23.08156567	73.32166153	380.1424582	194	206	754.5952843	3786.868376	7868.653769	913.3228598	203106	201988	223	895	203106	201988	0	16	0	14	1	1	11.4	187.2	371.5	1864.5	3874.2	449.7	36.1	96	102
9260	15	128.4	168	67	137	498.8	3875.4	9368.2	1319	218043	215352	2691	0	218043	215352	0	13	0	12	1	0	6.9	77	228.8	1777.4	4296.5	604.9	58.9	31.1	63.6
9270	7	40	143	39	45	832	1230	4299	760	150312	150312	0	0	150312	150312	0	5	0	5	0	0	4.7	95.1	553.5	818.3	2860.1	505.6	26.6	25.9	29.9
9280	8.877442306	89.94831902	393.6255098	26	19	310.0391765	1456.743353	9289.306201	620.9009779	356828	185336	163156	8336	356828	185336	0	23	0	9	13	1	2.5	110.3	86.9	408.2	2603.3	174	25.2	14	10.3
9320	53.83329149	184.4772246	684.9153904	264	292	1688.916377	4605.945787	12975.0347	1915.57098	608638	341722	36816	230100	608638	341722	0	35	0	17	1	17	8.8	112.5	277.5	756.8	2131.8	314.7	30.3	77.3	85.4
9340	10	60	96	20	48	896	1738	3735	580	138780	138780	0	0	138780	138780	0	5	0	5	0	0	7.2	69.2	645.6	1252.3	2691.3	417.9	43.2	14.4	34.6
9360	5.501199544	21.37966186	65.34227698	0	0	454.7463555	1773.492313	4770.672253	553.0601356	142710	0	67613	75097	142710	0	0	6	0	0	5	1	3.9	45.8	318.7	1242.7	3342.9	387.5	15		
