msa06	mmurd06	mrape06	mrobt06	mrobg06	massg06	massa06	mburg06	mlarc06	mmoto06	mpop06	mpopcm06	mpopg306	mpopl306	mpoprp06	mpopgn06	mpopna06	mct06	mctna06	mctcm06	mctg306	mctl306	mrmurd06	mrrobt06	mrassa06	mrburg06	mrlarc06	mrmoto06	mrrape06	mrrobg06	mrassg06
0	15094.24647	71999.30291	422096.5282	152834.8716	146827.0934	729538.4672	1788386.627	5460364.528	1087649.568	241597421	225162676	4587203	4569789	230630188	208946421	7277753	7668	497	6163	393	615	6.4	180.1	311.3	763.2	2330.3	464.2	31.2	73.1	70.3
40	6	69	108	29	205	400	1423	3697	327	134437	134437	0	0	134437	134437	0	5	0	5	0	0	4.5	80.3	297.5	1058.5	2750	243.2	51.3	21.6	152.5
80	32.81231812	303.9456425	913.3336447	284	143	649.5492186	5823.762382	16521.93889	2054.648856	703091	601626	73127	28338	703091	551070	0	33	0	22	5	6	4.7	129.9	92.4	828.3	2349.9	292.2	43.2	51.5	25.9
120	10.18181818	36.09090909	258.4545455	114	110	312.5064935	1942.32987	4014.015584	466.5142857	130027	97929	32098	0	130027	97929	0	5	0	2	3	0	7.8	198.8	240.3	1493.8	3087.1	358.8	27.8	116.4	112.3
160	18.06833258	212.722172	971.6328144	239	236	2098.914826	4979.027387	17932.04832	1206.169914	900250	895294	1135	3821	900250	895294	0	41	0	38	1	2	2	107.9	233.1	553.1	1991.9	134	23.6	26.7	26.4
200	71.54545455	418.5454545	1404.909091	656	992	4353.030303	8822.545455	23238.15152	6683.727273	791051	783395	7656	0	791051	783395	0	13	0	11	2	0	9	177.6	550.3	1115.3	2937.6	844.9	52.9	83.7	126.6
220	11.31401185	67.15719631	219.875316	92	245	1180.931447	2110.07873	4563.1082	514.3883107	121764	56660	56972	8132	121764	56660	0	9	0	2	2	5	9.3	180.6	969.9	1732.9	3747.5	422.4	55.2	162.4	432.4
240	29.63230154	159.5367791	1051.382801	367	169	1278.546753	3398.283185	15258.25753	1333.470672	680762	605413	17347	58002	680762	605413	0	58	0	43	5	10	4.4	154.4	187.8	499.2	2241.3	195.9	23.4	60.6	27.9
280	1.185907106	49.37169297	114.0947384	25	44	225.7252114	787.6481463	2246.819521	173.7594509	126907	115576	4725	6606	126907	115576	0	13	0	10	1	2	0.9	89.9	177.9	620.6	1770.4	136.9	38.9	21.6	38.1
320	7	102	406	123	317	1198	2581	8164	1100	236420	236420	0	0	236420	236420	0	5	0	5	0	0	3	171.7	506.7	1091.7	3453.2	465.3	43.1	52	134.1
380	17.50224446	261.0404003	483.3572743	142	308	1963.324527	1823.233424	9256.576325	1505.069885	294862	286309	0	8553	294862	286309	0	4	0	3	0	1	5.9	163.9	665.8	618.3	3139.3	510.4	88.5	49.6	107.6
440	10	224.2634719	301.631736	112.631736	143.8952079	997.8443036	3049.67604	10085.85495	1083.71736	623839	620180	3659	0	623839	620180	0	28	0	27	1	0	1.6	48.4	160	488.9	1616.7	173.7	35.9	18.2	23.2
450	21.78221842	57.78476328	253.9647653	124	146.1122772	495.6963866	1862.149583	3812.64747	465.1161635	113155	35136	0	78019	113155	35136	0	10	0	5	0	5	19.2	224.4	438.1	1645.7	3369.4	411	51.1	352.9	415.8
460	6	77.25671881	59.18806818	21	32.21665947	459.8781059	1323.665469	6989.87305	314.6371891	375999	375999	0	0	375999	375999	0	24	0	24	0	0	1.6	15.7	122.3	352	1859	83.7	20.5	5.6	8.6
480	5.146159318	70.80387625	271.4145884	122	85	427.4224307	2125.141588	4735.926369	781.2205001	243903	241720	0	2183	243903	241720	0	11	0	8	0	3	2.1	111.3	175.2	871.3	1941.7	320.3	29	50.5	35.2
500	6.834574348	67.19332192	176.4093594	42	34	309.5506483	1471.45493	5618.513064	575.797003	166661	133709	4333	28619	166661	133709	0	8	0	3	3	2	4.1	105.8	185.7	882.9	3371.2	345.5	40.3	31.4	25.4
520	385.6277947	1082.920593	10570.39744	5625	3116.077508	14599.14848	46927.64379	115947.0808	28131.23766	4921829	4183585	663163	75081	4921829	3557597	0	108	0	65	28	15	7.8	214.8	296.6	953.5	2355.8	571.6	22	158.1	87.6
560	31	100	674	160	142	993	2889	10652	602	370583	370583	0	0	370583	370583	0	33	0	33	0	0	8.4	181.9	268	779.6	2874.4	162.4	27	43.2	38.3
580	7.969103472	32.42985349	103.873716	38	32	156.8835934	1293.042667	3264.199959	227.8789118	124369	98052	0	26317	124369	98052	0	5	0	3	0	2	6.4	83.5	126.1	1039.7	2624.6	183.2	26.1	38.8	32.6
600	31.3058577	223.701986	815.8162596	396	276	846.9697914	4905.833658	15630.01677	2653.200197	510084	372906	135302	1876	510084	372906	0	20	0	12	7	1	6.1	159.9	166	961.8	3064.2	520.1	43.9	106.2	74
640	29.02605892	523.3529551	1565.658977	507	616	3041.308056	11433.44139	44106.99015	3374.289092	1493692	1492758	0	934	1493692	1492758	0	40	0	39	0	1	1.9	104.8	203.6	765.4	2952.9	225.9	35	34	41.3
680	65	201	1059	279	323	2864	8712	18991	5761	763641	763641	0	0	763641	763641	0	10	0	10	0	0	8.5	138.7	375	1140.9	2486.9	754.4	26.3	36.5	42.3
720	355	501	7842	1581	853	13239	19052	60997	12699	2662948	2662948	0	0	2662948	2025392	0	17	0	17	0	0	13.3	294.5	497.2	715.4	2290.6	476.9	18.8	78.1	42.1
733	3	14	33	5	3	61	784	3699	143	147076	147076	0	0	147076	147076	0	13	0	13	0	0	2	22.4	41.5	533.1	2515	97.2	9.5	3.4	2
743	4	64.5	85	9	48	876.6363636	2182.909091	3482.5	323.3636364	227875	215418	12457	0	227875	215418	0	15	0	13	2	0	1.8	37.3	384.7	957.9	1528.3	141.9	28.3	4.2	22.3
760	89.34902633	205.8879151	1453.2315	808	1037	3382.087437	7808.44994	21069.49337	2806.797556	599766	591275	4798	3693	599766	591275	0	15	0	11	1	3	14.9	242.3	563.9	1301.9	3513	468	34.3	136.7	175.4
840	18	162	618	210	265	1430	4533	9750	1397	394399	393865	534	0	394399	393865	0	18	0	17	1	0	4.6	156.7	362.6	1149.3	2472.1	354.2	41.1	53.3	67.3
860	1	76	98	17	40	257	1818	6504	518	186623	186623	0	0	186623	186623	0	9	0	9	0	0	0.5	52.5	137.7	974.2	3485.1	277.6	40.7	9.1	21.4
870	8.124339603	107.0646055	107.8893935	32.99658382	71.99402169	552.0045003	1048.105594	3978.555281	262.5384505	162206	155600	2268	4338	162206	155600	0	19	0	14	1	4	5	66.5	340.3	646.2	2452.8	161.9	66	21.2	46.3
875	30	93	1535	370	251	1953	4766	16582	2930	1402689	1402689	0	0	1402689	1402689	0	86	0	86	0	0	2.1	109.4	139.2	339.8	1182.2	208.9	6.6	26.4	17.9
880	3	34	48	13	27	173	588	4219	381	138000	138000	0	0	138000	138000	0	3	0	3	0	0	2.2	34.8	125.4	426.1	3057.2	276.1	24.6	9.4	19.6
920	33.41388147	138.3071967	429.417434	146	94	428.6626116	5008.817235	11180.09458	2012.211685	375101	269099	17719	88283	375101	269099	0	12	0	8	1	3	8.9	114.5	114.3	1335.3	2980.6	536.4	36.9	54.3	34.9
960	6	67.98170732	117	21	18	337.9085366	985.4359756	5310.454268	148.4908537	249087	249087	0	0	249087	249087	0	10	0	10	0	0	2.4	47	135.7	395.6	2132	59.6	27.3	8.4	7.2
1000	134.941838	471.8480185	2510.708941	599.003071	378	2819.431556	10957.85318	29750.34078	4224.814056	965402	849256	0	116146	965402	615679	0	59	0	41	0	18	14	260.1	292	1135.1	3081.7	437.6	48.9	97.3	61.4
1010	2	30	10	0	3	149	415	1697	137	99220	99220	0	0	99220	99220	0	5	0	5	0	0	2	10.1	150.2	418.3	1710.3	138.1	30.2	0	3
1020	2	42	73	27	18	199	946	2912	206	122211	122211	0	0	122211	122211	0	2	0	2	0	0	1.6	59.7	162.8	774.1	2382.8	168.6	34.4	22.1	14.7
1040	0	0	0	0	0	0	0	0	0	159868	0	0	0	0	0	159868	10	10	0	0	0									
1080	14	245	182	73	220	1089	3107	10113	1145	522638	522638	0	0	522638	522638	0	9	0	9	0	0	2.7	34.8	208.4	594.5	1935	219.1	46.9	14	42.1
1123	167.9707325	1551.514538	7327.578948	1834	1846	18109.54931	29437.97299	94697.67537	15597.49255	6177816	5912769	82716	182331	6177816	5912769	0	300	0	264	11	25	2.7	118.6	293.1	476.5	1532.9	252.5	25.1	31	31.2
1125	3.884942738	93.75228172	80.23392965	12	35	524.7476859	1569.525237	6359.00885	577.7766774	286122	202757	0	83365	286122	202757	0	8	0	6	0	2	1.4	28	183.4	548.6	2222.5	201.9	32.8	5.9	17.3
1145	3	76.4410007	108.6719636	45.24937071	70.13388928	423.3045943	1742.788233	4327.776435	445.1288549	286376	286376	0	0	286376	286376	0	17	0	17	0	0	1	37.9	147.8	608.6	1511.2	155.4	26.7	15.8	24.5
1150	3	231	125	34	81	655	1742	4178	601	244796	244796	0	0	244796	244796	0	5	0	5	0	0	1.2	51.1	267.6	711.6	1706.7	245.5	94.4	13.9	33.1
1240	12	125	277	32	129	1264	3882	13316	1094	389032	389032	0	0	389032	389032	0	12	0	12	0	0	3.1	71.2	324.9	997.9	3422.9	281.2	32.1	8.2	33.2
1260	7	84	137	47	130	635	1763	5590	359	160734	160734	0	0	160734	160734	0	3	0	3	0	0	4.4	85.2	395.1	1096.8	3477.8	223.4	52.3	29.2	80.9
1280	86	330.59787	2249	830	725	3233.19574	8260.78296	22474.83127	2972.59787	1150784	1148878	1906	0	1150784	1148878	0	29	0	28	1	0	7.5	195.4	281	717.8	1953	258.3	28.7	72.2	63.1
1303	6	78	63	26	22	289	1257	4653	235	205512	205512	0	0	205512	205512	0	15	0	15	0	0	2.9	30.7	140.6	611.6	2264.1	114.3	38	12.7	10.7
1320	11.52823474	160.5328737	655.7874579	182.9844934	73.99483114	555.1628709	3976.159271	10688.76956	1009.75994	410496	313535	43648	53313	410496	313535	0	25	0	15	4	6	2.8	159.8	135.2	968.6	2603.9	246	39.1	58.4	23.6
1350	2	21	16	6	7	130	592	2451	143	70582	70582	0	0	70582	70582	0	4	0	4	0	0	2.8	22.7	184.2	838.7	3472.6	202.6	29.8	8.5	9.9
1360	7.096019478	62.81657136	141.4201224	26	32	317.0392908	1447.59312	5369.545934	378.1775303	199959	193328	0	6631	199959	193328	0	5	0	4	0	1	3.5	70.7	158.6	723.9	2685.3	189.1	31.4	13.4	16.6
1400	0	0	0	0	0	0	0	0	0	185899	0	0	0	0	0	185899	12	12	0	0	0									
1440	77	303.0909091	1212	738	904	3425.333333	5372.038961	17752.96104	3144.666667	604149	603092	1057	0	604149	603092	0	24	0	22	2	0	12.7	200.6	567	889.2	2938.5	520.5	50.2	122.4	149.9
1480	21.19788244	69.72440414	203.9748987	62	180.3277559	739.9918567	2178.130618	6472.112428	855.2741321	248221	234900	8629	4692	248221	234900	0	23	0	10	7	6	8.5	82.2	298.1	877.5	2607.4	344.6	28.1	26.4	76.8
1520	135.7900479	602.2919113	4391.894748	2746.757108	2746.504739	7436.346417	23574.89155	54257.38105	10043.00885	1733828	1458860	238525	36443	1733828	1458860	0	46	0	35	6	5	7.8	253.3	428.9	1359.7	3129.3	579.2	34.7	188.3	188.3
1540	4	67	129	45	70	337	798	4040.272727	412.6666667	175051	175051	0	0	175051	175051	0	4	0	4	0	0	2.3	73.7	192.5	455.9	2308.1	235.7	38.3	25.7	40
1560	25	189.4	648.4012987	320	415.3276699	2328.723162	4268.696577	15024.68417	1815.641848	488263	459882	28381	0	488263	459882	0	27	0	22	5	0	5.1	132.8	476.9	874.3	3077.2	371.9	38.8	69.6	90.3
1580	2	38	29	6	8	99	401	2356	157	86117	86117	0	0	86117	86117	0	3	0	3	0	0	2.3	33.7	115	465.6	2735.8	182.3	44.1	7	9.3
1600	486	0	16257	0	0	18438	26137	92459	22338	8631553	3306161	0	0	0	0	5325392	309	300	9	0	0	14.7	491.7	557.7	790.6	2796.6	675.6			
1620	11	113	144	38	44	519	2085	4012	1010	216114	216114	0	0	216114	216114	0	6	0	6	0	0	5.1	66.6	240.2	964.8	1856.4	467.3	52.3	17.6	20.4
1640	115.1562056	734.3000773	3240.056659	951.0630624	538.1261247	2090.908984	12514.21451	42359.23534	4803.35248	1690979	1241285	223299	226395	1690979	1229269	0	110	0	67	20	23	6.8	191.6	123.7	740.1	2505	284.1	43.4	77.4	43.8
1660	12.02095896	89.32025288	261.7411088	122	322	976.3346664	2144.836651	4643.875122	498.7915717	219768	218984	0	784	219768	218984	0	7	0	6	0	1	5.5	119.1	444.3	976	2113.1	227	40.6	55.7	147
1680	108.3003752	844.5368778	5646.990564	2163	911.5618814	3674.597611	19919.76109	43339.63805	9577.601998	2232251	1558763	169769	503719	2232251	1558763	0	112	0	62	11	39	4.9	253	164.6	892.4	1941.5	429.1	37.8	138.8	58.5
1720	18.02019137	322.374317	663.4683325	336	323	2232.442155	4373.686111	15386.37243	2222.347674	576273	573066	2314	893	576273	573066	0	8	0	6	1	1	3.1	115.1	387.4	759	2670	385.6	55.9	58.6	56.4
1740	2	31	134	52	77	491	804	3411	330	144374	144374	0	0	144374	144374	0	6	0	6	0	0	1.4	92.8	340.1	556.9	2362.6	228.6	21.5	36	53.3
1760	49	218.1099258	889.5099258	515	962.6397033	3250.967997	4834.726997	17197.51874	2177.983056	584296	582094	2202	0	584296	582094	0	19	0	17	2	0	8.4	152.2	556.4	827.4	2943.3	372.8	37.3	88.5	165.4
1800	19.90847437	37.96594497	652.29409	383.963808	307.981904	701.8572612	3361.674244	10839.34839	2014.638897	284814	193714	40784	50316	284814	193714	0	11	0	4	3	4	7	229	246.4	1180.3	3805.8	707.4	13.3	198.2	159
1840	94.01057487	856.6601798	4221.869222	1928.977804	754	2055.259087	21016.61722	50127.8066	7724.465449	1630537	1459586	47885	123066	1630537	1456522	0	63	0	48	4	11	5.8	258.9	126	1288.9	3074.3	473.7	52.5	132.4	51.8
1880	23.88005258	224.2803155	503.4811042	132.5202103	234.6401577	1641.001314	3984.250411	18544.91423	1023.881367	399934	399934	0	0	399934	399934	0	16	0	16	0	0	6	125.9	410.3	996.2	4637	256	56.1	33.1	58.7
1890	0.126614249	17.12661425	22.16535623	3.266142493	7	83.64598524	408.604432	2318.538435	119.3486779	79929	79929	0	0	79929	79929	0	4	0	4	0	0	0.2	27.7	104.7	511.2	2900.7	149.3	21.4	4.1	8.8
1900	2.029943848	39.26093924	46.82702056	5	28	289.031904	696.7416434	1921.695031	118.9948306	100893	100183	0	710	100893	100183	0	11	0	10	0	1	2	46.4	286.5	690.6	1904.7	117.9	38.9	5	27.9
1920	258.3696581	1355.004264	8815.991157	4186.926292	3994.469299	12361.15568	41781.01309	114544.5001	22582.91197	4079077	4066993	11338	746	4079077	4066993	0	115	0	112	1	2	6.3	216.1	303	1024.3	2808.1	553.6	33.2	102.9	98.2
1950	4	17	85.09090909	41	27	150.0909091	641.5636364	1890.581818	174.4	109073	105271	3802	0	109073	105271	0	5	0	2	3	0	3.7	78	137.6	588.2	1733.3	159.9	15.6	38.9	25.6
1960	7.04546843	79.33374062	276.6195422	50	83	713.0157402	1723.957532	6686.547464	419.2400008	361318	158713	0	3140	161853	158713	199465	27	22	4	0	1	4.4	170.9	440.5	1065.1	4131.2	259	49	31.5	52.3
2000	53.63758802	449.2703148	1508.763301	505	342	1389.359929	9867.206537	26047.2198	4171.826894	944575	743639	12200	188736	944575	743639	0	47	0	29	7	11	5.7	159.7	147.1	1044.6	2757.6	441.7	47.6	67.9	46
2020	25.08451824	170.5613114	665.2254734	235	258	2048.221716	5868.673235	13213.13729	2009.314064	576019	574515	0	1504	576019	574515	0	18	0	17	0	1	4.4	115.5	355.6	1018.8	2293.9	348.8	29.6	40.9	44.9
2030	6.755464104	46.59775733	115.6586108	43	72	245.9298929	1287.139537	3996.547748	424.2104191	149871	105280	0	44591	149871	105280	0	14	0	11	0	3	4.5	77.2	164.1	858.8	2666.7	283.1	31.1	40.8	68.4
2040	0	0	0	0	0	0	0	0	0	110759	0	0	0	0	0	110759	7	7	0	0	0									
2080	103.9932594	1147.581152	2611.572842	1054.891133	1674.152977	6259.573435	17706.33659	54203.09739	14634.6179	2305428	2299174	6254	0	2305428	2299174	0	38	0	37	1	0	4.5	113.3	271.5	768	2351.1	634.8	49.8	45.9	72.8
2120	8	124	435	117	190	1262	3502	16114	1365	498379	498379	0	0	498379	498379	0	24	0	24	0	0	1.6	87.3	253.2	702.7	3233.3	273.9	24.9	23.5	38.1
2160	510.5706494	1843.271798	10244.51248	5650.368264	5924.104792	21448.75741	36786.40258	86448.74522	38647.3063	4449640	4428478	1253	19909	4449640	4428478	0	130	0	125	3	2	11.5	230.2	482	826.7	1942.8	868.5	41.4	127.6	133.8
2180	7.637712083	78.70166209	244.1804796	148	90	310.280156	1358.511136	3508.811543	335.4582697	144298	135775	0	8523	144298	135775	0	20	0	12	0	8	5.3	169.2	215	941.5	2431.6	232.5	54.5	109	66.3
2190	8	93.29083173	145.8844359	64.29083173	115.2908317	655.9321987	913.3982981	3337.044257	332.6174856	145667	145667	0	0	145667	145667	0	10	0	10	0	0	5.5	100.1	450.3	627	2290.9	228.3	64	44.1	79.1
2200	0	23	16	2	6	363.9714567	532.9714567	1305.143701	106.9714567	92118	92118	0	0	92118	92118	0	3	0	3	0	0	0	17.4	395.1	578.6	1416.8	116.1	25	2.2	6.5
2240	3.07195074	8	154.4272536	26	47	410.0841793	1648.305998	6390.876052	471.6897123	242867	234500	1627	6740	242867	234500	0	18	0	14	1	3	1.3	63.6	168.9	678.7	2631.4	194.2	3.3	11.1	20
2281	8.089274073	39.82472239	268.6273728	70	92	549.2025869	926.0240443	4097.942977	240.447844	295638	290646	0	4992	295638	290646	0	14	0	12	0	2	2.7	90.9	185.8	313.2	1386.1	81.3	13.5	24.1	31.7
2290	0	18	21	5	1	162	708	2975	171	154604	154604	0	0	154604	154604	0	10	0	10	0	0	0	13.6	104.8	457.9	1924.3	110.6	11.6	3.2	0.6
2320	22	331	546	82	220	1914	2779	17247	3802	742047	742047	0	0	742047	742047	0	6	0	6	0	0	3	73.6	257.9	374.5	2324.2	512.4	44.6	11.1	29.6
2330	15	57.90772747	281	137	9	66	1538.031138	5136.403657	469.5847736	196656	196656	0	0	196656	90770	0	4	0	4	0	0	7.6	142.9	33.6	782.1	2611.9	238.8	29.4	150.9	9.9
2335	2	20	56	14	9	115	422	1902	63	89752	78946	10806	0	89752	78946	0	6	0	5	1	0	2.2	62.4	128.1	470.2	2119.2	70.2	22.3	17.7	11.4
2340	1	27	30	10	20	132	507	1510	140	57461	57461	0	0	57461	57461	0	3	0	3	0	0	1.7	52.2	229.7	882.3	2627.9	243.6	47	17.4	34.8
2360	4	113.5	309	94	36	398	1411	4079.5	303.5	280694	277248	3446	0	280694	277248	0	12	0	11	1	0	1.4	110.1	141.8	502.7	1453.4	108.1	40.4	33.9	13
2400	8	95	219	39	126	588	3280	9952	2055	340676	340676	0	0	340676	340676	0	10	0	10	0	0	2.3	64.3	172.6	962.8	2921.3	603.2	27.9	11.4	37
2440	9.975780718	94.83532181	227.2815522	74	25	528.3936157	1792.487869	6878.720754	464.4078019	304029	249116	7286	47627	304029	249116	0	8	0	5	1	2	3.3	74.8	173.8	589.6	2262.5	152.8	31.2	29.7	10
2520	2	84	30	4	9	216	819	3220	345	185052	185052	0	0	185052	185052	0	6	0	6	0	0	1.1	16.2	116.7	442.6	1740.1	186.4	45.4	2.2	4.9
2560	27	91	664	342	433	1215	5609	12630	1474	310596	310596	0	0	310596	310596	0	4	0	4	0	0	8.7	213.8	391.2	1805.9	4066.4	474.6	29.3	110.1	139.4
2580	7	238	107	29	145	837.5714286	2537.428571	8952.857143	689	371486	369574	1912	0	371486	369574	0	23	0	22	1	0	1.9	28.8	225.5	683	2410	185.5	64.1	7.8	39.2
2620	3.008154592	65.82030796	107.166509	20	61.28637651	520.0112058	831.5936899	4670.413798	251.2220798	135005	76622	57954	429	135005	76622	0	9	0	6	2	1	2.2	79.4	385.2	616	3459.4	186.1	48.8	26.1	80
2640	68.01037597	311.1732862	864.3262749	377	989	2876.155474	5584.931762	10219.52727	2588.389495	442777	441572	843	362	442777	441572	0	25	0	23	1	1	15.4	195.2	649.6	1261.3	2308.1	584.6	70.3	85.4	224
2650	6.272774522	40.0742339	140.8106387	3	0	240.1722985	1084.784028	3056.073394	315.6354941	143638	34842	0	108796	143638	34842	0	13	0	7	0	6	4.4	98	167.2	755.2	2127.6	219.7	27.9	8.6	0
2655	10	47	288	153	273	963.0909091	1385.545455	5509.363636	588	133136	132455	681	0	133136	132455	0	8	0	7	1	0	7.5	216.3	723.4	1040.7	4138.1	441.7	35.3	115.5	206.1
2670	5.079734669	114.2189626	61.08295378	18.04653723	74.23920401	539.3283464	1387.060896	6537.822465	514.8941483	277068	277068	0	0	277068	277068	0	7	0	7	0	0	1.8	22	194.7	500.6	2359.6	185.8	41.2	6.5	26.8
2680	87	477	3685	1448	1125	6515	13218	44240	7092	1807618	1807618	0	0	1807618	1807618	0	30	0	30	0	0	4.8	203.9	360.4	731.2	2447.4	392.3	26.4	80.1	62.2
2700	48	196	866	394	497	2047	5736	11998	2309	553945	553945	0	0	553945	553945	0	4	0	4	0	0	8.7	156.3	369.5	1035.5	2165.9	416.8	35.4	71.1	89.7
2710	19	114	462	150	229	1503	3222	8257	832	387459	387459	0	0	387459	387459	0	7	0	7	0	0	4.9	119.2	387.9	831.6	2131.1	214.7	29.4	38.7	59.1
2720	13.88581268	135.4998078	154.9194878	35	157	1041.876866	2151.136056	6049.023841	570.2664366	219622	182826	0	36796	219622	182826	0	12	0	10	0	2	6.3	70.5	474.4	979.5	2754.3	259.7	61.7	19.1	85.9
2750	5.041865752	57.2780432	107.5977245	39	95	541.5772465	1044.76367	3886.349258	436.1276447	185244	184499	0	745	185244	184499	0	6	0	5	0	1	2.7	58.1	292.4	564	2098	235.4	30.9	21.1	51.5
2760	22.23143868	125.0204253	497.3329678	279	55	442.4633182	3245.529809	11592.47279	1126.187788	521590	420869	0	100721	521590	420869	0	17	0	11	0	6	4.3	95.3	84.8	622.2	2222.5	215.9	24	66.3	13.1
2800	81.78082559	720.5743475	2843.572539	1173.333048	1715.308721	5839.355924	19443.08646	60810.93317	7537.362506	1972948	1972948	0	0	1972948	1972948	0	55	0	55	0	0	4.1	144.1	296	985.5	3082.2	382	36.5	59.5	86.9
2840	76	269	1750	621	894	3577	8835	25519	8561	1029561	1029561	0	0	1029561	1029561	0	16	0	16	0	0	7.4	170	347.4	858.1	2478.6	831.5	26.1	60.3	86.8
2880	4.755306935	57.71160065	248.7473776	124.0914114	21.9791342	203.699754	1359.240814	3527.969518	395.3845786	104122	52523	0	51599	104122	52523	0	9	0	5	0	4	4.6	238.9	195.6	1305.4	3388.3	379.7	55.4	236.3	41.8
2900	13	181	382	159	237	1684	2779	7530	794	227627	227627	0	0	227627	227627	0	5	0	5	0	0	5.7	167.8	739.8	1220.9	3308	348.8	79.5	69.9	104.1
2920	11	211.7775828	353.5085586	118.8887914	113.8980895	682.138557	2769.020107	7118.165768	816.8079077	285429	285429	0	0	285429	285429	0	12	0	12	0	0	3.9	123.9	239	970.1	2493.8	286.2	74.2	41.7	39.9
2960	77.08429366	140.5465791	904.8675962	405	347	1279.659602	4931.070151	17273.07136	3201.253365	655382	637900	0	17482	655382	637900	0	25	0	22	0	3	11.8	138.1	195.3	752.4	2635.6	488.5	21.4	63.5	54.4
2975	2	38	14	1	7	151	576	2018	72	128917	128917	0	0	128917	128917	0	10	0	10	0	0	1.6	10.9	117.1	446.8	1565.3	55.8	29.5	0.8	5.4
2980	7.146828853	8.800275528	145.3765457	75.98543368	183.9490179	442.5385893	1565.380967	3097.950091	295.1270601	116732	113668	871	2193	116732	113668	0	6	0	3	1	2	6.1	124.5	379.1	1341	2653.9	252.8	7.5	66.8	161.8
2985	1.018380718	23.60288757	17.2352732	1	9	113.6652931	482.4883936	1991.548932	211.7534316	97197	95874	0	1323	97197	95874	0	9	0	8	0	1	1	17.7	116.9	496.4	2049	217.9	24.3	1	9.4
2995	6	43	48	11	55	272	852	3378	424	132327	132327	0	0	132327	132327	0	6	0	6	0	0	4.5	36.3	205.6	643.9	2552.8	320.4	32.5	8.3	41.6
3000	27.21798125	617.6491941	1101.866724	336.0017496	407.0017496	2847.837568	7761.994849	27232.56363	2138.291568	1137958	1130353	0	7605	1137958	1130353	0	37	0	35	0	2	2.4	96.8	250.3	682.1	2393.1	187.9	54.3	29.7	36
3040	4	14	29	7	29	193	250	2631	152	80331	80331	0	0	80331	80331	0	2	0	2	0	0	5	36.1	240.3	311.2	3275.2	189.2	17.4	8.7	36.1
3060	3.95348312	94.2157213	72.83912319	20.06232966	130.6078188	661.6268065	1829.457538	5652.587943	742.847076	232891	226133	5587	1171	232891	226133	0	21	0	18	2	1	1.7	31.3	284.1	785.5	2427.1	319	40.5	8.9	57.8
3080	2	72.05397476	110	37	32	443.925914	1191.620327	4352.053833	318.8252238	239864	239864	0	0	239864	239864	0	8	0	8	0	0	0.8	45.9	185.1	496.8	1814.4	132.9	30	15.4	13.3
3120	77.71261125	374.4648164	2316.603413	1035.506741	901.5067412	4263.898893	16642.29671	38174.88931	4490.628831	1352123	1240124	105429	6570	1352123	1240124	0	40	0	30	4	6	5.7	171.3	315.3	1230.8	2823.3	332.1	27.7	83.5	72.7
3150	11	50	301.7365923	146.9121974	141	702	2097.419554	4744.556241	408.8243949	145415	145415	0	0	145415	145415	0	7	0	7	0	0	7.6	207.5	482.8	1442.4	3262.8	281.1	34.4	101	97
3160	70.81442372	385.0028617	1323.895579	708.9778264	1270.916485	5097.018908	11099.53775	29516.38394	4008.935082	1032941	1029373	3097	471	1032941	1029373	0	38	0	36	1	1	6.9	128.2	493.4	1074.6	2857.5	388.1	37.3	68.9	123.5
3180	4	28	158	72	41	378	786	2367	300	142284	142284	0	0	142284	142284	0	5	0	5	0	0	2.8	111	265.7	552.4	1663.6	210.8	19.7	50.6	28.8
3200	10.51359672	194.1467924	386.1022498	94.93693764	102.8738753	891.1492	3199.413029	11552.81475	874.0903227	353099	330699	4483	17917	353099	330699	0	13	0	9	2	2	3	109.3	252.4	906.1	3271.8	247.5	55	28.7	31.1
3240	20.06247909	203.3302819	801.7026731	364	162	1143.190523	2580.034319	11049.4543	723.4036644	647964	557918	52292	37754	647964	557918	0	59	0	43	5	11	3.1	123.7	176.4	398.2	1705.3	111.6	31.4	65.2	29
3283	39	178	1440	479	233	1472	5105	22789	3759	1001896	1001896	0	0	1001896	1001896	0	33	0	33	0	0	3.9	143.7	146.9	509.5	2274.6	375.2	17.8	47.8	23.3
3285	13.34500404	45.25917945	145.444811	63	33	122.0629769	1274.690771	2523.362712	387.5695529	119279	96374	2436	20469	119279	96374	0	6	0	4	1	1	11.2	121.9	102.3	1068.7	2115.5	324.9	37.9	65.4	34.2
3290	15.36336635	78.91669673	255.5524904	74	121	612.117567	3874.607919	7373.305304	870.6373181	362751	270902	89409	2440	362751	270902	0	26	0	19	3	4	4.2	70.4	168.7	1068.1	2032.6	240	21.8	27.3	44.7
3320	17	229	956	139	161	1543	5482	26540	6288	912693	912693	0	0	912693	912693	0	1	0	1	0	0	1.9	104.7	169.1	600.6	2907.9	689	25.1	15.2	17.6
3350	9	78	155	69	205	793	1412	5266	524	189259	189259	0	0	189259	189259	0	5	0	5	0	0	4.8	81.9	419	746.1	2782.4	276.9	41.2	36.5	108.3
3360	505.0149825	1586.984347	14708.19835	7863.861838	5183.968021	19713.88386	47537.47006	127477.0007	30501.37934	4805533	4804996	0	537	4805533	4804996	0	63	0	62	0	1	10.5	306.1	410.2	989.2	2652.7	634.7	33	163.7	107.9
3400	3.529817709	91.01563995	265.1334152	71	41	330.2235994	2601.39544	6498.720942	704.6810065	314409	295066	1253	18090	314409	295066	0	30	0	22	1	7	1.1	84.3	105	827.4	2067	224.1	28.9	24.1	13.9
3440	21.4926416	153.0779771	781.9455258	35	63	1099.007238	4037.645269	11744.06362	1844.441786	371811	311767	0	60044	371811	143950	0	12	0	6	0	6	5.8	210.3	295.6	1085.9	3158.6	496.1	41.2	24.3	43.8
3480	162.713957	729.7231426	3715.27177	183	20	4767.589638	15863.94903	46449.56759	10739.15558	1730278	1363706	46792	319780	1730278	562737	0	36	0	24	1	11	9.4	214.7	275.5	916.8	2684.5	620.7	42.2	32.5	3.6
3500	0	68	59	9	9	239	510	2073	144	117689	117689	0	0	117689	117689	0	4	0	4	0	0	0	50.1	203.1	433.3	1761.4	122.4	57.8	7.6	7.6
3520	6.064548821	112.623467	109.0297542	27	45	430.527342	1010.311041	3784.71144	304.6239515	163221	153796	7173	2252	163221	153796	0	13	0	9	3	1	3.7	66.8	263.8	619	2318.8	186.6	69	17.6	29.3
3560	54.6622568	269.335244	1190.943627	752	347	820.6722025	5770.731288	12272.14602	2362.665856	463795	383648	41142	39005	463795	383648	0	19	0	12	1	6	11.8	256.8	176.9	1244.2	2646	509.4	58.1	196	90.4
3580	14	41.01193139	204.0477256	119.0357942	306.1312453	729.3579418	1526.581655	3724.148397	551.1163311	112267	112267	0	0	112267	112267	0	5	0	5	0	0	12.5	181.8	649.7	1359.8	3317.2	490.9	36.5	106	272.7
3600	132.0908122	336.6031112	2620.465668	1372	1950	6496.759504	12792.84039	39015.64752	5258.78426	1244441	1242825	0	1616	1244441	1242825	0	13	0	12	0	1	10.6	210.6	522.1	1028	3135.2	422.6	27	110.4	156.9
3605	8	65	114	53	87	370.376	1374.288	3219.684	338.032	155482	155482	0	0	155482	155482	0	7	0	7	0	0	5.1	73.3	238.2	883.9	2070.8	217.4	41.8	34.1	56
3610	2	45	60	8	28	224	757	2454	104	136774	136774	0	0	136774	136774	0	9	0	9	0	0	1.5	43.9	163.8	553.5	1794.2	76	32.9	5.8	20.5
3620	4	67	132	49	9	168.9867213	1166.907049	4472.964265	250.960164	158116	158116	0	0	158116	158116	0	8	0	8	0	0	2.5	83.5	106.9	738	2828.9	158.7	42.4	31	5.7
3640	34	85	2173	524	212	1888	3328	9327	2773	603980	603980	0	0	603980	603980	0	12	0	12	0	0	5.6	359.8	312.6	551	1544.3	459.1	14.1	86.8	35.1
3660	23	144.339738	244	50	338	1697.679476	3964.412976	11996.85086	1101.679476	496220	494668	1552	0	496220	494668	0	28	0	27	1	0	4.6	49.2	342.1	798.9	2417.6	222	29.1	10.1	68.3
3680	6.684558032	40.14183727	97.84240251	19	37	336.6050122	938.0893872	3066.300285	247.2738017	227181	188672	14184	24325	227181	188672	0	53	0	33	6	14	2.9	43.1	148.2	412.9	1349.7	108.8	17.7	10.1	19.6
3700	3	49	90	25	53	369.6666667	1830.666667	2454.666667	184	87725	86167	1558	0	87725	86167	0	6	0	5	1	0	3.4	102.6	421.4	2086.8	2798.1	209.7	55.9	29	61.5
3710	6	79	122	39	25	495	1495	5158	541	167393	167393	0	0	167393	167393	0	17	0	17	0	0	3.6	72.9	295.7	893.1	3081.4	323.2	47.2	23.3	14.9
3720	21.07942486	277.3515651	504.4852877	128.9982504	334.0321104	1748.83234	4615.322182	13181.51197	1180.963644	457397	453921	705	2771	457397	453921	0	28	0	25	1	2	4.6	110.3	382.3	1009	2881.9	258.2	60.6	28.4	73.6
3740	0	0	0	0	0	0	0	0	0	108552	0	0	0	0	0	108552	11	11	0	0	0									
3760	173	840.4666274	3109	1191	2329.983368	7361.895148	16235.58505	52896.76564	11371.87297	1898792	1886081	12711	0	1898792	1356115	0	121	0	114	7	0	9.1	163.7	387.7	855	2785.8	598.9	44.3	87.8	171.8
3800	4	63	163	58	6	176	858	3039	260	161133	161133	0	0	161133	161133	0	5	0	5	0	0	2.5	101.2	109.2	532.5	1886	161.4	39.1	36	3.7
3810	11.04398681	172.5711552	363.1252526	182.8596046	129.7292374	732.1022297	3925.037829	8009.90007	587.4941348	341263	339327	0	1936	341263	339327	0	13	0	11	0	2	3.2	106.4	214.5	1150.2	2347.1	172.2	50.6	53.9	38.2
3840	37	241	773.080773	307.9833958	828.0973771	2684.860672	6971.795373	18972.3951	2492.287636	747039	747039	0	0	747039	747039	0	23	0	23	0	0	5	103.5	359.4	933.3	2539.7	333.6	32.3	41.2	110.9
3850	5.130659012	28.38775423	71.65836439	14	30	201.7341404	995.5669636	2873.464984	182.2834508	102034	90836	0	11198	102034	90836	0	5	0	4	0	1	5	70.2	197.7	975.7	2816.2	178.6	27.8	15.4	33
3870	0	31	29	10	3	178.5454545	428.1818182	2681.181818	135.0909091	129432	116091	13341	0	129432	116091	0	13	0	10	3	0	0	22.4	137.9	330.8	2071.5	104.4	24	8.6	2.6
3880	28.56988063	171.0480613	461.4555068	72	272	2006.739731	3968.216359	11531.36926	1246.865159	376597	227735	51645	97217	376597	227735	0	22	0	8	3	11	7.6	122.5	532.9	1053.7	3062	331.1	45.4	31.6	119.4
3920	2.72601857	78.82340555	91.41170277	31	5	255.1086686	1305.066229	4719.416667	338.5454488	189211	171435	0	17776	189211	171435	0	6	0	5	0	1	1.4	48.3	134.8	689.7	2494.3	178.9	41.7	18.1	2.9
3960	12.87598264	148.5151293	301.1891248	66	97	941.4397677	3135.935411	5101.229375	765.3239043	175751	73659	77433	24659	175751	73659	0	7	0	3	1	3	7.3	171.4	535.7	1784.3	2902.5	435.5	84.5	89.6	131.7
3980	21.14223117	244.9446005	736.4279742	275	442	2077.153035	5981.375636	13409.3248	1570.625596	552068	549537	0	2531	552068	549537	0	15	0	14	0	1	3.8	133.4	376.2	1083.4	2428.9	284.5	44.4	50	80.4
4000	21.88262255	91.51232315	415.9357069	113	48	544.6672428	2146.624122	8540.587734	860.2638498	490996	452264	7369	31363	490996	452264	0	40	0	34	2	4	4.5	84.7	110.9	437.2	1739.4	175.2	18.6	25	10.6
4040	11.1822673	288.0439969	399.7314417	123	146	1317.403138	2819.923665	9097.08749	974.8113509	454180	447821	0	6359	454180	447821	0	26	0	22	0	4	2.5	88	290.1	620.9	2003	214.6	63.4	27.5	32.6
4080	24	96	270	84	183	871	1778	9956	1247	231062	231062	0	0	231062	231062	0	2	0	2	0	0	10.4	116.9	377	769.5	4308.8	539.7	41.5	36.4	79.2
4100	5.301811154	133.5562778	119.1780755	14	84	637.7193668	1349.871068	4162.778285	506.3523552	192019	98076	91708	2235	192019	98076	0	5	0	2	2	1	2.8	62.1	332.1	703	2167.9	263.7	69.6	14.3	85.6
4120	200	881	6405	3269	1855	8733	22173	41980	25105	2003916	2003916	0	0	2003916	2003916	0	11	0	11	0	0	10	319.6	435.8	1106.5	2094.9	1252.8	44	163.1	92.6
4150	5	59	79	9	60	414	794	4778	239	103641	103641	0	0	103641	103641	0	4	0	4	0	0	4.8	76.2	399.5	766.1	4610.1	230.6	56.9	8.7	57.9
4200	8	86	173	12	62	708	1632	3038	309	113422	91031	22391	0	113422	91031	0	2	0	1	1	0	7.1	152.5	624.2	1438.9	2678.5	272.4	75.8	13.2	68.1
4243	1	38	54	10	3	53	545	2140	107	108045	108045	0	0	108045	108045	0	7	0	7	0	0	0.9	50	49.1	504.4	1980.7	99	35.2	9.3	2.8
4280	12.66778743	183.5116804	596.4698554	230	239	1308.891172	3865.41384	12869.70348	1118.072183	511612	451875	24930	34807	511612	451875	0	18	0	12	2	4	2.5	116.6	255.8	755.5	2515.5	218.5	35.9	50.9	52.9
4320	10.48948918	80.86923862	156.2106567	48	31.95321055	255.3086953	1435.085901	3452.413212	249.4215741	153663	126994	9593	17076	153663	126994	0	16	0	10	3	3	6.8	101.7	166.1	933.9	2246.7	162.3	52.6	37.8	25.2
4360	5	105	163	50	69	1003	2070	10564	452	266251	266251	0	0	266251	266251	0	2	0	2	0	0	1.9	61.2	376.7	777.5	3967.7	169.8	39.4	18.8	25.9
4400	94.35065947	378.6391187	1370.126419	765	1250	4018.8639	9197.418038	24429.50152	3041.186833	622480	553502	53721	15257	622480	553502	0	23	0	19	2	2	15.2	220.1	645.6	1477.5	3924.5	488.6	60.8	138.2	225.8
4420	18.03345251	113.0310047	170.0844235	70.55961948	237.3394292	945.1187256	2472.863595	6728.36858	867.1492436	223137	221938	0	1199	223137	221938	0	15	0	14	0	1	8.1	76.2	423.6	1108.2	3015.4	388.6	50.7	31.8	106.9
4480	1012	2342	27731	10106	11030	33959	55499	149138	64697	10024953	10024953	0	0	10024953	10024953	0	89	0	89	0	0	10.1	276.6	338.7	553.6	1487.7	645.4	23.4	100.8	110
4520	57.64662024	257.9430627	2116.805762	827	598	2466.70166	10682.79674	27923.11905	4923.551683	1064056	975530	28811	59715	1064056	966838	0	37	0	30	1	6	5.4	198.9	231.8	1004	2624.2	462.7	24.2	85.5	61.9
4600	14	114.2422535	377	108	266	1797.242254	3422.180282	9475.298592	819.2422535	259433	259433	0	0	259433	259433	0	9	0	9	0	0	5.4	145.3	692.8	1319.1	3652.3	315.8	44	41.6	102.5
4640	7.075540008	68.52768527	120.5381697	51	60	356.5613282	865.4948825	3485.671529	290.1562586	225165	223901	0	1264	225165	223901	0	8	0	7	0	1	3.1	53.5	158.4	384.4	1548.1	128.9	30.4	22.8	26.8
4680	19.90010211	127.1692554	578.5977203	252	321	1208.49262	4329.178225	12336.1902	2061.222934	354026	193865	158387	1774	354026	193865	0	18	0	9	6	3	5.6	163.4	341.4	1222.8	3484.5	582.2	35.9	130	165.6
4720	4	126	538	181	62	660.9510732	2497.844129	10320.60972	727.915425	459786	459786	0	0	459786	459786	0	23	0	23	0	0	0.9	117	143.8	543.3	2244.7	158.3	27.4	39.4	13.5
4800	3.424504873	97.72002329	144.7930203	42	18	152.2502168	1780.677997	5543.989489	206.5754575	173935	159126	0	14809	173935	159126	0	13	0	10	0	3	2	83.2	87.5	1023.8	3187.4	118.8	56.2	26.4	11.3
4880	32.04173891	179.5653327	545.0554917	184	299	1884.696843	5933.918971	22936.62877	2608.666468	697496	696000	0	1496	697496	696000	0	19	0	18	0	1	4.6	78.1	270.2	850.7	3288.4	374	25.7	26.4	43
4890	4.007946705	55.15155503	70.2315897	27	86	364.6646852	989.6201423	5050.972997	353.4658833	198525	198085	0	440	198525	198085	0	11	0	10	0	1	2	35.4	183.7	498.5	2544.3	178	27.8	13.6	43.4
4900	22	223	635	241	484	2742	4735	12270	1277	540209	540209	0	0	540209	540209	0	13	0	13	0	0	4.1	117.5	507.6	876.5	2271.3	236.4	41.3	44.6	89.6
4920	167	594	5760	3701	3559	9348	21195	45875	8204	1201186	1191332	9854	0	1201186	1191332	0	29	0	28	1	0	13.9	479.5	778.2	1764.5	3819.1	683	49.5	310.7	298.7
4940	22	81	286	73	118	1227	2526	5254	1219	243883	243883	0	0	243883	243883	0	7	0	7	0	0	9	117.3	503.1	1035.7	2154.3	499.8	33.2	29.9	48.4
5000	240	822	7538	3196	2862	14920	24525	80282	17019	2416083	2416083	0	0	2416083	2416083	0	34	0	34	0	0	9.9	312	617.5	1015.1	3322.8	704.4	34	132.3	118.5
5015	22	116	798	220	121	1155	4249	15484	1846	1240763	1240763	0	0	1240763	1240763	0	60	0	60	0	0	1.8	64.3	93.1	342.5	1247.9	148.8	9.3	17.7	9.8
5080	111.9723917	322.9723917	4050.020438	2353.967853	1833	4418.96686	8851.257186	41404.86887	9401.430135	1518404	1495448	22956	0	1518404	1495448	0	52	0	51	1	0	7.4	266.7	291	582.9	2726.9	619.2	21.3	157.4	122.6
5120	109.676006	665	4979.143095	1568.051303	1218	6542.064418	20677.80119	80232.56166	10466.4428	3157266	3014419	79522	63325	3157266	3014419	0	122	0	110	7	5	3.5	157.7	207.2	654.9	2541.2	331.5	21.1	52	40.4
5140	0	52	35	11	36	204	457	3121	202	101045	101045	0	0	101045	101045	0	2	0	2	0	0	0	34.6	201.9	452.3	3088.7	199.9	51.5	10.9	35.6
5160	52.28119582	165.6552171	956.7167418	69	61	867.7939991	6119.565586	17301.31845	2138.394937	569114	498531	0	70583	569114	248379	0	24	0	14	0	10	9.2	168.1	152.5	1075.3	3040	375.7	29.1	27.8	24.6
5170	29	151	767	272	264	2109	5002	15586	4642	510058	510058	0	0	510058	510058	0	10	0	10	0	0	5.7	150.4	413.5	980.7	3055.7	910.1	29.6	53.3	51.8
5190	25	119	815	147	104	1267	4334	17761	1122	1195202	1195202	0	0	1195202	1195202	0	82	0	82	0	0	2.1	68.2	106	362.6	1486	93.9	10	12.3	8.7
5200	14.18760283	63.01476078	118.9644538	53	81	565.049597	2338.464536	5809.645691	330.4612369	140508	138523	0	1985	140508	138523	0	5	0	4	0	1	10.1	84.7	402.1	1664.3	4134.7	235.2	44.8	38.3	58.5
5240	30.86395544	112.765332	777.2916035	42.36155967	65.33871603	582.519514	4253.983802	11196.80206	1323.979014	347281	324473	0	22808	347281	122536	0	13	0	11	0	2	8.9	223.8	167.7	1224.9	3224.1	381.2	32.5	34.6	53.3
5280	4	66	100.0028409	38	9	235.0028409	847.0454545	3011.184659	250.0056818	117133	117133	0	0	117133	117133	0	3	0	3	0	0	3.4	85.4	200.6	723.1	2570.7	213.4	56.3	32.4	7.7
5330	26	170	447	207	397	1350.8	3116	10664.6	1659.2	230522	228181	2341	0	230522	228181	0	8	0	7	1	0	11.3	193.9	586	1351.7	4626.3	719.8	73.7	90.7	174
5345	7	82	291	60	88	997	1456	4379	364	312424	312424	0	0	312424	312424	0	3	0	3	0	0	2.2	93.1	319.1	466	1401.6	116.5	26.2	19.2	28.2
5360	103	587.8624323	2935.620811	1824.620811	2444.862432	8506.382702	10962.5573	38285.46378	4677.104054	1354553	1354553	0	0	1354553	1354553	0	43	0	43	0	0	7.6	216.7	628	809.3	2826.4	345.3	43.4	134.7	180.5
5380	59.02698609	200.3402092	2409.489688	738	316	3014.252235	6984.173407	37113.01789	4068.737703	2815582	2793877	20196	1509	2815582	2793877	0	39	0	36	2	1	2.1	85.6	107.1	248.1	1318.1	144.5	7.1	26.4	11.3
5483	75.74644098	320.6773984	2217.973984	606	263	2355.773568	7420.204021	32577.80686	5187.913654	1676837	1552241	0	124596	1676837	1552241	0	43	0	42	0	1	4.5	132.3	140.5	442.5	1942.8	309.4	19.1	39	16.9
5523	3	34	167	18	4	143	499	2795	271	141192	115059	26133	0	141192	115059	0	7	0	6	1	0	2.1	118.3	101.3	353.4	1979.6	191.9	24.1	15.6	3.5
5560	273.5896338	301.1467156	1745.015785	892	1401	4792.095138	11608.61748	24680.79033	6164.45705	1270629	1206577	0	64052	1270629	1206577	0	19	0	17	0	2	21.5	137.3	377.1	913.6	1942.4	485.2	23.7	73.9	116.1
5600	620.6638507	1193.556959	25147.07626	290	142	28720.41948	25244.27624	133329.2325	17295.45009	9502803	9401755	63927	37121	9502803	1236754	0	56	0	52	3	1	6.5	264.6	302.2	265.7	1403.1	182	12.6	23.4	11.5
5640	189	282	4266	1894	1034	4171	9322	29713	11150	2078193	2078193	0	0	2078193	2078193	0	109	0	109	0	0	9.1	205.3	200.7	448.6	1429.8	536.5	13.6	91.1	49.8
5660	9.300289063	75.51330644	372.8936194	73	38	651.5506546	1565.040111	6685.901623	400.1850014	430278	412096	4249	13933	430278	412096	0	37	0	33	1	3	2.2	86.7	151.4	363.7	1553.9	93	17.5	17.7	9.2
5720	122	553.4	3176	1857	1083	3842	9874.681818	42643.50909	4088	1656911	1656911	0	0	1656911	1656911	0	16	0	16	0	0	7.4	191.7	231.9	596	2573.7	246.7	33.4	112.1	65.4
5775	265	723	8123	3465	2016	8097	19988	54401	28454	2488907	2488907	0	0	2488907	2488907	0	36	0	36	0	0	10.6	326.4	325.3	803.1	2185.7	1143.2	29	139.2	81
5790	15	177	277	127	256	1857	2118	5376	570	308560	308560	0	0	308560	308560	0	4	0	4	0	0	4.9	89.8	601.8	686.4	1742.3	184.7	57.4	41.2	83
5800	7.992061859	81.90791756	176.8793403	43.97301032	137.9428454	848.628495	2009.633052	6402.842002	565.6316702	253701	253701	0	0	253701	253701	0	5	0	5	0	0	3.2	69.7	334.5	792.1	2523.8	223	32.3	17.3	54.4
5880	80	546	1465	647	1191.156802	3965.801845	14324.42768	33688.73699	6431.834899	1153500	1153500	0	0	1153500	1153500	0	39	0	39	0	0	6.9	127	343.8	1241.8	2920.6	557.6	47.3	56.1	103.3
5910	4	75	112	38	52	405	1686	5426	684	232799	232799	0	0	232799	232799	0	8	0	8	0	0	1.7	48.1	174	724.2	2330.8	293.8	32.2	16.3	22.3
5920	39	314.2727273	967.0909091	469	397	2056.454545	5152.909091	23278.18182	4523	765666	746853	18813	0	765666	746853	0	17	0	16	1	0	5.1	126.3	268.6	673	3040.3	590.7	41	62.8	53.2
5945	79	475	3067.2	1123	727	4741	12728.2	44329.6	10547.6	3014982	3003220	11762	0	3014982	3003220	0	35	0	34	1	0	2.6	101.7	157.2	422.2	1470.3	349.8	15.8	37.4	24.2
5960	160.09306	791.6180397	5179.551452	2688	2211	11153.95157	21603.25723	52947.90117	10398.95219	1965859	1964203	0	1656	1965859	1964203	0	35	0	34	0	1	8.1	263.5	567.4	1098.9	2693.4	529	40.3	136.8	112.6
5990	8	8	33	0	2	85	580	1796	89	93788	37895	55893	0	93788	37895	0	2	0	1	1	0	8.5	35.2	90.6	618.4	1915	94.9	8.5	0	5.3
6015	5	97	184	69	128	1014	1386	4720	379	164283	164283	0	0	164283	164283	0	8	0	8	0	0	3	112	617.2	843.7	2873.1	230.7	59	42	77.9
6020	2.043743294	45.78942235	42.62739881	6	29	290.9836472	895.7322725	2866.762777	250.459798	149410	146610	1274	1526	149410	146610	0	10	0	7	1	2	1.4	28.5	194.8	599.5	1918.7	167.6	30.6	4.1	19.8
6080	14	200	613	255	272	1981	3994	10272	1181	447295	447295	0	0	447295	447295	0	5	0	5	0	0	3.1	137	442.9	892.9	2296.5	264	44.7	57	60.8
6120	17	0	386	0	0	554	1590	4395	562	351655	113291	0	0	0	0	238364	30	29	1	0	0	15	340.7	489	1403.5	3879.4	496.1			
6160	522.1843909	1659.738884	14735.147	6629	4243	17204.11804	26107.64659	102967.3352	18593.39547	5206871	5016304	148481	42086	5206871	5016304	0	272	0	246	16	10	10	283	330.4	501.4	1977.5	357.1	31.9	132.1	84.6
6200	350.3044332	1273.808472	6705.630356	3548.921419	3753.900337	12269.33559	39137.70506	115861.4896	40877.28559	4012817	3930295	13266	69256	4012817	3930295	0	28	0	25	2	1	8.7	167.1	305.8	975.3	2887.3	1018.7	31.7	90.3	95.5
6240	14	47	209	112	259	623	1849	2420	487	82632	82632	0	0	82632	82632	0	5	0	5	0	0	16.9	252.9	753.9	2237.6	2928.6	589.4	56.9	135.5	313.4
6280	109.5184953	445.1335167	3143.727403	1125.504293	967.8404886	4932.921121	11199.50945	39283.67313	4856.955622	2317537	1950030	154831	212676	2317537	1923555	0	252	0	160	33	59	4.7	135.6	212.9	483.3	1695.1	209.6	19.2	58.5	50.3
6323	2.119136051	73.82466268	45.62604325	5	24	484.4758408	872.8494415	1890.810057	183.8983925	132660	123706	967	7987	132660	123706	0	19	0	15	1	3	1.6	34.4	365.2	658	1425.3	138.6	55.6	4	19.4
6340	1	39	16	2	41	216	309	1934	95	80273	80273	0	0	80273	80273	0	4	0	4	0	0	1.2	19.9	269.1	384.9	2409.3	118.3	48.6	2.5	51.1
6403	5	71	207	34	10	185	1579	6196	414	274962	274962	0	0	274962	274962	0	14	0	14	0	0	1.8	75.3	67.3	574.3	2253.4	150.6	25.8	12.4	3.6
6440	48.51063579	842.8373464	2101.139772	506.0238041	443.0238041	3902.45168	13129.83707	54691.78829	9580.252942	2119706	2096586	0	23120	2119706	2096586	0	55	0	54	0	1	2.3	99.1	184.1	619.4	2580.2	452	39.8	24.1	21.1
6483	26	264	717	82	136	1275	4938	17335	3476	984538	984538	0	0	984538	808049	0	33	0	33	0	0	2.6	72.8	129.5	501.6	1760.7	353.1	26.8	10.1	16.8
6520	3	118.1684361	63.19650884	27.11229076	25	252.364945	2140.923338	8779.373935	629.1054518	458198	458198	0	0	458198	458198	0	14	0	14	0	0	0.7	13.8	55.1	467.2	1916.1	137.3	25.8	5.9	5.5
6560	6	50	178	33	53	440	1791	5580	517	154183	154183	0	0	154183	154183	0	2	0	2	0	0	3.9	115.4	285.4	1161.6	3619.1	335.3	32.4	21.4	34.4
6580	2	15	95	37	82	627	1343	3754	357	160193	160193	0	0	160193	160193	0	2	0	2	0	0	1.2	59.3	391.4	838.4	2343.4	222.9	9.4	23.1	51.2
6600	8	21	265	103	47	239	1399	4945	465	196426	196426	0	0	196426	196426	0	7	0	7	0	0	4.1	134.9	121.7	712.2	2517.5	236.7	10.7	52.4	23.9
6640	58.19322757	348.2627517	2249.670781	1256.060479	846.3850638	3468.867639	12631.11771	32095.56507	3613.652124	1395960	1363953	29121	2886	1395960	1363953	0	41	0	37	1	3	4.2	161.2	248.5	904.8	2299.2	258.9	24.9	92.1	62.1
6660	1	88	40	4	34	185	554	2022	124	94302	94302	0	0	94302	94302	0	3	0	3	0	0	1.1	42.4	196.2	587.5	2144.2	131.5	93.3	4.2	36.1
6680	12.52079881	83.34960994	574.2039749	219	164	842.9771409	1993.819276	6594.464618	1796.176612	396665	378159	0	18506	396665	378159	0	38	0	32	0	6	3.2	144.8	212.5	502.6	1662.5	452.8	21	57.9	43.4
6690	8	94	85	15	33	461	1202	2964	820	181524	181524	0	0	181524	181524	0	3	0	3	0	0	4.4	46.8	254	662.2	1632.8	451.7	51.8	8.3	18.2
6720	30	141	671	224	208	1233	3604	10350	2318	402905	402905	0	0	402905	402905	0	3	0	3	0	0	7.4	166.5	306	894.5	2568.8	575.3	35	55.6	51.6
6740	6	69	89	21	106	487	1490	5211	552	224758	224758	0	0	224758	224758	0	8	0	8	0	0	2.7	39.6	216.7	662.9	2318.5	245.6	30.7	9.3	47.2
6760	108.0290447	263.2938007	1936.791417	1136	425	1973.751126	6456.972644	24288.6317	3052.504471	1075433	1074947	0	486	1075433	1074947	0	15	0	14	0	1	10	180.1	183.5	600.4	2258.5	283.8	24.5	105.7	39.5
6780	271	1054	6601	2326	1821	11375	33166	73633	28579	3945166	3945166	0	0	3945166	3945166	0	50	0	50	0	0	6.9	167.3	288.3	840.7	1866.4	724.4	26.7	59	46.2
6800	12	84	256.0909091	98	103	834	1410.090909	5812.181818	557	239851	239851	0	0	239851	239851	0	5	0	5	0	0	5	106.8	347.7	587.9	2423.2	232.2	35	40.9	42.9
6820	2	0	83	22	16	165	671	2163	189	136092	136092	0	0	136092	136092	0	2	0	2	0	0	1.5	61	121.2	493	1589.4	138.9	0	16.2	11.8
6840	57.29840288	256.8026191	1645.467216	827	530	1924.509431	5849.411713	23666.54603	3298.209681	1101227	1084541	0	16686	1101227	1084541	0	42	0	38	0	4	5.2	149.4	174.8	531.2	2149.1	299.5	23.3	76.3	48.9
6880	19	0	555	209	546	1151	2998	7503	781	395583	153738	0	0	0	153738	241845	20	19	1	0	0	12.4	361	748.7	1950.1	4880.4	508		135.9	355.1
6895	18	35	282.8408396	139.5870865	177.348346	484.7762721	2491.711705	4834.472964	582.174173	148410	147064	1346	0	148410	147064	0	14	0	13	1	0	12.1	190.6	326.6	1678.9	3257.5	392.3	23.6	94.9	120.6
6920	109	613	4267	1565	1755	7485	17902	40689	17971	1874078	1760728	113350	0	1874078	1760728	0	14	0	13	1	0	5.8	227.7	399.4	955.2	2171.1	958.9	32.7	88.9	99.7
6960	30	267	409.5	168	825	1961	3280.2	7237.6	890	400449	396077	4372	0	400449	396077	0	25	0	23	2	0	7.5	102.3	489.7	819.1	1807.4	222.3	66.7	42.4	208.3
6980	2.013482757	0	65.64222868	20	21	241.463778	712.2411684	4494.825991	235.377909	188535	181799	5473	1263	188535	181799	0	19	0	17	1	1	1.1	34.8	128.1	377.8	2384.1	124.8	0	11	11.6
7000	2	11.03326403	68	19	17.01663202	184.0665281	925.049896	3143.232848	359.016632	102548	102548	0	0	102548	102548	0	6	0	6	0	0	2	66.3	179.5	902.1	3065.1	350.1	10.8	18.5	16.6
7040	172.6818182	636.6465518	4172.451747	2110	2812.782915	8765.645635	16344.11261	61134.39234	12806.52177	2700612	2063585	19759	0	2083344	2063585	617268	185	70	105	10	0	8.3	200.3	420.7	784.5	2934.4	614.7	30.6	102.2	136.3
7080	14	131	210	48	118	734	2201	11580	1522	381718	381718	0	0	381718	381718	0	17	0	17	0	0	3.7	55	192.3	576.6	3033.7	398.7	34.3	12.6	30.9
7120	15	116	599	190	182	1284	2712	8204	2202	415815	415815	0	0	415815	415815	0	13	0	13	0	0	3.6	144.1	308.8	652.2	1973	529.6	27.9	45.7	43.8
7160	35.00716616	585.9572275	1108.925828	322.8877092	532	2684.02817	9969.079859	47115.23486	6789.85251	1473615	1473238	0	377	1473615	1473238	0	33	0	32	0	1	2.4	75.3	182.1	676.5	3197.3	460.8	39.8	21.9	36.1
7200	4	56	62	19	51	302	1061	3619	234	106547	106547	0	0	106547	106547	0	2	0	2	0	0	3.8	58.2	283.4	995.8	3396.6	219.6	52.6	17.8	47.9
7240	132	666.3629403	2540.678427	1144.01176	1521.725881	6012.094701	18757.59613	70588.27336	7569.356854	1804682	1804682	0	0	1804682	1804682	0	38	0	38	0	0	7.3	140.8	333.1	1039.4	3911.4	419.4	36.9	63.4	84.3
7320	126	777	4313	1058	1232	8362	17855	51454	24045	2959880	2959880	0	0	2959880	2959880	0	19	0	19	0	0	4.3	145.7	282.5	603.2	1738.4	812.4	26.3	35.7	41.6
7360	110	356	4819	1089	475	4153	10926	40639	10260	1701180	1701180	0	0	1701180	1701180	0	32	0	32	0	0	6.5	283.3	244.1	642.3	2388.9	603.1	20.9	64	27.9
7400	38	330	1523	378	290	3548	8706	28091	10023	1714353	1714353	0	0	1714353	1714353	0	16	0	16	0	0	2.2	88.8	207	507.8	1638.6	584.7	19.2	22	16.9
7460	6	79	95	18	32	556	1486	4737	488	257779	257779	0	0	257779	257779	0	8	0	8	0	0	2.3	36.9	215.7	576.5	1837.6	189.3	30.6	7	12.4
7480	13	131	299	47	74	1309	1927	6268	897	404371	404371	0	0	404371	404371	0	9	0	9	0	0	3.2	73.9	323.7	476.5	1550.1	221.8	32.4	11.6	18.3
7485	16	96	227	31	42	744	1961	7118	857	251914	251914	0	0	251914	251914	0	5	0	5	0	0	6.4	90.1	295.3	778.4	2825.6	340.2	38.1	12.3	16.7
7490	9.149843572	76.82990787	119.1749074	30	32	479.4995437	3056.917619	2407.784996	231.023537	161848	90669	68388	2791	161848	90669	0	4	0	2	1	1	5.7	73.6	296.3	1888.8	1487.7	142.7	47.5	33.1	35.3
7500	11	173	300	59	141	1679	2209	6903	971	470678	470678	0	0	470678	470678	0	10	0	10	0	0	2.3	63.7	356.7	469.3	1466.6	206.3	36.8	12.5	30
7510	30	188	997	309	598	3409	6838	19358	2001	684386	684386	0	0	684386	684386	0	11	0	11	0	0	4.4	145.7	498.1	999.1	2828.5	292.4	27.5	45.1	87.4
7520	32.58032495	90.99734993	841.357042	447	162	766.575334	2744.515141	9165.679538	1530.053158	323964	253267	65568	5129	323964	253267	0	13	0	2	9	2	10.1	259.7	236.6	847.2	2829.2	472.3	28.1	176.5	64
7560	25.16389346	181.0618478	444.0425691	94	119	1204.725011	2860.924539	11000.1335	1041.827507	616030	482233	56444	77353	616030	482233	0	93	0	57	9	27	4.1	72.1	195.6	464.4	1785.6	169.1	29.4	19.5	24.7
7600	81.2	938.6460149	3521.315992	809.3839744	735.3771375	4824.890751	23963.43824	76733.52916	25982.18109	2572230	2245458	326772	0	2572230	2245458	0	59	0	58	1	0	3.2	136.9	187.6	931.6	2983.2	1010.1	36.5	36	32.7
7610	3.084651616	24.12459165	53.77520028	13	21	197.8390003	561.67872	2145.514399	149.0813848	119704	105092	11604	3008	119704	105092	0	16	0	13	1	2	2.6	44.9	165.3	469.2	1792.3	124.5	20.2	12.4	20
7620	1	46	13	2	1	74	454	2775	105	115030	115030	0	0	115030	115030	0	6	0	6	0	0	0.9	11.3	64.3	394.7	2412.4	91.3	40	1.7	0.9
7640	1	26	53	14	48	221	1006	2726	222	120145	120145	0	0	120145	120145	0	9	0	9	0	0	0.8	44.1	183.9	837.3	2268.9	184.8	21.6	11.7	40
7680	42.61223736	209.3116475	722.6325098	406	994	3249.72478	4103.072979	12571.87989	1772.307654	377444	367302	3664	6478	377444	367302	0	13	0	9	1	3	11.3	191.5	861	1087.1	3330.8	469.6	55.5	110.5	270.6
7720	1	56.09090909	58.36363636	13	24	347.2727273	810.6837029	2864.549224	221.640133	123609	103487	20122	0	123609	103487	0	6	0	4	2	0	0.8	47.2	280.9	655.8	2317.4	179.3	45.4	12.6	23.2
7760	7.06372091	132.80372	37.06201516	4	46	331.7756567	979.2632493	3054.308652	251.7773625	194961	190142	0	4819	194961	190142	0	11	0	7	0	4	3.6	19	170.2	502.3	1566.6	129.1	68.1	2.1	24.2
7800	16.17645667	94.90264372	521.2332291	237	121	472.8267686	2725.608545	9264.329426	917.8055613	267923	265078	0	2845	267923	265078	0	6	0	4	0	2	6	194.5	176.5	1017.3	3457.8	342.6	35.4	89.4	45.6
7840	17	129	468	103	117	1185	3547	11590	3290	448278	448278	0	0	448278	448278	0	7	0	7	0	0	3.8	104.4	264.3	791.3	2585.4	733.9	28.8	23	26.1
7880	6	0	356	0	0	1329	1953	5373	421	206631	116290	0	0	0	0	90341	18	17	1	0	0	5.2	306.1	1142.8	1679.4	4620.3	362			
7920	7	100	269	82	64	1403	2798	12982	1097	355374	355374	0	0	355374	355374	0	24	0	24	0	0	2	75.7	394.8	787.3	3653.1	308.7	28.1	23.1	18
8003	22.15505437	269.3747801	952.3222386	288	402	3141.45059	4857.577932	12129.42501	2775.76952	618625	603949	4281	10395	618625	603949	0	39	0	30	2	7	3.6	153.9	507.8	785.2	1960.7	448.7	43.5	47.7	66.6
8050	3.08287866	25.61151011	26.71707607	5	1	84.22717948	463.4341191	2312.862169	82.97495956	140685	137740	0	2945	140685	137740	0	7	0	6	0	1	2.2	19	59.9	329.4	1644	59	18.2	3.6	0.7
8080	5.278373676	24.18017295	49.8059956	6	8	159.6641789	513.7907638	1640.131193	132.4091127	126600	98276	23535	4789	126600	98276	0	20	0	10	6	4	4.2	39.3	126.1	405.8	1295.5	104.6	19.1	6.1	8.1
8120	57	165	1916	680	859	3941	7234	22705	6263	670097	670097	0	0	670097	670097	0	7	0	7	0	0	8.5	285.9	588.1	1079.5	3388.3	934.6	24.6	101.5	128.2
8140	10	40	142	68	195	1145	1408	2921	322	107158	107158	0	0	107158	107158	0	2	0	2	0	0	9.3	132.5	1068.5	1313.9	2725.9	300.5	37.3	63.5	182
8160	18.0794203	159.7336923	713.5408615	227	194	1397.96388	4131.461057	12659.58471	1055.84653	735179	728534	2204	4441	735179	728534	0	33	0	31	1	1	2.5	97.1	190.2	562	1722	143.6	21.7	31.2	26.6
8200	35.01034434	352.9655591	1176.711358	72.61602558	137.6228625	2645.483135	8430.555163	23329.62291	7103.327808	766739	766327	0	412	766739	211036	0	22	0	21	0	1	4.6	153.5	345	1099.5	3042.7	926.4	46	34.4	65.2
8240	11.09710607	220.6449109	567.7058631	274	294	1752.297291	3631.007546	7472.157742	893.2544565	297112	295384	0	1728	297112	295384	0	8	0	7	0	1	3.7	191.1	589.8	1222.1	2514.9	300.6	74.3	92.8	99.5
8280	133	1025	4511	1660	2086	13426	26017	74405	13330	2692311	2692311	0	0	2692311	2692311	0	34	0	34	0	0	4.9	167.6	498.7	966.3	2763.6	495.1	38.1	61.7	77.5
8320	2.869504341	41.230123	105.5360166	27	4	169.9331258	1387.222681	5323.562803	662.7867329	147266	70476	2270	74520	147266	70476	0	7	0	3	1	3	1.9	71.7	115.4	942	3614.9	450.1	28	38.3	5.7
8360	14	67	167	63	163	931	1247	3639	344	136867	136867	0	0	136867	136867	0	9	0	9	0	0	10.2	122	680.2	911.1	2658.8	251.3	49	46	119.1
8400	38.37019986	230.4798117	1329.598062	384	424	2154.903442	8512.657854	20695.29059	3035.068949	615862	550906	40413	24543	615862	550906	0	27	0	18	6	3	6.2	215.9	349.9	1382.2	3360.4	492.8	37.4	69.7	77
8440	11.03094101	78.69488349	318.5582274	3	12	376.0313556	1789.182329	8020.874509	702.0432368	173583	171218	1003	1362	173583	48411	0	5	0	3	1	1	6.4	183.5	216.6	1030.7	4620.8	404.4	45.3	6.2	24.8
8480	21	67	867	260	202	828	1869	5480	825	366535	366535	0	0	366535	366535	0	13	0	13	0	0	5.7	236.5	225.9	509.9	1495.1	225.1	18.3	70.9	55.1
8520	72	400	1975	765	1243	3235	8365	12731	9592	960135	960135	0	0	960135	960135	0	6	0	6	0	0	7.5	205.7	336.9	871.2	1326	999	41.7	79.7	129.5
8560	66	387.9608482	1093.006321	497.0007705	840.0038526	4417.957137	8653.866918	20413.02714	4021.978918	838462	838462	0	0	838462	838462	0	40	0	40	0	0	7.9	130.4	526.9	1032.1	2434.6	479.7	46.3	59.3	100.2
8600	21.64003416	89.51973852	287.1916215	123	215.4538043	586.8960347	2185.889499	5996.039069	576.5233324	170436	148517	0	21919	170436	148517	0	6	0	4	0	2	12.7	168.5	344.3	1282.5	3518.1	338.3	52.5	82.8	145.1
8640	6.057697901	75.78148937	137.4590621	44	154	692.4982552	1659.774598	4902.048051	398.9553749	195995	193927	0	2068	195995	193927	0	8	0	7	0	1	3.1	70.1	353.3	846.8	2501.1	203.6	38.7	22.7	79.4
8680	7.081852451	58.35616073	173.4426854	33	70.95287958	650.5321994	1637.866257	4947.332233	280.9007075	298683	289067	5039	4577	298683	289067	0	23	0	20	1	2	2.4	58.1	217.8	548.4	1656.4	94	19.5	11.4	24.5
8720	16	165	933	304	168	1880	3592	11498	3272	549260	549260	0	0	549260	549260	0	14	0	14	0	0	2.9	169.9	342.3	654	2093.4	595.7	30	55.3	30.6
8735	29	128	802	242	223	1264.714286	3516	11355.42857	1764.285714	803276	803276	0	0	803276	803276	0	11	0	11	0	0	3.6	99.8	157.4	437.7	1413.6	219.6	15.9	30.1	27.8
8750	7	45	90	30	66	250	819	2440	213	88075	88075	0	0	88075	88075	0	2	0	2	0	0	7.9	102.2	283.8	929.9	2770.4	241.8	51.1	34.1	74.9
8760	15	50	434	60	83	744	1533	4329	336	153369	153369	0	0	153369	153369	0	4	0	4	0	0	9.8	283	485.1	999.6	2822.6	219.1	32.6	39.1	54.1
8780	49	130	466	180	454	1797	4611	10858	3857	414574	414574	0	0	414574	414574	0	9	0	9	0	0	11.8	112.4	433.5	1112.2	2619.1	930.4	31.4	43.4	109.5
8800	10	122	291.9987318	105	189	858.9961953	2959.993659	7221.980977	635.9987318	231035	231035	0	0	231035	231035	0	14	0	14	0	0	4.3	126.4	371.8	1281.2	3125.9	275.3	52.8	45.4	81.8
8840	397.9447225	1028.683869	11169.59145	5087	2474	13040.6422	22542.88816	105724.3167	27961.11122	5432928	5414897	1882	16149	5432928	5414897	0	70	0	66	2	2	7.3	205.6	240	414.9	1946	514.7	18.9	93.9	45.7
8920	1	62	91	30	33	317	1189	3064	175	126559	126559	0	0	126559	126559	0	4	0	4	0	0	0.8	71.9	250.5	939.5	2421	138.3	49	23.7	26.1
8940	4	18.08316989	25.0277233	6.027723297	7	158.2288362	480.1465407	1897.245347	104.3120061	129414	129414	0	0	129414	129414	0	10	0	10	0	0	3.1	19.3	122.3	371	1466	80.6	14	4.7	5.4
8960	92	460	2909	1115	1016	5840	12868	35571	6058	1289942	1289942	0	0	1289942	1289942	0	33	0	33	0	0	7.1	225.5	452.7	997.6	2757.6	469.6	35.7	86.4	78.8
9000	2.511085888	40.64494767	58.52745364	9	12	165.8194429	658.4373526	1853.003645	207.790015	148832	115288	16282	17262	148832	115288	0	25	0	16	5	4	1.7	39.3	111.4	442.4	1245	139.6	27.3	7.8	10.4
9040	29.00674705	323.777145	545.9345367	181.8128088	982	2952.395611	4798.017833	18152.76081	2258.909235	566229	551806	14126	297	566229	551806	0	35	0	21	13	1	5.1	96.4	521.4	847.4	3205.9	398.9	57.2	32.9	178
9080	9	37	170	61	43	301	1527	4956	459	138815	138815	0	0	138815	138815	0	7	0	7	0	0	6.5	122.5	216.8	1100	3570.2	330.7	26.7	43.9	31
9140	1.209771658	19.54777466	85.87710867	34	12	95.23035514	660.9405514	2086.328899	146.591969	118500	111046	0	7454	118500	111046	0	10	0	8	0	2	1	72.5	80.4	557.8	1760.6	123.7	16.5	30.6	10.8
9160	36	234	1586	681	585	2674	4669	15116	2577	627242	627242	0	0	627242	627242	0	14	0	14	0	0	5.7	252.9	426.3	744.4	2409.9	410.8	37.3	108.6	93.3
9200	15.33041513	129.8172832	503.9798413	221	150	753.0401721	4281.660896	8561.770788	1099.583677	274077	269142	0	4935	274077	269142	0	18	0	14	0	4	5.6	183.9	274.8	1562.2	3123.9	401.2	47.4	82.1	55.7
9260	10	126	233	67	85	387	3518	9280	2176	235565	235565	0	0	235565	235565	0	13	0	13	0	0	4.2	98.9	164.3	1493.4	3939.5	923.7	53.5	28.4	36.1
9270	4	56	175	40	16	586	1677	3727	855	186597	186597	0	0	186597	186597	0	5	0	5	0	0	2.1	93.8	314	898.7	1997.4	458.2	30	21.4	8.6
9280	10.06351685	99.46865138	514.0823228	155	116	702.0060252	1533.762923	7324.279089	640.8127279	409163	406906	0	2257	409163	406906	0	21	0	20	0	1	2.5	125.6	171.6	374.9	1790.1	156.6	24.3	38.1	28.5
9320	43.78756064	160.5931245	852.1479463	264.0155066	356.0051689	1352.512959	5573.062441	12784.88759	1879.192604	585210	367367	137907	79936	585210	361093	0	50	0	27	10	13	7.5	145.6	231.1	952.3	2184.7	321.1	27.4	73.1	98.6
9340	7	62	134	41	73	545	1637	2840	776	157434	157434	0	0	157434	157434	0	5	0	5	0	0	4.4	85.1	346.2	1039.8	1803.9	492.9	39.4	26	46.4
9360	6.749013395	46.60068055	133.9165347	54	110	697.7907929	1425.965167	4435.533966	1118.640782	188206	165733	0	22473	188206	165733	0	5	0	4	0	1	3.6	71.2	370.8	757.7	2356.7	594.4	24.8	32.6	66.4
