msa01	mmurd01	mrape01	mrobt01	mrobg01	massg01	massa01	mburg01	mlarc01	mmoto01	mpop01	mpopcm01	mpopg301	mpopl301	mpoprp01	mpopgn01	mpopna01	mct01	mctna01	mctcm01	mctg301	mctl301	mrmurd01	mrrobt01	mrassa01	mrburg01	mrlarc01	mrmoto01	mrrape01	mrrobg01	mrassg01
0	16671.52726	72033.39484	399564.4767	145274.7414	126845.4283	765033.2946	1717465.987	5881576.748	1118291.691	228558756	206670003	5761172	8395444	217160021	198994326	7732137	7431	583	5582	507	759	7.5	180.9	346.4	777.7	2663.4	506.4	33.2	73	63.7
40	2.905314564	65.87538061	85.83384081	17.19517379	63.92272332	252.253203	1127.680494	3497.111116	220.8213156	129427	129427	0	0	129427	129427	0	4	0	4	0	0	2.2	66.3	194.9	871.3	2702	170.6	50.9	13.3	49.4
80	17.83984289	262.3156764	798.8499353	210.9952356	74	642.2483469	5344.602073	19278.684	2399.235112	696209	579817	87628	28764	696209	579817	0	31	0	24	3	4	2.6	114.7	92.2	767.7	2769.1	344.6	37.7	36.4	12.8
120	7	42.33333333	228.6666667	89	94	331	1602.333333	3727.333333	384	123736	103356	20380	0	123736	103356	0	5	0	3	2	0	5.7	184.8	267.5	1295	3012.3	310.3	34.2	86.1	90.9
160	17.2727957	214.3954341	982.4400711	201	185	1937.97282	5264.332034	18684.18484	1466.312146	877194	698981	167340	10873	877194	698981	0	42	0	31	10	1	2	112	220.9	600.1	2130	167.2	24.4	28.8	26.5
200	43.64329639	322.1657537	1915.158387	938	1029	5065.232199	8989.05038	29004.24119	5103.075991	716696	635923	38479	42294	716696	635923	0	15	0	8	4	3	6.1	267.2	706.7	1254.2	4046.9	712	45	147.5	161.8
220	9.188783957	46.3050717	202.4460068	87	125	736.8606506	2131.414877	4377.438918	325.8291011	126237	122893	0	3344	126237	122893	0	9	0	6	0	3	7.3	160.4	583.7	1688.4	3467.6	258.1	36.7	70.8	101.7
240	28.39992735	152.4641632	590.9831125	162	159	1168.12772	3028.165625	12964.53856	1310.292734	638275	506818	18984	112473	638275	506818	0	52	0	29	4	19	4.4	92.6	183	474.4	2031.2	205.3	23.9	32	31.4
280	4.60023569	48.48411368	105.0247247	20	13	191.404244	756.4298536	2641.582798	195.2051678	129208	93467	12461	23280	129208	93467	0	14	0	3	4	7	3.6	81.3	148.1	585.4	2044.4	151.1	37.5	21.4	13.9
320	21	101	281	85	341	1070	2800	9436	1005	222802	222802	0	0	222802	222802	0	5	0	5	0	0	9.4	126.1	480.2	1256.7	4235.2	451.1	45.3	38.2	153.1
380	11	214	392	152	246	1229	1686	9438	1276	273717	273717	0	0	273717	273717	0	3	0	3	0	0	4	143.2	449	616	3448.1	466.2	78.2	55.5	89.9
440	21.09987531	199.7136468	353.2259622	132	159.28375	996.8477513	3075.557439	11625.14889	1263.095749	581786	570057	8243	3486	581786	570057	0	26	0	24	1	1	3.6	60.7	171.3	528.6	1998.2	217.1	34.3	23.2	27.9
450	9.847628354	57.64287922	205.2093043	101.2426787	167.1080415	573.5268898	1467.387422	3927.114107	351.1237386	112685	112676	0	9	112685	112676	0	9	0	8	0	1	8.7	182.1	509	1302.2	3485	311.6	51.2	89.9	148.3
460	1.042502282	63.55924055	32.21578896	9	8	318.9670353	947.8206109	6997.557436	288.3588073	360919	357961	0	2958	360919	357961	0	24	0	23	0	1	0.3	8.9	88.4	262.6	1938.8	79.9	17.6	2.5	2.2
480	1.140892253	55.64364447	265.7535304	92	65	434.3733944	1953.27807	4947.53853	750.7331722	229810	209529	18130	2151	229810	209529	0	11	0	6	2	3	0.5	115.6	189	850	2152.9	326.7	24.2	43.9	31
500	9.230591282	34.19475971	196.9250502	61	57	314.5534041	1329.047275	6386.162157	539.3306253	157146	132340	0	24806	157146	132340	0	8	0	6	0	2	5.9	125.3	200.2	845.7	4063.8	343.2	21.8	46.1	43.1
520	331.8855879	1148.991644	9895.832428	4104.005971	2696.017914	12671.59502	36529.7439	119062.4113	24403.5961	4211379	4005733	160962	44684	4211379	3165204	0	109	0	74	27	8	7.9	235	300.9	867.4	2827.2	579.5	27.3	129.7	85.2
560	18	106	516	107	75	1090	2717	13639	656	357833	357833	0	0	357833	357833	0	33	0	33	0	0	5	144.2	304.6	759.3	3811.6	183.3	29.6	29.9	21
580	5.270659987	24.12363822	82.46727527	34.47129515	44.24197357	263.5586519	1230.25172	3502.984995	278.5601806	115539	91950	0	23589	115539	91950	0	5	0	4	0	1	4.6	71.4	228.1	1064.8	3031.9	241.1	20.9	37.5	48.1
600	32.02086373	239.4871662	573.8581511	248	235	877.2843387	4064.850905	13700.46779	1733.0578	487051	476174	10637	240	487051	476174	0	20	0	16	3	1	6.6	117.8	180.1	834.6	2812.9	355.8	49.2	52.1	49.4
640	41	470	1380	464	477	2820	11287	41907	4230	1278125	1272690	5435	0	1278125	1272690	0	36	0	35	1	0	3.2	108	220.6	883.1	3278.8	331	36.8	36.5	37.5
680	39	191	741	183	201	2304	5926	15221	2773	673941	673941	0	0	673941	673941	0	10	0	10	0	0	5.8	110	341.9	879.3	2258.5	411.5	28.3	27.2	29.8
720	308	763	8674	3384	1915	17227	24134	78552	14355	2590914	2590914	0	0	2590914	2590914	0	17	0	17	0	0	11.9	334.8	664.9	931.5	3031.8	554.1	29.4	130.6	73.9
733	5.004771121	37.16971558	28.16767082	5	4	69.41781387	777.047383	3575.032548	204.7436133	146254	145687	0	567	146254	145687	0	14	0	13	0	1	3.4	19.3	47.5	531.3	2444.4	140	25.4	3.4	2.7
743	3.046881807	50.8373812	54.81757159	11	35	745.6035578	1412.623903	3649.162091	326.4762807	223287	219840	0	3447	223287	219840	0	15	0	14	0	1	1.4	24.6	333.9	632.6	1634.3	146.2	22.8	5	15.9
760	63.85586578	157.811499	1404.828602	827	581	2595.819842	7924.457973	26582.47914	2893.936365	602415	503805	95366	3244	602415	503805	0	15	0	11	2	2	10.6	233.2	430.9	1315.4	4412.7	480.4	26.2	164.2	115.3
840	19	307	581	205	182	1227	4080	11855	1326	393829	393829	0	0	393829	393829	0	17	0	17	0	0	4.8	147.5	311.6	1036	3010.2	336.7	78	52.1	46.2
860	1	87	77	21	38	220	1461	6420	460	169470	169470	0	0	169470	169470	0	8	0	8	0	0	0.6	45.4	129.8	862.1	3788.3	271.4	51.3	12.4	22.4
870	9.999184871	131.1777425	85.99551679	34.99836974	122.9955168	591.2572398	1392.768459	4485.863896	461.2539793	163309	144612	18697	0	163309	144612	0	21	0	18	3	0	6.1	52.7	362	852.8	2746.9	282.4	80.3	24.2	85.1
875	39	90	1697	417	254	2058	6297	20907	5197	1384605	1384605	0	0	1384605	1384605	0	86	0	86	0	0	2.8	122.6	148.6	454.8	1510	375.3	6.5	30.1	18.3
880	9	17.88722391	42.33083586	12	29	221.5039411	628.2708965	4954.624989	309.631702	129674	96341	0	33333	129674	96341	0	3	0	2	0	1	6.9	32.6	170.8	484.5	3820.8	238.8	13.8	12.5	30.1
920	39.53806627	160.5177485	487.2487154	141	68	682.2981661	4871.565501	14456.49649	1484.46561	365699	337483	0	28216	365699	249074	0	12	0	11	0	1	10.8	133.2	186.6	1332.1	3953.1	405.9	43.9	56.6	27.3
960	3	65.18181818	98.90909091	30	17	305.7912616	899.8821707	4769.363636	180.4545455	252784	223321	29463	0	252784	223321	0	10	0	7	3	0	1.2	39.1	121	356	1886.7	71.4	25.8	13.4	7.6
1000	115.1027275	371.7536087	1757.340772	322	243.0014953	3099.596744	8882.152736	28211.19987	3716.399143	924680	763336	0	161344	924680	519574	0	57	0	41	0	16	12.4	190	335.2	960.6	3050.9	401.9	40.2	62	46.8
1010	0	20	11	5	2	37	357	1855	157	93576	93576	0	0	93576	93576	0	4	0	4	0	0	0	11.8	39.5	381.5	1982.3	167.8	21.4	5.3	2.1
1020	2	42	41	15	10	130	708	3008	176	121242	121242	0	0	121242	121242	0	2	0	2	0	0	1.6	33.8	107.2	584	2481	145.2	34.6	12.4	8.2
1040	0	0	0	0	0	0	0	0	0	151196	0	0	0	0	0	151196	10	10	0	0	0									
1080	9	178	127	40	302	1038	3115	12356	1200	441385	441385	0	0	441385	441385	0	9	0	9	0	0	2	28.8	235.2	705.7	2799.4	271.9	40.3	9.1	68.4
1123	143.4550792	1797.700758	5904.140191	1340	1193	18560.38503	26844.46956	98848.36063	25708.5347	6097568	5400541	209979	487048	6097568	4960358	0	297	0	241	13	43	2.4	96.8	304.4	440.2	1621.1	421.6	29.5	27	24.1
1125	0.02864407	82.54822892	72.39145383	18.80668057	46.12267223	349.013908	1279.582059	5777.367595	426.053178	299174	224749	72993	1432	299174	224749	0	8	0	6	1	1	0	24.2	116.7	427.7	1931.1	142.4	27.6	8.4	20.5
1145	6.976277206	96.76924202	96.36973304	33.32862264	39.48355588	433.4420729	1572.19699	4712.725075	448.725302	247254	246432	0	822	247254	246432	0	17	0	16	0	1	2.8	39	175.3	635.9	1906	181.5	39.1	13.5	16
1150	6	198	114	29	69	635	1935	5599	674	235663	235663	0	0	235663	235663	0	5	0	5	0	0	2.5	48.4	269.5	821.1	2375.9	286	84	12.3	29.3
1240	14	96	277	36	141	1178.5	3421.5	16718.5	925.5	342834	337859	4975	0	342834	337859	0	11	0	10	1	0	4.1	80.8	343.8	998	4876.6	270	28	10.7	41.7
1260	5	106	89	25	54	426	1231	5401	287	155874	155874	0	0	155874	155874	0	3	0	3	0	0	3.2	57.1	273.3	789.7	3465	184.1	68	16	34.6
1280	73.69953813	353.1131264	2034.105816	585.3013699	401	2836.105117	7362.621144	25618.19102	4006.837542	1172265	916506	239472	16287	1172265	860811	0	29	0	22	6	1	6.3	173.5	241.9	628.1	2185.4	341.8	30.1	68	46.6
1303	5	30	33	9	10	190	1018	4567	309	200281	200281	0	0	200281	181717	0	16	0	16	0	0	2.5	16.5	94.9	508.3	2280.3	154.3	15	5	5.5
1320	9.338473667	142.7738288	509.5404136	139.9900408	60.99502039	931.6432383	3163.235437	10238.16336	1013.283937	407665	324767	2807	80091	407665	324767	0	23	0	16	1	6	2.3	125	228.5	775.9	2511.4	248.6	35	43.1	18.8
1350	3	20	28	5	6	147	594	2007	166	66619	66619	0	0	66619	66619	0	4	0	4	0	0	4.5	42	220.7	891.6	3012.7	249.2	30	7.5	9
1360	3.195187843	63.04042601	106.11242	28	39	306.0242815	1709.087262	6296.540968	441.017151	191495	179965	1804	9726	191495	179965	0	9	0	4	1	4	1.7	55.4	159.8	892.5	3288.1	230.3	32.9	15.6	21.7
1400	0	0	0	0	0	0	0	0	0	180581	0	0	0	0	0	180581	12	12	0	0	0									
1440	44.00851936	292.0504413	1076.339048	530	631	3366.666105	5722.352251	19327.57637	3450.509965	556012	547366	8548	98	556012	547366	0	23	0	16	6	1	7.9	193.6	605.5	1029.2	3476.1	620.6	52.5	96.8	115.3
1480	9.020229904	60.3464371	222.4554896	56	208	788.8239699	1882.44593	6156.567798	738.7174416	250765	222051	27459	1255	250765	222051	0	23	0	17	5	1	3.6	88.7	314.6	750.7	2455.1	294.6	24.1	25.2	93.7
1520	113.5671621	516.0265748	4059.148592	2341.339014	1943.8521	7294.910587	18685.72203	51361.02803	6301.760061	1524096	1503977	15177	4942	1524096	1503977	0	43	0	37	4	2	7.5	266.3	478.6	1226	3369.9	413.5	33.9	155.7	129.2
1540	6	54	100	22	71	533.3333333	703	3452.333333	226	162038	162038	0	0	162038	162038	0	4	0	4	0	0	3.7	61.7	329.1	433.8	2130.6	139.5	33.3	13.6	43.8
1560	36.27272727	152	876.1090909	490	696	2830.111624	5404.987306	17807.10315	2939.080748	471279	397389	73890	0	471279	397389	0	27	0	22	5	0	7.7	185.9	600.5	1146.9	3778.5	623.6	32.3	123.3	175.1
1580	1	43	21	5	19	75	404	2451	101	81713	81713	0	0	81713	81713	0	3	0	3	0	0	1.2	25.7	91.8	494.4	2999.5	123.6	52.6	6.1	23.3
1600	679	0	18923	0	0	26681	28171	106351	28511	8314740	3290193	0	0	0	0	5024547	305	296	9	0	0	20.6	575.1	810.9	856.2	3232.4	866.5			
1620	11	81	132	20	34	405	1779	4158.636364	994	206947	206947	0	0	206947	206947	0	6	0	6	0	0	5.3	63.8	195.7	859.6	2009.5	480.3	39.1	9.7	16.4
1640	79.25990092	572.9734731	2799.000826	605.6031903	280.1550109	2589.288577	11332.1888	39084.27151	5110.965159	1651069	1231745	26118	123576	1381439	1231745	269630	101	33	44	5	19	5.7	202.6	187.4	820.3	2829.2	370	41.5	49.2	22.7
1660	13	87	136	59	112	569	1293	5497	311	208660	166236	0	0	166236	166236	42424	7	4	3	0	0	7.8	81.8	342.3	777.8	3306.7	187.1	52.3	35.5	67.4
1680	107.709114	1026.545871	4478.54739	1567.548187	574	4066.42577	17128.25805	48727.08737	8946.482237	2254915	1499771	29044	726100	2254915	1449723	0	101	0	52	4	45	4.8	198.6	180.3	759.6	2160.9	396.8	45.5	108.1	39.6
1720	19.05888837	271.1061759	459.5063025	208	300.8224181	1457.92281	3739.324868	14728.83438	1588.041122	530924	512372	15608	2944	530924	512372	0	8	0	5	1	2	3.6	86.5	274.6	704.3	2774.2	299.1	51.1	40.6	58.7
1740	4	23	167	73	50	366	662	3905	256	136289	136289	0	0	136289	136289	0	3	0	3	0	0	2.9	122.5	268.5	485.7	2865.2	187.8	16.9	53.6	36.7
1760	54	255.725613	1163.144323	598.8170754	653.3597637	2853.845594	5513.175511	20430.05315	3001.983067	543513	539102	4411	0	543513	539102	0	17	0	13	4	0	9.9	214	525.1	1014.4	3758.9	552.3	47.1	111.1	121.2
1800	12.8973032	28.2067178	489.88707	346.5287048	307.7580264	706.2505935	2405.587969	9776.237399	1049.192735	280241	263006	16713	522	280241	263006	0	13	0	7	5	1	4.6	174.8	252	858.4	3488.5	374.4	10.1	131.8	117
1840	95.74068887	816.2781417	4000.388464	1946.997901	920	2845.722258	21138.49467	58448.93708	9319.239647	1542925	1362360	125810	54755	1542925	1362360	0	50	0	37	6	7	6.2	259.3	184.4	1370	3788.2	604	52.9	142.9	67.5
1880	20	267.5737114	638.4422684	118.4671393	256.6802836	1885.204253	4996.234411	17571.88802	1686.991109	389425	389425	0	0	389425	389425	0	15	0	15	0	0	5.1	163.9	484.1	1283	4512.3	433.2	68.7	30.4	65.9
1890	1.124942726	10.74965635	31.24805267	6.749198158	2.624713628	104.6224226	473.8516893	2373.71698	144.3624569	79329	79329	0	0	79329	79329	0	4	0	4	0	0	1.4	39.4	131.9	597.3	2992.2	182	13.6	8.5	3.3
1900	3	27	32	11	43	318.2727273	523.4545455	2063.454545	153.0909091	103025	102015	1010	0	103025	102015	0	11	0	10	1	0	2.9	31.1	308.9	508.1	2002.9	148.6	26.2	10.8	42.2
1920	311.8658499	1314.667881	10209.53138	5204.438789	4247.417189	13276.47253	39141.75059	117081.2676	28132.09876	3599038	3594979	0	4059	3599038	3594979	0	110	0	108	0	2	8.7	283.7	368.9	1087.6	3253.1	781.7	36.5	144.8	118.1
1950	6	23	89.09090909	47	47	267.1818182	498.0909091	1854.298701	215.3636364	111856	107925	3931	0	111856	107925	0	5	0	2	3	0	5.4	79.6	238.9	445.3	1657.8	192.5	20.6	43.5	43.5
1960	6	70	212	50	99	1401	1723	6770	518	359908	158497	0	0	158497	158497	201411	29	24	5	0	0	3.8	133.8	883.9	1087.1	4271.4	326.8	44.2	31.5	62.5
2000	49.14345842	452.914336	1643.486056	420.0246734	202.0123367	1350.664056	9479.99162	28718.36185	5370.788406	952267	750578	61501	140188	952267	750578	0	45	0	32	4	9	5.2	172.6	141.8	995.5	3015.8	564	47.6	56	26.9
2020	21	214	638	180	270	2519	5210	12535	1693	505954	505954	0	0	505954	505954	0	18	0	18	0	0	4.2	126.1	497.9	1029.7	2477.5	334.6	42.3	35.6	53.4
2030	6.245912462	22.3123857	84.9496707	6	1	224.9544424	899.1921318	2725.948379	226.352278	146433	88351	0	58082	146433	88351	0	12	0	7	0	5	4.3	58	153.6	614.1	1861.6	154.6	15.2	6.8	1.1
2040	0	0	0	0	0	0	0	0	0	115288	0	0	0	0	0	115288	7	7	0	0	0									
2080	97.01422624	957.2936186	2489.237575	881.1903592	837.8688171	4990.132902	15299.9941	61238.77709	16233.1185	2166390	2007025	28787	130578	2166390	1871533	0	39	0	29	6	4	4.5	114.9	230.3	706.2	2826.8	749.3	44.2	47.1	44.8
2120	11.17339327	124.7009337	370.5415699	140	59	637.5368078	2380.903058	15476.40111	1471.647068	455534	414422	32472	8640	455534	414422	0	22	0	18	3	1	2.5	81.3	140	522.7	3397.4	323.1	27.4	33.8	14.2
2160	479.7292849	1908.693396	9417.721778	5190	5298.71625	21195.6821	32429.12098	98888.43585	39078.42004	4464958	4403750	28954	32254	4464958	4403750	0	131	0	121	5	5	10.7	210.9	474.7	726.3	2214.8	875.2	42.7	117.9	120.3
2180	6.547514264	56.06815125	107.997989	48.04886982	37.04288147	206.9465189	949.1212823	3533.902706	213.593262	138452	132484	0	5968	138452	132484	0	17	0	12	0	5	4.7	78	149.5	685.5	2552.4	154.3	40.5	36.3	28
2190	2.05180516	85.58455237	110.6703133	43.87192982	112.6675439	668.4148365	785.8869939	3255.673593	234.8481759	128729	126778	1293	658	128729	126778	0	11	0	9	1	1	1.6	86	519.2	610.5	2529.1	182.4	66.5	34.6	88.9
2200	1	14	11	5	2	242.9173902	650.7246341	1013.540561	93.94492682	89047	89047	0	0	89047	89047	0	3	0	3	0	0	1.1	12.4	272.8	730.8	1138.2	105.5	15.7	5.6	2.2
2240	5	134.8	95	12	32	329.4	1656.8	7369	671.4	246277	244410	1867	0	246277	244410	0	18	0	17	1	0	2	38.6	133.8	672.7	2992.2	272.6	54.7	4.9	13.1
2281	7.198180191	39.49807177	174.774353	42	20	427.5764086	863.3059076	4565.393326	302.3782284	280666	272767	0	7899	280666	272767	0	14	0	11	0	3	2.6	62.3	152.3	307.6	1626.6	107.7	14.1	15.4	7.3
2290	4.039010715	24.51329888	20.11591177	3	3	146.9812399	719.9044277	3685.240377	205.8845991	149394	145203	1476	2715	149394	145203	0	12	0	9	1	2	2.7	13.5	98.4	481.9	2466.8	137.8	16.4	2.1	2.1
2320	24	238	812	224	283	3788	3011	23843	2039	695045	695045	0	0	695045	695045	0	6	0	6	0	0	3.5	116.8	545	433.2	3430.4	293.4	34.2	32.2	40.7
2330	16	53.90752816	267	130	14	286.7225845	1847.98281	5612.821577	656.5838767	183821	183821	0	0	183821	183821	0	4	0	4	0	0	8.7	145.2	156	1005.3	3053.4	357.2	29.3	70.7	7.6
2335	0	20.5	24	2	14	196	363.5	2079.5	42.5	91238	60241	30997	0	91238	60241	0	6	0	5	1	0	0	26.3	214.8	398.4	2279.2	46.6	22.5	3.3	23.2
2340	1	31	34	14	40	175	667	2135	122	57971	57971	0	0	57971	57971	0	3	0	3	0	0	1.7	58.7	301.9	1150.6	3682.9	210.5	53.5	24.2	69
2360	9.093309835	100.6970794	260.8020395	67	43	336.2025912	1418.157373	5695.175649	379.4994417	280982	273898	3465	3619	280982	273898	0	12	0	10	1	1	3.2	92.8	119.7	504.7	2026.9	135.1	35.8	24.5	15.7
2400	4	108	290	82	102	598	2744	12148	1360	327817	327817	0	0	327817	327817	0	10	0	10	0	0	1.2	88.5	182.4	837.1	3705.7	414.9	32.9	25	31.1
2440	13.44424002	63.36335689	180.5490178	55	38	826.9858984	1453.924601	6396.02748	586.0918988	297875	233089	0	19693	252782	233089	45093	8	2	5	0	1	5.3	71.4	327.2	575.2	2530.3	231.9	25.1	23.6	16.3
2520	1	90	26	7	9	117	609	4146	331	173428	173428	0	0	173428	173428	0	6	0	6	0	0	0.6	15	67.5	351.2	2390.6	190.9	51.9	4	5.2
2560	37	98	662	339	234	729	5081	10493	1217	308118	308118	0	0	308118	308118	0	4	0	4	0	0	12	214.9	236.6	1649	3405.5	395	31.8	110	75.9
2580	4	85.18181818	67	18	85	562.830303	1390.363636	6788.666667	513.1757576	313296	265889	47407	0	313296	265889	0	14	0	12	2	0	1.3	21.4	179.6	443.8	2166.9	163.8	27.2	6.8	32
2620	6.072716094	64.00515162	67.81684769	16.87214265	35	506.1430083	962.7859524	5260.805651	332.6076335	126471	123948	0	2523	126471	123948	0	8	0	7	0	1	4.8	53.6	400.2	761.3	4159.7	263	50.6	13.6	28.2
2640	51	257	719	323	586	2065.333333	5277.826923	12758.49359	3313.163462	438439	437552	887	0	438439	437552	0	24	0	23	1	0	11.6	164	471.1	1203.8	2910	755.7	58.6	73.8	133.9
2650	5.215230354	21.79235245	62.11607839	29	29	182.573025	880.1324653	2960.059726	138.4969092	143504	141121	0	2383	143504	141121	0	13	0	10	0	3	3.6	43.3	127.2	613.3	2062.7	96.5	15.2	20.5	20.5
2655	10.18316614	83.08448863	220.1395331	89	166	960.262166	1625.946118	5515.107046	528.0809218	127360	124595	658	2107	127360	124595	0	8	0	5	1	2	8	172.8	754	1276.7	4330.3	414.6	65.2	71.4	133.2
2670	3.114915388	134.4596616	46.11491539	16	58	379.9967807	1282.55848	6348.403953	394.2298308	258303	258011	292	0	258303	258011	0	6	0	5	1	0	1.2	17.9	147.1	496.5	2457.7	152.6	52.1	6.2	22.5
2680	90	485	3203	1293	827	6295	13321	45021	9165	1665074	1665074	0	0	1665074	1665074	0	30	0	30	0	0	5.4	192.4	378.1	800	2703.8	550.4	29.1	77.7	49.7
2700	20	136	801	378	430	1986	4600	11740	2418	452312	452312	0	0	452312	452312	0	4	0	4	0	0	4.4	177.1	439.1	1017	2595.6	534.6	30.1	83.6	95.1
2710	26	109	488	181	187	1429	3008	7842	727	327703	327703	0	0	327703	327703	0	7	0	7	0	0	7.9	148.9	436.1	917.9	2393	221.8	33.3	55.2	57.1
2720	12.09090909	87.54545455	153	55	128	933	1984.545455	7096.181818	638.1818182	208573	171100	37473	0	208573	171100	0	13	0	10	3	0	5.8	73.4	447.3	951.5	3402.3	306	42	32.1	74.8
2750	5.213919951	56.70437447	125.8816071	28	53	463.6399676	969.4681489	3965.760422	254.2398166	174916	170756	0	4160	174916	170756	0	7	0	6	0	1	3	72	265.1	554.2	2267.2	145.3	32.4	16.4	31
2760	26.14055308	127.507575	708.0179008	467	71	577.9912883	3232.866038	13203.27803	1635.383911	504971	413520	14354	77097	504971	413520	0	16	0	9	2	5	5.2	140.2	114.5	640.2	2614.7	323.9	25.3	112.9	17.2
2800	104.4004085	718.0790267	2438.375492	793.6895932	1182.839577	4819.717211	17139.28664	62111.96217	8859.321766	1741264	1741264	0	0	1741264	1741264	0	53	0	53	0	0	6	140	276.8	984.3	3567.1	508.8	41.2	45.6	67.9
2840	75	352	1845	632	962	4776	9576.690909	29421.76364	10065.85455	939660	939660	0	0	939660	939660	0	16	0	16	0	0	8	196.3	508.3	1019.2	3131.1	1071.2	37.5	67.3	102.4
2880	4.685375246	18.90913344	69.90173743	0.174462366	3.679302103	196.0160672	766.581467	2489.130454	206.8683396	103860	52950	0	50910	103860	52950	0	8	0	5	0	3	4.5	67.3	188.7	738.1	2396.6	199.2	18.2	0.3	6.9
2900	8	155	453	158	164	1321	2918	7736	1031	223603	223603	0	0	223603	223603	0	9	0	9	0	0	3.6	202.6	590.8	1305	3459.7	461.1	69.3	70.7	73.3
2920	15.71702902	120.6707327	263.6715715	88.6053137	96.91034241	776.5583909	2333.261058	7493.559405	827.6037966	255835	197289	0	58546	255835	197289	0	12	0	11	0	1	6.1	103.1	303.5	912	2929.1	323.5	47.2	44.9	49.1
2960	120.4790349	198.9301447	1099.724038	324	320	2016.56176	4402.916278	16647.93974	3749.899525	634919	581791	25506	27622	634919	478466	0	25	0	21	1	3	19	173.2	317.6	693.5	2622.1	590.6	31.3	67.7	66.9
2975	2.267038545	22.70675374	18.2915649	3	6	260.9925008	531.3429529	1888.115605	78.52546224	124573	112840	9061	2672	124573	112840	0	10	0	7	2	1	1.8	14.7	209.5	426.5	1515.7	63	18.2	2.7	5.3
2980	8.454545455	7.272727273	117.0775614	9.986652314	24.95995694	395.8172815	1425.785537	3326.169919	319.4962129	115257	75550	39707	0	115257	75550	0	6	0	5	1	0	7.3	101.6	343.4	1237	2885.9	277.2	6.3	13.2	33
2985	4.025302241	42.17233714	13.49761073	5	3	86.56030483	506.0016961	2512.833347	259.6797915	97017	94103	0	2914	97017	94103	0	9	0	6	0	3	4.1	13.9	89.2	521.6	2590.1	267.7	43.5	5.3	3.2
2995	1.150321361	24.97478063	31.84506219	9	14	209.2759129	849.3355687	4095.742279	273.7367626	119403	111888	0	7515	119403	111888	0	6	0	3	0	3	1	26.7	175.3	711.3	3430.2	229.3	20.9	8	12.5
3000	23.21704699	559.8741512	881.6537399	263.0047553	351.0079255	3200.203324	7835.606976	26915.98401	2320.874859	1094251	1013804	79852	595	1094251	1013804	0	36	0	33	2	1	2.1	80.6	292.5	716.1	2459.8	212.1	51.2	25.9	34.6
3040	2.03756809	14.15027236	34.23077541	6	42	258.8247358	419.4401636	3537.036609	179.6342119	80556	79921	0	635	80556	79921	0	3	0	2	0	1	2.5	42.5	321.3	520.7	4390.8	223	17.6	7.5	52.6
3060	10.11905786	102.5738761	81.24920875	29.00296022	88.00851064	456.6424998	1293.787788	5304.054784	510.7153883	185835	154016	20122	11697	185835	154016	0	22	0	11	7	4	5.4	43.7	245.7	696.2	2854.2	274.8	55.2	18.8	57.1
3080	3	56	44	12	20	226.5504625	1090.269874	4860.547352	332.5657123	228394	228394	0	0	228394	228394	0	7	0	7	0	0	1.3	19.3	99.2	477.4	2128.1	145.6	24.5	5.3	8.8
3120	68.65022659	333.9603477	2377.46773	1166	849	3628.882171	15140.3249	42240.03062	3951.108626	1272803	1256154	6722	9927	1272803	1256154	0	41	0	32	1	8	5.4	186.8	285.1	1189.5	3318.7	310.4	26.2	92.8	67.6
3150	7	34	236.133871	111.9112903	148.733871	588.1580645	2300.962903	6147.582258	419.1112903	136075	131202	4873	0	136075	131202	0	7	0	6	1	0	5.1	173.5	432.2	1691	4517.8	308	25	85.3	113.4
3160	67.84792603	336.3403151	1257.087064	582.518853	1142.801449	5006.87059	9232.796482	28071.78153	3023.323254	974674	962698	11086	890	974674	962698	0	38	0	32	5	1	7	129	513.7	947.3	2880.1	310.2	34.5	60.5	118.7
3180	4	28	89	26	64	389	714	2156	268	133882	133882	0	0	133882	133882	0	4	0	4	0	0	3	66.5	290.6	533.3	1610.4	200.2	20.9	19.4	47.8
3200	10.01360526	171.4009379	361.6127529	73.37213626	54.83265236	748.1530126	3036.069686	11617.31127	1021.666915	333405	295824	0	37581	333405	295824	0	10	0	8	0	2	3	108.5	224.4	910.6	3484.4	306.4	51.4	24.8	18.5
3240	19.79088362	214.5789541	699.9353977	243	132	1099.203102	2709.908839	11685.01087	761.1429454	629714	517053	43202	69459	629714	517053	0	60	0	38	8	14	3.1	111.2	174.6	430.3	1855.6	120.9	34.1	47	25.5
3283	38	216.1818182	1546.090909	584	162	1607.272727	5477.909091	22326.63636	4095.454545	983277	983277	0	0	983277	983277	0	33	0	33	0	0	3.9	157.2	163.5	557.1	2270.6	416.5	22	59.4	16.5
3285	8.037936967	45.64226362	83.62329514	39	22	90.32787254	1087.614828	3012.720173	286.3684743	112199	89543	0	22656	112199	89543	0	6	0	5	0	1	7.2	74.5	80.5	969.4	2685.2	255.2	40.7	43.6	24.6
3290	19.12589257	54.97512072	235.1662288	68	98	598.0005333	3343.884448	8509.377569	779.7034571	347668	227009	118737	1922	347668	227009	0	26	0	19	3	4	5.5	67.6	172	961.8	2447.6	224.3	15.8	30	43.2
3320	20	293	999	108	160	1141	7340	33052	5597	885605	885605	0	0	885605	885605	0	1	0	1	0	0	2.3	112.8	128.8	828.8	3732.1	632	33.1	12.2	18.1
3350	10.14802378	49.02329486	168.2701644	57	170	880.7089192	1818.961665	5789.173697	403.0591815	194323	191701	0	2622	194323	191701	0	6	0	5	0	1	5.2	86.6	453.2	936.1	2979.2	207.4	25.2	29.7	88.7
3360	353.3233003	1620.923334	12188.95738	6396.066064	4198.606102	18673.47627	42744.8951	118550.8503	32151.88981	4272445	4272445	0	0	4272445	4272445	0	59	0	59	0	0	8.3	285.3	437.1	1000.5	2774.8	752.5	37.9	149.7	98.3
3400	7.183309429	57.25327207	170.6284951	50	42	391.5994582	1528.608233	5386.358364	609.1148114	315821	159631	1669	62431	223731	159631	92090	27	14	10	1	2	3.2	76.3	175	683.2	2407.5	272.3	25.6	31.3	26.3
3440	18.00749648	134.0275977	411.1085332	26	27	796.2985989	2674.840535	10466.03229	1020.226288	343705	343622	0	83	343705	184792	0	13	0	12	0	1	5.2	119.6	231.7	778.2	3045.1	296.8	39	14.1	14.6
3480	128.3205561	581.4882158	3126.842051	1608	849	5169.086456	12377.72951	34096.15901	8014.281932	1616545	1255849	38048	322648	1616545	1255849	0	34	0	22	1	11	7.9	193.4	319.8	765.7	2109.2	495.8	36	128	67.6
3500	2	39	60	3	17	313	556	2133	116	110887	110887	0	0	110887	110887	0	4	0	4	0	0	1.8	54.1	282.3	501.4	1923.6	104.6	35.2	2.7	15.3
3520	4.200524174	112.2248477	134.1881889	24	112	640.6345361	1212.718759	4503.070717	503.4422549	159257	152258	0	6999	159257	152258	0	12	0	11	0	1	2.6	84.3	402.3	761.5	2827.5	316.1	70.5	15.8	73.6
3560	66.65322781	299.2547702	1192.307612	752	381	994.7615974	6826.983153	14794.54954	3578.097677	442875	297396	62590	82889	442875	270908	0	19	0	10	1	8	15.1	269.2	224.6	1541.5	3340.6	807.9	67.6	277.6	140.6
3580	15.00523505	43.01308763	193.0418804	102.0183227	209.0811433	728.2460475	1196.604649	3488.17527	396.0732908	108335	108335	0	0	108335	108335	0	5	0	5	0	0	13.9	178.2	672.2	1104.5	3219.8	365.6	39.7	94.2	193
3600	95	400	2465	1169	1370	6815	12553	37753	5950	1129007	1129007	0	0	1129007	1129007	0	13	0	13	0	0	8.4	218.3	603.6	1111.9	3343.9	527	35.4	103.5	121.3
3605	11.2	59.01919548	107.2191955	20	16	263.0207481	1236.964714	3496.815808	397.438391	152913	84206	68707	0	152913	84206	0	7	0	5	2	0	7.3	70.1	172	808.9	2286.8	259.9	38.6	23.8	19
3610	4.181818182	43.90909091	58.92727273	4	9	243.8181818	641.7818182	2506.381818	125.5090909	140007	100445	39562	0	140007	100445	0	9	0	7	2	0	3	42.1	174.1	458.4	1790.2	89.6	31.4	4	9
3620	2.070779662	33.93131135	81.02467086	29	15	236.4090563	1068.598973	4521.51348	288.9552615	153393	148467	0	4926	153393	148467	0	8	0	7	0	1	1.3	52.8	154.1	696.6	2947.7	188.4	22.1	19.5	10.1
3640	34	116	1878	428	227	2093	4443	11350	4681	614047	614047	0	0	614047	614047	0	12	0	12	0	0	5.5	305.8	340.9	723.6	1848.4	762.3	18.9	69.7	37
3660	14.0856124	137.744156	188.7306751	72	334	1572.15754	3137.307125	11375.74716	929.6321671	484972	480507	2749	1716	484972	480507	0	31	0	27	2	2	2.9	38.9	324.2	646.9	2345.7	191.7	28.4	15	69.5
3680	44.38196017	45.49799955	114.0006679	14	24	403.406592	875.5854668	2786.893338	303.5347837	232737	159181	19957	53599	232737	159181	0	53	0	24	5	24	19.1	49	173.3	376.2	1197.4	130.4	19.5	8.8	15.1
3700	2.090909091	25.45454545	77.18181818	1	2	229.3636364	645.7272727	2762	282	82722	26819	55903	0	82722	26819	0	2	0	1	1	0	2.5	93.3	277.3	780.6	3338.9	340.9	30.8	3.7	7.5
3710	6.381818182	56.49090909	84.85454545	33	5	535.0181818	1416.018182	4878.018182	547.5090909	158292	108257	50035	0	158292	108257	0	8	0	6	2	0	4	53.6	338	894.6	3081.7	345.9	35.7	30.5	4.6
3720	17.13654782	328.2147174	485.5389825	146.0139878	322.0108176	2029.095756	4892.79259	15589.87636	1566.091482	455237	450471	0	4766	455237	450471	0	32	0	30	0	2	3.8	106.7	445.7	1074.8	3424.6	344	72.1	32.4	71.5
3740	0	0	0	0	0	0	0	0	0	104360	0	0	0	0	0	104360	11	11	0	0	0									
3760	133.2956223	691.329151	3290.277734	1292	1827.539758	7368.141317	15123.47305	63012.3216	12363.76734	1784293	1483861	112139	188293	1784293	1483861	0	80	0	65	10	5	7.5	184.4	412.9	847.6	3531.5	692.9	38.7	87.1	123.2
3800	4	61	73	24	5	525	623	3356	294	150643	150643	0	0	150643	150643	0	5	0	5	0	0	2.7	48.5	348.5	413.6	2227.8	195.2	40.5	15.9	3.3
3810	11.03828183	101.439366	256.7889803	128.9768702	126.9583664	792.6402511	2638.662178	8458.565631	564.83794	320054	318927	0	1127	320054	318927	0	11	0	10	0	1	3.4	80.2	247.7	824.4	2642.9	176.5	31.7	40.4	39.8
3840	33.71016266	250.9750836	789.5066371	320.6816981	709.3703372	2694.983074	5423.849607	17595.41667	2712.036489	693379	688808	1798	2773	693379	688808	0	24	0	21	1	2	4.9	113.9	388.7	782.2	2537.6	391.1	36.2	46.6	103
3850	5.256758232	23.3659538	57.6292043	17	39	218.1292589	653.4952841	2860.193898	163.5646567	102113	90731	0	11382	102113	90731	0	5	0	4	0	1	5.1	56.4	213.6	640	2801	160.2	22.9	18.7	43
3870	2.020259708	25.26657511	27.57953429	10	4	105.6391773	347.9096827	3110.075113	165.640721	127814	109471	16933	1410	127814	104899	0	10	0	7	2	1	1.6	21.6	82.7	272.2	2433.3	129.6	19.8	9.5	3.8
3880	12.98654296	141.8381962	355.4414379	81	592	1920.908633	3435.296285	10941.29817	915.8420279	385340	322444	45421	17475	385340	322444	0	27	0	12	6	9	3.4	92.2	498.5	891.5	2839.4	237.7	36.8	25.1	183.6
3920	5	38	87	50	4	188	969	4734	283	183851	183167	684	0	183851	183167	0	6	0	5	1	0	2.7	47.3	102.3	527.1	2574.9	153.9	20.7	27.3	2.2
3960	9.348755239	93.32400361	270.9086566	94	124	764.4709339	3083.897077	6293.657055	763.6567147	183431	159540	0	23891	183431	159540	0	7	0	5	0	2	5.1	147.7	416.8	1681.2	3431.1	416.3	50.9	58.9	77.7
3980	18	282	711	303	314	1922	6352	15406	2090	496463	496463	0	0	496463	496463	0	15	0	15	0	0	3.6	143.2	387.1	1279.5	3103.2	421	56.8	61	63.2
4000	13.28240498	94.58566715	498.0378529	193	78	516.4281833	1991.918597	8309.512801	958.5422522	470892	393832	34374	42686	470892	393832	0	41	0	32	4	5	2.8	105.8	109.7	423	1764.6	203.6	20.1	49	19.8
4040	15.30713233	339.9380155	341.9464759	57	67	1485.604833	2813.952525	12304.90778	1043.50021	450087	438773	594	10720	450087	438773	0	26	0	22	1	3	3.4	76	330.1	625.2	2733.9	231.8	75.5	13	15.3
4080	12	41	201	62	196	917	1944	9432	1060	197499	197499	0	0	197499	197499	0	2	0	2	0	0	6.1	101.8	464.3	984.3	4775.7	536.7	20.8	31.4	99.2
4100	2.690345344	104.4818679	187.109487	28	62	781.5618298	1784.809701	5993.387928	505.6451836	175652	88062	0	87590	175652	88062	0	5	0	2	0	3	1.5	106.5	444.9	1016.1	3412.1	287.9	59.5	31.8	70.4
4120	173	622	4398	1848	699	4951	15543	34468	13440	1644604	1644604	0	0	1644604	1644604	0	11	0	11	0	0	10.5	267.4	301	945.1	2095.8	817.2	37.8	112.4	42.5
4150	0	9	7	2	10	53	192	1134	58	100193	88008	12185	0	100193	88008	0	4	0	3	1	0	0	7	52.9	191.6	1131.8	57.9	9	2.3	11.4
4200	6	50	152	55	65	430	1314	3346	296	115311	115311	0	0	115311	115311	0	3	0	3	0	0	5.2	131.8	372.9	1139.5	2901.7	256.7	43.4	47.7	56.4
4243	3	51	43	8	2	74	750	2675	208	104749	104749	0	0	104749	104749	0	7	0	7	0	0	2.9	41.1	70.6	716	2553.7	198.6	48.7	7.6	1.9
4280	24	140	760	382	68	944	2808	9563	893	482019	296912	15790	0	312702	296912	169317	18	14	3	1	0	7.7	243	301.9	898	3058.2	285.6	44.8	128.7	22.9
4320	6.637356778	95.57560029	160.8874116	57	37	323.0012573	1412.399932	4534.921956	261.2769786	155363	104942	28592	21829	155363	104942	0	10	0	5	1	4	4.3	103.6	207.9	909.1	2918.9	168.2	61.5	54.3	35.3
4360	6	89	156	59	67	1068	2148	12075	601	250579	250579	0	0	250579	250579	0	2	0	2	0	0	2.4	62.3	426.2	857.2	4818.8	239.8	35.5	23.5	26.7
4400	49.2	253.2909091	957.0545455	570	646	2144.363636	7067.018182	23734.98182	2835.363636	587929	542538	45391	0	587929	542538	0	19	0	15	4	0	8.4	162.8	364.7	1202	4037	482.3	43.1	105.1	119.1
4420	11.0384177	149.4956334	232.9563146	95.17322835	110.0866142	560.1897784	2469.059882	7301.090391	878.9735369	213518	212387	0	1131	213518	212387	0	13	0	12	0	1	5.2	109.1	262.4	1156.4	3419.4	411.7	70	44.8	51.8
4480	1074	2790	30254	12118	11974	55730	61526	171785	67909	9696252	9696252	0	0	9696252	9696252	0	89	0	89	0	0	11.1	312	574.8	634.5	1771.7	700.4	28.8	125	123.5
4520	49.53104949	184.8357921	1451.601494	702	347	1625.485822	7748.323234	22269.54199	4250.824305	1031571	829568	0	17015	846583	829568	184988	36	21	13	0	2	5.9	171.5	192	915.2	2630.5	502.1	21.8	84.6	41.8
4600	10	126	329.2493972	113	301	2162.249397	3241.743369	9151.227695	781	248134	248134	0	0	248134	248134	0	9	0	9	0	0	4	132.7	871.4	1306.4	3688	314.7	50.8	45.5	121.3
4640	6	65	105	38	75	330.3333333	879	3417.666667	387	218227	216949	1278	0	218227	216949	0	8	0	7	1	0	2.7	48.1	151.4	402.8	1566.1	177.3	29.8	17.5	34.6
4680	27.28577637	93.74214354	489.0912088	210	248	916.1663108	4543.90461	13085.14431	2012.488848	330329	256922	73225	182	330329	256922	0	18	0	14	3	1	8.3	148.1	277.3	1375.6	3961.2	609.2	28.4	81.7	96.5
4720	6.045232314	114.595162	352.2938822	129	34	543.3380746	2196.625058	10571.1724	1027.083874	429566	426418	0	3148	429566	426418	0	25	0	23	0	2	1.4	82	126.5	511.4	2460.9	239.1	26.7	30.3	8
4800	3.535631961	66.3665027	149.553693	35	9	85.64377006	1724.480412	5178.251391	316.8599553	176134	156785	1004	18345	176134	156785	0	13	0	9	1	3	2	84.9	48.6	979.1	2939.9	179.9	37.7	22.3	5.7
4880	38.04534715	119.5478544	500.9893924	158	215	2525.653592	7269.521214	21356.22278	2268.60282	582386	581051	0	1335	582386	581051	0	18	0	17	0	1	6.5	86	433.7	1248.2	3667	389.5	20.5	27.2	37
4890	2	45.18181818	53.27272727	13	58	280.4545455	1027.090909	5738.818182	362.1818182	183996	174202	9794	0	183996	174202	0	11	0	9	2	0	1.1	29	152.4	558.2	3119	196.8	24.6	7.5	33.3
4900	15	207	659	228	351	2880	4263	14725	1419	488570	488570	0	0	488570	488570	0	13	0	13	0	0	3.1	134.9	589.5	872.5	3013.9	290.4	42.4	46.7	71.8
4920	177.2767465	628.2877992	4743.649426	2875	3281	7153.116161	20026.81855	41325.8179	11317.8098	1145198	1108770	0	36428	1145198	1108770	0	28	0	27	0	1	15.5	414.2	624.6	1748.8	3608.6	988.3	54.9	259.3	295.9
4940	5	67	176	47	81	1076	2062	5053	1000	214467	214467	0	0	214467	214467	0	7	0	7	0	0	2.3	82.1	501.7	961.5	2356.1	466.3	31.2	21.9	37.8
5000	195	843	8397	3103	2877	17180	26827	98426	23784	2311752	2311752	0	0	2311752	2311752	0	30	0	30	0	0	8.4	363.2	743.2	1160.5	4257.6	1028.8	36.5	134.2	124.5
5015	14.03124851	98.25783763	719.6434579	211	101	1321.443848	4517.025864	16770.87937	2661.236514	1179383	1149063	29115	1205	1179383	1149063	0	62	0	60	1	1	1.2	61	112	383	1422	225.6	8.3	18.4	8.8
5080	134.3096431	400.0742508	3265.8556	1966.99909	786	2603.660517	9608.464531	44862.8358	9168.793145	1511438	1489888	0	21550	1511438	1468480	0	53	0	52	0	1	8.9	216.1	172.3	635.7	2968.2	606.6	26.5	133.9	53.5
5120	78.29743914	1387.556053	3431.578266	210.1132202	186.6721813	5068.997194	16200.56168	85032.39832	11603.69919	3000316	2704126	259524	36666	3000316	2027166	0	124	0	104	15	5	2.6	114.4	168.9	540	2834.1	386.7	46.2	10.4	9.2
5140	3.383790362	16.89982148	25.83313084	0	0	268.6599927	436.0332685	3328.792852	217.8527413	96040	0	0	96040	96040	0	0	2	0	0	0	2	3.5	26.9	279.7	454	3466	226.8	17.6		
5160	64.56139214	169.4527244	1224.1102	173	169	1490.98577	8264.471699	20615.83927	2328.418327	542355	431273	0	111082	542355	175722	0	24	0	17	0	7	11.9	225.7	274.9	1523.8	3801.2	429.3	31.2	98.5	96.2
5170	34	215	644	192	294	2059	4288	14509	3224	455304	455304	0	0	455304	455304	0	10	0	10	0	0	7.5	141.4	452.2	941.8	3186.7	708.1	47.2	42.2	64.6
5190	13	132	691	136	89	1423	4711	19450	1365	1135597	1135597	0	0	1135597	1135597	0	82	0	82	0	0	1.1	60.8	125.3	414.8	1712.8	120.2	11.6	12	7.8
5200	10.11928843	71.82464609	199.4412118	74	227	1029.07702	2032.592295	6532.427163	473.1064266	147133	145020	0	2113	147133	145020	0	5	0	4	0	1	6.9	135.6	699.4	1381.5	4439.8	321.6	48.8	51	156.5
5240	35.85097428	135.0911116	760.4711385	39.66303251	71.96729255	1021.11155	4329.786176	13095.4439	1421.289596	334347	285252	0	49095	334347	82902	0	13	0	11	0	2	10.7	227.4	305.4	1295	3916.7	425.1	40.4	47.8	86.8
5280	1	44	86.00267917	37	12	215.0107167	716.0348292	2707.283992	218.0080375	119438	119438	0	0	119438	119438	0	3	0	3	0	0	0.8	72	180	599.5	2266.7	182.5	36.8	31	10
5330	23.04137973	131.2450008	423.1610905	180	336	1576.809393	2661.361582	10685.19993	1266.638879	199128	198652	0	476	199128	198652	0	9	0	8	0	1	11.6	212.5	791.9	1336.5	5366	636.1	65.9	90.6	169.1
5345	10	82	264	58	115	1014	2285	5974	551	257891	257891	0	0	257891	257891	0	3	0	3	0	0	3.9	102.4	393.2	886	2316.5	213.7	31.8	22.5	44.6
5360	75	612	2881.5	1624	2237	8385.361768	11552.53237	43196.91778	6728.223535	1242290	1234910	7380	0	1242290	1234910	0	43	0	39	4	0	6	232	675	929.9	3477.2	541.6	49.3	131.5	181.1
5380	57.7401853	424.9619208	881.6305412	104	65	4418.440632	10501.95907	40100.52632	3262.340767	2758981	302408	75329	2381244	2758981	302408	0	39	0	24	9	6	2.1	32	160.1	380.6	1453.5	118.2	15.4	34.4	21.5
5483	51	313	2375	960	465	3479	8496	33990	7254	1642498	1642498	0	0	1642498	1642498	0	42	0	42	0	0	3.1	144.6	211.8	517.3	2069.4	441.6	19.1	58.4	28.3
5523	4	63	145	25	18	267	699	2996	286	139549	139549	0	0	139549	139549	0	7	0	7	0	0	2.9	103.9	191.3	500.9	2146.9	204.9	45.1	17.9	12.9
5560	266.7921868	412.6266194	3979.547531	2549	1731	5863.631451	12005.48657	41574.00272	12748.31845	1336665	1210979	123731	1955	1336665	1210979	0	19	0	14	4	1	20	297.7	438.7	898.2	3110.3	953.7	30.9	210.5	142.9
5600	3474.804488	1660.020628	29615.41695	5513	4057	40195.43814	35599.31081	155778.9615	32797.17001	9331378	9060325	238988	32065	9331378	8991818	0	57	0	42	12	3	37.2	317.4	430.8	381.5	1669.4	351.5	17.8	61.3	45.1
5640	151	331	5534	2278	1024	5071	12137	35549	16692	2049921	2049921	0	0	2049921	2049921	0	109	0	109	0	0	7.4	270	247.4	592.1	1734.2	814.3	16.1	111.1	50
5660	16.9532169	78.64626184	274.7059592	51	51	807.4643288	1605.072716	7035.324068	431.6332863	388320	228616	121878	37826	388320	228616	0	36	0	20	8	8	4.4	70.7	207.9	413.3	1811.7	111.2	20.3	22.3	22.3
5720	108	482	2587	1443	747	3127.181818	9290	41934.27273	5804.666667	1593788	1391531	202257	0	1593788	1391531	0	16	0	15	1	0	6.8	162.3	196.2	582.9	2631.1	364.2	30.2	103.7	53.7
5775	157	697	5292	1753	879	7666.4	17804	65534.4	19057.4	2437021	2437021	0	0	2437021	2437021	0	36	0	36	0	0	6.4	217.2	314.6	730.6	2689.1	782	28.6	71.9	36.1
5790	15	127	233	85	193	1642	2495	5883	591	265625	265625	0	0	265625	265625	0	4	0	4	0	0	5.6	87.7	618.2	939.3	2214.8	222.5	47.8	32	72.7
5800	9	120	140	43	111	848	2149	6933	467	242514	242514	0	0	242514	242514	0	5	0	5	0	0	3.7	57.7	349.7	886.1	2858.8	192.6	49.5	17.7	45.8
5880	64	586.5630452	1349	577	799.9876062	3954.093039	13111.15399	42181.01461	4828.286186	1086308	1082241	4067	0	1086308	1082241	0	39	0	38	1	0	5.9	124.2	364	1206.9	3883	444.5	54	53.3	73.9
5910	6	94	100	34	30	375	1823	5897	666	210657	210657	0	0	210657	210657	0	8	0	8	0	0	2.8	47.5	178	865.4	2799.3	316.2	44.6	16.1	14.2
5920	28	248	971	405	488	2146.272727	4522	27214.09091	5392.181818	717627	696206	21421	0	717627	696206	0	16	0	13	3	0	3.9	135.3	299.1	630.1	3792.2	751.4	34.6	58.2	70.1
5945	63	440	3184	1386	588	4861	12707	47233	11111	2899185	2899185	0	0	2899185	2899185	0	34	0	34	0	0	2.2	109.8	167.7	438.3	1629.2	383.2	15.2	47.8	20.3
5960	70.06849552	701.5457276	3368.843822	1461	1226	10676.92895	20332.51913	57692.2329	9646.121018	1687175	1685843	0	1332	1687175	1685843	0	35	0	34	0	1	4.2	199.7	632.8	1205.1	3419.5	571.7	41.6	86.7	72.7
5990	1	29	53	12	13	95	719	2255	120	92084	92084	0	0	92084	92084	0	2	0	2	0	0	1.1	57.6	103.2	780.8	2448.9	130.3	31.5	13	14.1
6015	6	124	194	61	119	733	1514	6160	361	152058	152058	0	0	152058	152058	0	8	0	8	0	0	3.9	127.6	482.1	995.7	4051.1	237.4	81.5	40.1	78.3
6020	2.055855216	68.66389314	27.83048323	5	23	170.7168173	771.8814911	2650.991429	238.6163846	151038	149125	0	1913	151038	149125	0	9	0	7	0	2	1.4	18.4	113	511.1	1755.2	158	45.5	3.4	15.4
6080	19	199	572	216	255	1855	4003	9712	792	422833	422833	0	0	422833	422833	0	5	0	5	0	0	4.5	135.3	438.7	946.7	2296.9	187.3	47.1	51.1	60.3
6120	14	0	345	0	0	536	1840	5649	932	349150	113509	0	0	0	0	235641	30	29	1	0	0	12.3	303.9	472.2	1621	4976.7	821.1			
6160	413.9975101	1658.039382	12866.72915	5283	4057	16656.65506	25969.26894	109348.702	24435.72335	5113261	4745345	187017	180899	5113261	4745345	0	266	0	221	17	28	8.1	251.6	325.8	507.9	2138.5	477.9	32.4	111.3	85.5
6200	298.5102687	894.5040154	6627.612395	3488.999697	3037.999759	11241.07949	38215.64205	119323.4243	39599.23649	3363872	3287143	73363	3366	3363872	3287143	0	28	0	23	4	1	8.9	197	334.2	1136.1	3547.2	1177.2	26.6	106.1	92.4
6240	7.666666667	80.33333333	230	0	21	588.9333333	1659	3427.533333	487.0666667	84867	24632	60235	0	84867	24632	0	3	0	1	2	0	9	271	693.9	1954.8	4038.7	573.9	94.7	0	85.3
6280	103.6116575	553.3187823	2566.106513	855.0842154	571.0842154	4892.70059	10181.77945	41659.35864	6071.237625	2359866	1759363	177851	422652	2359866	1759363	0	249	0	118	35	96	4.4	108.7	207.3	431.5	1765.3	257.3	23.4	48.6	32.5
6323	2.0755386	50.34923562	41.92857343	2	10	265.4737918	643.1741102	1939.823978	216.8799719	135595	121577	8464	5554	135595	75566	0	18	0	14	1	3	1.5	30.9	195.8	474.3	1430.6	159.9	37.1	2.6	13.2
6340	0	30.99000799	9.996193521	3.99904838	23.99095961	211.9357657	367.8729588	1884.378117	82.97049979	77145	77145	0	0	77145	77145	0	3	0	3	0	0	0	13	274.7	476.9	2442.6	107.6	40.2	5.2	31.1
6403	3	90	103	20	6	189	1383	5926	315	268059	268059	0	0	268059	268059	0	14	0	14	0	0	1.1	38.4	70.5	515.9	2210.7	117.5	33.6	7.5	2.2
6440	46.1200157	780.3770356	2028.412005	520.0484375	486	4730.497836	14884.18788	71939.97591	9902.033086	1947167	1918027	27640	1500	1947167	1846785	0	56	0	52	3	1	2.4	104.2	242.9	764.4	3694.6	508.5	40.1	28.2	26.3
6483	36	392	941	270	243	1666	6182	21906	4894	972623	972623	0	0	972623	972623	0	33	0	33	0	0	3.7	96.7	171.3	635.6	2252.3	503.2	40.3	27.8	25
6520	5	112	50	14	29	244	1831	10062	641	374579	374579	0	0	374579	374579	0	13	0	13	0	0	1.3	13.3	65.1	488.8	2686.2	171.1	29.9	3.7	7.7
6560	7	51	151	32	72	635	1395	4927	393	145302	145302	0	0	145302	145302	0	2	0	2	0	0	4.8	103.9	437	960.1	3390.9	270.5	35.1	22	49.6
6580	5	24	32	14	42	277	977	2769	260	145297	145297	0	0	145297	145297	0	2	0	2	0	0	3.4	22	190.6	672.4	1905.8	178.9	16.5	9.6	28.9
6600	5	28	368	145	29	277	1530	5591	627	190177	190177	0	0	190177	190177	0	7	0	7	0	0	2.6	193.5	145.7	804.5	2939.9	329.7	14.7	76.2	15.2
6640	62.0237768	262.2096416	2421.065146	1435.886591	795.8865915	3267.640474	14303.01499	37961.17355	4048.279029	1208153	1207104	686	363	1208153	1207104	0	40	0	38	1	1	5.1	200.4	270.5	1183.9	3142.1	335.1	21.7	119	65.9
6660	3	110	33	7	17	156	588	3322	206	88771	88771	0	0	88771	88771	0	3	0	3	0	0	3.4	37.2	175.7	662.4	3742.2	232.1	123.9	7.9	19.2
6680	23.72260939	91.86890547	577.8198559	173	195	819.5084533	2444.533431	6880.82248	870.278545	373823	277291	29721	66811	373823	277291	0	38	0	19	6	13	6.3	154.6	219.2	653.9	1840.7	232.8	24.6	62.4	70.3
6690	6	102	87	19	58	623	1207	3069	482	166290	166290	0	0	166290	166290	0	3	0	3	0	0	3.6	52.3	374.6	725.8	1845.6	289.9	61.3	11.4	34.9
6720	11	179	516	137	105	1069	2451	10962	1402	357803	357803	0	0	357803	357803	0	3	0	3	0	0	3.1	144.2	298.8	685	3063.7	391.8	50	38.3	29.3
6740	7	56	94	22	40	335	1230	5668	551	194877	194877	0	0	194877	194877	0	8	0	8	0	0	3.6	48.2	171.9	631.2	2908.5	282.7	28.7	11.3	20.5
6760	109.0249849	274.1769767	2068.921191	1115	499	2362.6057	6904.985541	30813.08579	4835.63298	1011889	1004408	7033	448	1011889	1004408	0	15	0	13	1	1	10.8	204.5	233.5	682.4	3045.1	477.9	27.1	111	49.7
6780	218	966	5181	2126	1988	13374	29525	66306	22334	3315310	3315310	0	0	3315310	3315310	0	50	0	50	0	0	6.6	156.3	403.4	890.6	2000	673.7	29.1	64.1	60
6800	13	79	209	92	81	686.3333333	1135	6225	548.2	239573	239573	0	0	239573	239573	0	5	0	5	0	0	5.4	87.2	286.5	473.8	2598.4	228.8	33	38.4	33.8
6820	3	46	71	18	19	167	676	2772	259	125611	125611	0	0	125611	125611	0	3	0	3	0	0	2.4	56.5	133	538.2	2206.8	206.2	36.6	14.3	15.1
6840	51.2948849	184.9964271	1185.541295	513	306	1183.225388	5387.927382	26923.5095	3436.987646	1100221	989274	102817	8130	1100221	989274	0	43	0	32	6	5	4.7	107.8	107.5	489.7	2447.1	312.4	16.8	51.9	30.9
6880	11	0	446	0	0	672	2502	8143	1017	373120	150877	0	0	0	0	222243	20	19	1	0	0	7.3	295.6	445.4	1658.3	5397.1	674.1			
6895	13.10905886	40.17523646	347.9631779	181.1722177	134	474.7547123	2221.094107	4886.344679	352.7451681	145459	142351	1443	1665	145459	142351	0	14	0	10	1	3	9	239.2	326.4	1527	3359.3	242.5	27.6	127.3	94.1
6920	86	556.0909091	2665.272727	849	661	4981.636364	13803	41802.29091	12937.47273	1658456	1658456	0	0	1658456	1658456	0	13	0	13	0	0	5.2	160.7	300.4	832.3	2520.6	780.1	33.5	51.2	39.9
6960	22	279	298	107	482	1654.181818	2687.454545	9472.272727	1042	405194	400611	4583	0	405194	400611	0	24	0	22	2	0	5.4	73.5	408.2	663.3	2337.7	257.2	68.9	26.7	120.3
6980	1.950824659	109.3586485	40.78628398	9.88677982	19.39278899	198.0360282	549.4301805	3895.195434	303.0476118	169189	138845	18784	11560	169189	138845	0	14	0	9	2	3	1.2	24.1	117.1	324.7	2302.3	179.1	64.6	7.1	14
7000	4	23	47	14	13	211	847	3516	237	103122	103122	0	0	103122	103122	0	4	0	4	0	0	3.9	45.6	204.6	821.4	3409.6	229.8	22.3	13.6	12.6
7040	182.8210718	374.1651059	4032.077363	1843	1981	7861.648268	15474.57878	67516.48979	13110.00404	2620332	1620203	363922	33319	2017444	1620203	602888	158	70	62	21	5	9.1	199.9	389.7	767	3346.6	649.8	18.5	113.8	122.3
7080	10	133.1818182	246.0909091	5	6	567.3636364	2824.272727	15489.54545	1651.363636	352437	344537	7900	0	352437	205553	0	18	0	16	2	0	2.8	69.8	161	801.4	4395	468.6	37.8	2.4	2.9
7120	26	116	628	245	269	1514	2292	8495	1137	409228	409228	0	0	409228	409228	0	13	0	13	0	0	6.4	153.5	370	560.1	2075.9	277.8	28.3	59.9	65.7
7160	58.01272266	618.1450383	1098.126909	334	417	2346.453881	9474.116414	49934.27355	5205.867685	1355788	1355412	0	376	1355788	1355412	0	32	0	31	0	1	4.3	81	173.1	698.8	3683	384	45.6	24.6	30.8
7200	3	76	52	12	78	366	1121	4336	224	106370	106370	0	0	106370	106370	0	2	0	2	0	0	2.8	48.9	344.1	1053.9	4076.3	210.6	71.4	11.3	73.3
7240	112	628	2353	1030	1485.728777	7923.728777	17405.63625	79098.44363	7052.740266	1628519	1628519	0	0	1628519	1628519	0	35	0	35	0	0	6.9	144.5	486.6	1068.8	4857.1	433.1	38.6	63.2	91.2
7320	92	831	3430	808	1215	10239	16725	51320	19422	2866126	2866126	0	0	2866126	2866126	0	19	0	19	0	0	3.2	119.7	357.2	583.5	1790.6	677.6	29	28.2	42.4
7360	84	465	4656	886	341	4422	11101	40799	9523	1763356	1763356	0	0	1763356	1763356	0	32	0	32	0	0	4.8	264	250.8	629.5	2313.7	540	26.4	50.2	19.3
7400	34	476	1140	320	269	6174	6144	29015	4607	1713855	1713855	0	0	1713855	1713855	0	16	0	16	0	0	2	66.5	360.2	358.5	1693	268.8	27.8	18.7	15.7
7460	7	102	67	14	39	567	1371	4443	428	251265	251265	0	0	251265	251265	0	8	0	8	0	0	2.8	26.7	225.7	545.6	1768.3	170.3	40.6	5.6	15.5
7480	12	112	277	88	53	997	1681	6677	560	406769	406769	0	0	406769	406769	0	8	0	8	0	0	3	68.1	245.1	413.3	1641.5	137.7	27.5	21.6	13
7485	13	113	212	37	22	872.1818182	1543	6829.545455	560.5454545	260352	260352	0	0	260352	260352	0	5	0	5	0	0	5	81.4	335	592.7	2623.2	215.3	43.4	14.2	8.5
7490	6.719256118	67.69307776	131.5280772	33	71	517.5880294	2312.168827	3505.266728	332.2308026	155600	144326	0	11274	155600	144326	0	6	0	3	0	3	4.3	84.5	332.6	1486	2252.7	213.5	43.5	22.9	49.2
7500	12	173	223	43	61	885	2875	9868.4	1106	467137	467137	0	0	467137	467137	0	10	0	10	0	0	2.6	47.7	189.5	615.5	2112.5	236.8	37	9.2	13.1
7510	18	227	775	229	351	3006	6721	17673	1829	605246	605246	0	0	605246	605246	0	11	0	11	0	0	3	128	496.7	1110.5	2920	302.2	37.5	37.8	58
7520	39	104.8242424	958.8545455	598	299	1064.206061	3198.815152	11395.81818	1907.448485	300067	276222	23845	0	300067	276222	0	14	0	9	5	0	13	319.5	354.7	1066	3797.8	635.7	34.9	216.5	108.2
7560	16.91201215	127.2571175	332.5342471	38	38	969.7464099	2290.290863	9615.015433	1042.499027	625086	366463	29327	229296	625086	366463	0	93	0	36	9	48	2.7	53.2	155.1	366.4	1538.2	166.8	20.4	10.4	10.4
7600	74.32339189	970.0266033	3100.208487	788.100729	667.8226973	4948.250629	19459.36451	77904.20781	22960.03903	2453063	2364471	0	88592	2453063	2364471	0	60	0	54	0	6	3	126.4	201.7	793.3	3175.8	936	39.5	33.3	28.2
7610	0.741786117	17.34677344	38.98968646	7	6	145.4426896	325.0739201	1620.671731	160.2401042	120353	68785	22798	28770	120353	68785	0	17	0	6	5	6	0.6	32.4	120.8	270.1	1346.6	133.1	14.4	10.2	8.7
7620	4	32	14	6	0	63	436	2569	104	113449	113449	0	0	113449	113449	0	6	0	6	0	0	3.5	12.3	55.5	384.3	2264.5	91.7	28.2	5.3	0
7640	0	27	84	17	39	274	1016	3429	281	113105	113105	0	0	113105	113105	0	7	0	7	0	0	0	74.3	242.3	898.3	3031.7	248.4	23.9	15	34.5
7680	43	160	655	404	807	1916	4784	14060	1549	391991	391991	0	0	391991	391991	0	13	0	13	0	0	11	167.1	488.8	1220.4	3586.8	395.2	40.8	103.1	205.9
7720	8	41	69	18	71	458	1187	4106	366	124041	124041	0	0	124041	124041	0	5	0	5	0	0	6.4	55.6	369.2	956.9	3310.2	295.1	33.1	14.5	57.2
7760	2.317897535	101.8802061	39.6931064	15	40	251.1924084	921.7466005	3554.565634	226.6475653	172814	148816	7452	16546	172814	148816	0	10	0	4	2	4	1.3	23	145.4	533.4	2056.9	131.2	59	10.1	26.9
7800	24	106	612	324	137	484	2914	11010	1167	267055	265645	1410	0	267055	265645	0	4	0	3	1	0	9	229.2	181.2	1091.2	4122.7	437	39.7	122	51.6
7840	10.24711077	138.292124	578.8277089	174	182	1218.453928	4998.813737	17398.48747	2579.318142	424594	416204	0	8390	424594	416204	0	5	0	3	0	2	2.4	136.3	287	1177.3	4097.7	607.5	32.6	41.8	43.7
7880	14	0	243	0	0	744	1830	5366	418	202459	112019	0	0	0	0	90440	18	17	1	0	0	12.5	216.9	664.2	1633.7	4790.3	373.2			
7920	12	80	273	82	82	962	2951	11803	1109	327729	327729	0	0	327729	327729	0	6	0	6	0	0	3.7	83.3	293.5	900.4	3601.5	338.4	24.4	25	25
8003	18.17599379	280.9162471	798.9140528	209	446	4507.915287	6016.224687	13359.35339	3026.418751	611374	590240	8194	12940	611374	555200	0	38	0	27	4	7	3	130.7	737.3	984	2185.1	495	45.9	37.6	80.3
8050	6	33	17	6	4	107	425	2548	73	135825	135825	0	0	135825	135825	0	7	0	7	0	0	4.4	12.5	78.8	312.9	1875.9	53.7	24.3	4.4	2.9
8080	3.191581215	24.63829092	70.34403753	14	10	231.4850573	583.3963947	2167.139631	189.065015	131935	60846	14519	56570	131935	60846	0	14	0	10	1	3	2.4	53.3	175.5	442.2	1642.6	143.3	18.7	23	16.4
8120	50	259	1294.090909	379	791	3571	5670	18990.36364	4792.727273	574072	574072	0	0	574072	574072	0	7	0	7	0	0	8.7	225.4	622	987.7	3308	834.9	45.1	66	137.8
8140	4.12857272	44.76125234	243.6076741	120	143	703.8363282	1889.212771	3197.63907	698.1993751	105976	104497	0	1479	105976	104497	0	4	0	2	0	2	3.9	229.9	664.1	1782.7	3017.3	658.8	42.2	114.8	136.8
8160	25.01176687	125.2707656	749.0022245	163	91	1518.945488	4436.878092	15365.72063	1366.976145	733464	583076	149919	469	733464	583076	0	34	0	24	9	1	3.4	102.1	207.1	604.9	2095	186.4	17.1	28	15.6
8200	33.08517811	327.4040447	1202.89039	168.899271	242.1773027	2222.568988	7251.049812	25379.20939	6497.47094	711979	705003	4084	2892	711979	508365	0	22	0	18	2	2	4.6	169	312.2	1018.4	3564.6	912.6	46	33.2	47.6
8240	14.17339858	207.3815266	618.1992258	336	273	2051.540858	3957.287163	10306.63465	1252.027082	291912	288540	0	3372	291912	288540	0	9	0	8	0	1	4.9	211.8	702.8	1355.6	3530.7	428.9	71	116.4	94.6
8280	122	1088	5620	2292	1914	15393	27702	79020	16280	2458083	2458083	0	0	2458083	2458083	0	34	0	34	0	0	5	228.6	626.2	1127	3214.7	662.3	44.3	93.2	77.9
8320	12.26053358	43.70603867	112.3078639	39	9	255.9476065	1613.473995	5448.30429	560.4609461	150033	80765	13389	55879	150033	80765	0	7	0	3	2	2	8.2	74.9	170.6	1075.4	3631.4	373.6	29.1	48.3	11.1
8360	10	53	117	47	124	611	1152	4543	339	132059	132059	0	0	132059	132059	0	9	0	9	0	0	7.6	88.6	462.7	872.3	3440.1	256.7	40.1	35.6	93.9
8400	19.44567382	264.3881725	1419.469228	382	248	1767.805004	7939.779855	21713.88522	4329.098187	619315	580735	23316	15264	619315	580735	0	25	0	19	5	1	3.1	229.2	285.4	1282	3506.1	699	42.7	65.8	42.7
8440	23.02190579	97.57341615	374.5721276	6	10	705.425034	2344.412229	8406.13378	845.5586381	170264	167887	1016	1361	170264	45227	0	4	0	2	1	1	13.5	220	414.3	1376.9	4937.1	496.6	57.3	13.3	22.1
8480	18	99	940	294	187	943	2912	7921	2094	353682	353682	0	0	353682	353682	0	13	0	13	0	0	5.1	265.8	266.6	823.3	2239.6	592.1	28	83.1	52.9
8520	53	412	1914	493	871	3483	8919.666667	41795.66667	9746.666667	872805	869451	3354	0	872805	869451	0	6	0	5	1	0	6.1	219.3	399.1	1022	4788.7	1116.7	47.2	56.7	100.2
8560	44	390.9766445	877.9781466	388.0000574	763.9765297	4266.529408	8299.352304	22231.14254	4564.796754	805433	805433	0	0	805433	805433	0	40	0	40	0	0	5.5	109	529.7	1030.4	2760.1	566.8	48.5	48.2	94.9
8600	11.76212514	76.61376753	283.5118294	170	268.253304	931.2019348	2143.670918	6030.47116	499.5711846	165515	146005	0	19510	165515	146005	0	5	0	4	0	1	7.1	171.3	562.6	1295.2	3643.5	301.8	46.3	116.4	183.7
8640	12.06630535	102.7551391	186.5040904	22	35.8622449	638.2159356	1747.995628	5546.580039	534.1761075	178671	91171	85548	1952	178671	91171	0	8	0	6	1	1	6.8	104.4	357.2	978.3	3104.4	299	57.5	24.1	39.3
8680	10.1122996	82.84888837	233.8387143	58	24	460.0931263	1589.079883	5425.281378	312.0256529	300448	252801	43171	4476	300448	252801	0	23	0	15	6	2	3.4	77.8	153.1	528.9	1805.7	103.9	27.6	22.9	9.5
8720	11	158	702	216	113	1769	3286	11970	2041.2	528463	528463	0	0	528463	528463	0	14	0	14	0	0	2.1	132.8	334.7	621.8	2265.1	386.3	29.9	40.9	21.4
8735	19	127	704	177	148	1158	3210	10418	1389	767195	767195	0	0	767195	767195	0	11	0	11	0	0	2.5	91.8	150.9	418.4	1357.9	181	16.6	23.1	19.3
8750	4	28	75	16	30	386	833	2671	173	85996	85996	0	0	85996	85996	0	2	0	2	0	0	4.7	87.2	448.9	968.6	3106	201.2	32.6	18.6	34.9
8760	6	41	395	86	108	678	1596	3908	421	147658	147658	0	0	147658	147658	0	4	0	4	0	0	4.1	267.5	459.2	1080.9	2646.7	285.1	27.8	58.2	73.1
8780	26	105	320	117	248	1841	4352	8943	1936	374860	374860	0	0	374860	374860	0	9	0	9	0	0	6.9	85.4	491.1	1161	2385.7	516.5	28	31.2	66.2
8800	11	140	306	83	193	718.9973753	2586.986877	9418.980315	1023.994751	218362	218362	0	0	218362	218362	0	14	0	14	0	0	5	140.1	329.3	1184.7	4313.5	468.9	64.1	38	88.4
8840	416.8511434	1030.705751	10061.42386	5008	2349	13648.14625	25319.30942	119900.444	30385.38977	4986622	4893080	54399	39143	4986622	4893080	0	67	0	55	8	4	8.4	201.8	273.7	507.7	2404.4	609.3	20.7	102.3	48
8920	2	51	76	15	63	308	1358	3708	288	127874	123353	4521	0	127874	123353	0	4	0	3	1	0	1.6	59.4	240.9	1062	2899.7	225.2	39.9	12.2	51.1
8940	3	25.13309391	15.04436464	3.044364635	7.044364635	121.7616197	570.2738871	2071.171391	127.4771194	126731	126731	0	0	126731	126731	0	10	0	10	0	0	2.4	11.9	96.1	450	1634.3	100.6	19.8	2.4	5.6
8960	51	492	2377	769	715	5619	14759	41628	7183	1160495	1160495	0	0	1160495	1160495	0	33	0	33	0	0	4.4	204.8	484.2	1271.8	3587.1	619	42.4	66.3	61.6
9000	1.281842898	27.12471807	40.92018803	0	8	114.552264	518.2580689	1909.715865	157.4258171	153003	88961	53848	10194	153003	88961	0	22	0	13	6	3	0.8	26.7	74.9	338.7	1248.2	102.9	17.7	0	9
9040	25.61146988	240.683109	780.0320487	347.8058835	234	1792.55223	5555.871365	18841.2904	2028.964963	546480	466057	22394	58029	546480	466057	0	33	0	14	8	11	4.7	142.7	328	1016.7	3447.8	371.3	44	74.6	50.2
9080	6	31	264	70	139	652	1731	5781	561	143707	143707	0	0	143707	143707	0	7	0	7	0	0	4.2	183.7	453.7	1204.5	4022.8	390.4	21.6	48.7	96.7
9140	2.00632298	20.51782462	36.55262047	0	2	114.6513638	436.5656063	1616.145577	127.7615019	120104	76295	4779	39030	120104	76295	0	10	0	6	1	3	1.7	30.4	95.5	363.5	1345.6	106.4	17.1	0	2.6
9160	25	263	995	398	398	2311	4031	15112	2557	595514	595514	0	0	595514	595514	0	13	0	13	0	0	4.2	167.1	388.1	676.9	2537.6	429.4	44.2	66.8	66.8
9200	14.50722019	98.52579008	388.9420155	135	141	717.2991959	4273.750999	8450.208457	1064.567403	237422	180238	53604	3580	237422	180238	0	19	0	13	2	4	6.1	163.8	302.1	1800.1	3559.2	448.4	41.5	74.9	78.2
9260	10	109	163	42	58	320	3194	8250	1126	226125	226125	0	0	226125	226125	0	13	0	13	0	0	4.4	72.1	141.5	1412.5	3648.4	498	48.2	18.6	25.6
9270	4	61	148	42	25	467	1290	3811	774	171794	171794	0	0	171794	171794	0	5	0	5	0	0	2.3	86.1	271.8	750.9	2218.4	450.5	35.5	24.4	14.6
9280	3.89739452	85.17465318	190.9776413	45	50	676.4989459	1340.546579	6982.356726	483.1618992	381940	304027	4323	73590	381940	304027	0	23	0	16	1	6	1	50	177.1	351	1828.1	126.5	22.3	14.8	16.4
9320	45.41582454	178.5934876	740.1829032	286.0099592	328.0049796	1378.910366	4931.748092	12492.96451	1655.692917	595815	394641	15686	185488	595815	386810	0	45	0	22	3	20	7.6	124.2	231.4	827.7	2096.8	277.9	30	73.9	84.8
9340	8	52	101	13	38	496	1437	2968	744.2727273	141735	141735	0	0	141735	141735	0	5	0	5	0	0	5.6	71.3	349.9	1013.9	2094	525.1	36.7	9.2	26.8
9360	5.51936494	33.98872274	57.26828984	6	92	552.9308553	1226.228833	3535.568684	567.3653419	165537	149687	0	15850	165537	149687	0	5	0	4	0	1	3.3	34.6	334	740.8	2135.8	342.7	20.5	4	61.5
