msa03	mmurd03	mrape03	mrobt03	mrobg03	massg03	massa03	mburg03	mlarc03	mmoto03	mpop03	mpopcm03	mpopg303	mpopl303	mpoprp03	mpopgn03	mpopna03	mct03	mctna03	mctcm03	mctg303	mctl303	mrmurd03	mrrobt03	mrassa03	mrburg03	mrlarc03	mrmoto03	mrrape03	mrrobg03	mrassg03
0	14380.70027	73767.57919	391032.211	136013.2382	124520.3349	723333.519	1750053.132	5841893.288	1153183.84	234100557	214372738	6823789	5002714	222511206	198112145	7901316	7562	580	5883	443	656	6.4	172.9	319.8	773.7	2582.6	509.8	33.2	68.7	62.9
40	6	72	130	42	126	335	1914	4142	326	133253	133253	0	0	133253	133253	0	5	0	5	0	0	4.5	97.6	251.4	1436.4	3108.4	244.6	54	31.5	94.6
80	21.46196164	364.1883148	835.1560484	248.9981041	84	738.6091687	5590.700866	18337.18108	1968.988297	701158	532159	50463	118536	701158	532159	0	31	0	22	3	6	3.1	119.1	105.3	797.4	2615.3	280.8	51.9	46.8	15.8
120	7	49	284	94	60	276.2	1535.163636	3782.254545	467.3636364	125048	124193	855	0	125048	124193	0	5	0	4	1	0	5.6	227.1	220.9	1227.7	3024.6	373.7	39.2	75.7	48.3
160	24.04411112	190.7700237	758.378383	130	127	1770.482116	4557.164722	16262.32034	1298.134939	886474	763052	120745	2677	886474	763052	0	42	0	34	6	2	2.7	85.5	199.7	514.1	1834.5	146.4	21.5	17	16.6
200	66.24360767	389.6836857	1260.045255	598	920	4524.143774	7609.176567	24592.78656	4975.816831	745096	694032	4456	46608	745096	694032	0	15	0	11	2	2	8.9	169.1	607.2	1021.2	3300.6	667.8	52.3	86.2	132.6
220	9.609927018	31.49535099	229.1720777	113	322	1113.025745	2201.299952	4835.52008	390.2061207	127268	118505	200	8563	127268	118505	0	9	0	3	1	5	7.6	180.1	874.6	1729.7	3799.5	306.6	24.7	95.4	271.7
240	18.01203956	178.7548464	655.2744351	159.6979124	112.6979124	960.2097924	3034.626211	13626.87624	1465.880276	652147	549534	14878	87735	652147	549534	0	53	0	35	2	16	2.8	100.5	147.2	465.3	2089.5	224.8	27.4	29.1	20.5
280	2.395780233	37.51476475	106.1375409	21	14	139.0518743	644.1982569	2014.493972	161.5535598	128155	110897	0	17258	128155	110897	0	14	0	9	0	5	1.9	82.8	108.5	502.7	1571.9	126.1	29.3	18.9	12.6
320	17	106	388	134	295	1086	2443	9141	964	226381	226381	0	0	226381	226381	0	5	0	5	0	0	7.5	171.4	479.7	1079.2	4037.9	425.8	46.8	59.2	130.3
380	17	249	347	108	218	1308	1508	10086	1275	282940	282940	0	0	282940	282940	0	3	0	3	0	0	6	122.6	462.3	533	3564.7	450.6	88	38.2	77
440	10	230.6113248	259	100	137	910.223932	3225.501923	11111.85064	1386.584936	605131	605131	0	0	605131	605131	0	27	0	27	0	0	1.7	42.8	150.4	533	1836.3	229.1	38.1	16.5	22.6
450	3.841480996	47.36592398	212.7688729	103.9392529	153.2927593	458.2817833	1596.162137	4080.650877	367.6165393	111970	111970	0	0	111970	111970	0	9	0	9	0	0	3.4	190	409.3	1425.5	3644.4	328.3	42.3	92.8	136.9
460	4	56.20915493	62.20915493	22.20915493	14.47301262	274.0369343	1152.402074	6801.920074	291.5113152	369011	366301	2710	0	369011	366301	0	24	0	23	1	0	1.1	16.9	74.3	312.3	1843.3	79	15.2	6.1	4
480	8.078658817	45.40525022	274.7407263	93	65	486.3602155	1894.560629	5533.534971	777.1711402	233625	96647	135700	1278	233625	96647	0	11	0	7	2	2	3.5	117.6	208.2	810.9	2368.6	332.7	19.4	96.2	67.3
500	10.03912741	54.17239595	156.9823039	58	45	251.841636	1379.355732	5955.173429	509.6774368	160156	158577	1078	501	160156	158577	0	8	0	6	1	1	6.3	98	157.2	861.3	3718.4	318.2	33.8	36.6	28.4
520	400.053136	1197.118792	9865.353544	5272.048255	2836.048255	12069.78612	41616.78124	123299.4673	29939.44256	4450077	3930423	350430	169224	4450077	3381806	0	108	0	77	22	9	9	221.7	271.2	935.2	2770.7	672.8	26.9	155.9	83.9
560	19	85	560	166	111	930	2833	11853	641	363459	363459	0	0	363459	363459	0	33	0	33	0	0	5.2	154.1	255.9	779.5	3261.2	176.4	23.4	45.7	30.5
580	7.149197356	53.19357885	127.3125432	86.96976697	130.4173749	428.8489141	1299.097182	3552.726958	198.5948533	118498	118498	0	0	118498	118498	0	5	0	5	0	0	6	107.4	361.9	1096.3	2998.1	167.6	44.9	73.4	110.1
600	44.16826811	268.7740211	603.1775743	258	427	864.6999045	4119.200211	14096.59361	1776.805456	490605	488509	0	2096	490605	488509	0	21	0	19	0	2	9	122.9	176.3	839.6	2873.3	362.2	54.8	52.8	87.4
640	53.09090909	413.6363636	1428.090909	383	474	2863.537151	11510.29295	45354.22525	3756.636364	1370270	1295264	75006	0	1370270	1295264	0	37	0	35	2	0	3.9	104.2	209	840	3309.9	274.2	30.2	29.6	36.6
680	46	203	784	192	244	2709	7189	17743	4451	701341	701341	0	0	701341	701341	0	10	0	10	0	0	6.6	111.8	386.3	1025	2529.9	634.6	28.9	27.4	34.8
720	341	653	7254	1233	786	14941	19338	67836	13003	2626193	2626193	0	0	2626193	1981639	0	17	0	17	0	0	13	276.2	568.9	736.4	2583.1	495.1	24.9	62.2	39.7
733	3	15	29	5	1	61.33333333	844.6666667	3445.333333	153.3333333	147286	144360	2926	0	147286	144360	0	14	0	13	1	0	2	19.7	41.6	573.5	2339.2	104.1	10.2	3.5	0.7
743	2.08457521	113.4880665	59.68816491	19	39	981.350356	1696.107498	3403.378272	291.8486639	228777	223154	0	5623	228777	223154	0	15	0	14	0	1	0.9	26.1	429	741.4	1487.6	127.6	49.6	8.5	17.5
760	58.35943938	241.1388851	1369.599221	899	794	2941.624648	7573.001614	24579.28323	2700.25847	616368	598678	13920	3770	616368	509948	0	15	0	10	2	3	9.5	222.2	477.3	1228.6	3987.8	438.1	39.1	176.3	155.7
840	23	159	625	268	187	1314	4655	12789.09091	1323.090909	388186	387659	527	0	388186	387659	0	18	0	17	1	0	5.9	161	338.5	1199.2	3294.6	340.8	41	69.1	48.2
860	3	108	83	25	23	229	1951	6238	506	176156	176156	0	0	176156	176156	0	9	0	9	0	0	1.7	47.1	130	1107.5	3541.2	287.2	61.3	14.2	13.1
870	5.013517906	114.4267278	75.20177342	23.99825131	74.99591973	584.5230164	1088.502369	3610.440377	347.9739035	162762	143915	18266	581	162762	143915	0	20	0	16	3	1	3.1	46.2	359.1	668.8	2218.2	213.8	70.3	16.7	52.1
875	36	123	1547	372	181	1832	4702	18438	4053	1399531	1399531	0	0	1399531	1399531	0	86	0	86	0	0	2.6	110.5	130.9	336	1317.4	289.6	8.8	26.6	12.9
880	3	23	73	22	41	215	724	4895	412	132804	132804	0	0	132804	132804	0	3	0	3	0	0	2.3	55	161.9	545.2	3685.9	310.2	17.3	16.6	30.9
920	24.74473057	187.3041287	472.0505108	147	85	462.3759131	5337.758151	12327.93563	1478.843135	370089	290223	49974	29892	370089	290223	0	12	0	10	1	1	6.7	127.6	124.9	1442.3	3331.1	399.6	50.6	50.7	29.3
960	4	55.36363636	125.0909091	21	11	243.7985846	808.2727273	5065.499183	166.6363636	252525	236327	16198	0	252525	236327	0	10	0	8	2	0	1.6	49.5	96.5	320.1	2005.9	66	21.9	8.9	4.7
1000	107.5765725	385.9164988	2121.058529	410.001514	197.003028	2731.328267	9492.959469	27580.95208	4571.825782	938138	872451	0	65687	938138	632275	0	57	0	43	0	14	11.5	226.1	291.1	1011.9	2940	487.3	41.1	64.8	31.2
1010	2	14	5	2	2	43	215	1560	142	96307	94451	1856	0	96307	94451	0	5	0	4	1	0	2.1	5.2	44.6	223.2	1619.8	147.4	14.5	2.1	2.1
1020	2	23	35	14	2	126	739	2930	163	121949	121949	0	0	121949	121949	0	2	0	2	0	0	1.6	28.7	103.3	606	2402.6	133.7	18.9	11.5	1.6
1040	0	0	0	0	0	0	0	0	0	155102	0	0	0	0	0	155102	10	10	0	0	0									
1080	12	262	135	41	171	1000	3224	12739	1242	473399	471899	1500	0	473399	471899	0	9	0	8	1	0	2.5	28.5	211.2	681	2691	262.4	55.3	8.7	36.2
1123	121.4144216	1629.60092	7029.288612	1787	1338	17499.18119	28764.37175	94611.38002	21896.00584	6164637	5669060	192100	303477	6164637	5540342	0	298	0	257	12	29	2	114	283.9	466.6	1534.7	355.2	26.4	32.3	24.2
1125	2.440472422	100.3757451	71.72610797	11	34.6464504	584.8204086	1333.243905	6434.180325	489.1240493	282162	182405	98363	1394	282162	182405	0	8	0	4	3	1	0.9	25.4	207.3	472.5	2280.3	173.3	35.6	6	19
1145	8.94868677	87.92242218	92.28161479	25.74343385	39.58949416	305.4092899	1808.069066	4531.689202	399.0488813	261256	261256	0	0	261256	261256	0	17	0	17	0	0	3.4	35.3	116.9	692.1	1734.6	152.7	33.7	9.9	15.2
1150	6	175	104	39	68	708	1735	4715	583	238604	238604	0	0	238604	238604	0	5	0	5	0	0	2.5	43.6	296.7	727.1	1976.1	244.3	73.3	16.3	28.5
1240	12	114	270	40	130	1201	3407	15712	896	359058	359058	0	0	359058	359058	0	12	0	12	0	0	3.3	75.2	334.5	948.9	4375.9	249.5	31.7	11.1	36.2
1260	6	130	107	22	78	574	1565	6069	311	158526	158526	0	0	158526	158526	0	3	0	3	0	0	3.8	67.5	362.1	987.2	3828.4	196.2	82	13.9	49.2
1280	82.27272727	357.8119931	2154.636364	624	596.3009674	3126.266539	7582.28859	25071.51067	3821.601935	1165126	1031966	133160	0	1165126	1031966	0	28	0	24	4	0	7.1	184.9	268.3	650.8	2151.8	328	30.7	60.5	57.8
1303	5.08927225	59.67385469	37.02663088	5	35	273.1237748	1206.012727	4147.84121	246.119462	203769	196369	0	7400	203769	184552	0	16	0	14	0	2	2.5	18.2	134	591.9	2035.6	120.8	29.3	2.7	19
1320	6.974027566	86.71541955	239.8373198	22.9947851	13.99217765	333.3978472	2604.026065	8626.373302	647.2777301	407624	230928	58420	118276	407624	230928	0	24	0	12	7	5	1.7	58.8	81.8	638.8	2116.3	158.8	21.3	10	6.1
1350	5	16	17	6	3	119	676	2619	226	67679	67679	0	0	67679	67679	0	4	0	4	0	0	7.4	25.1	175.8	998.8	3869.7	333.9	23.6	8.9	4.4
1360	4.139256546	57.57384513	109.351761	18	29	329.3446672	1449.683386	5912.328939	385.0433145	195455	188918	0	6537	195455	188918	0	5	0	4	0	1	2.1	55.9	168.5	741.7	3024.9	197	29.5	9.5	15.4
1400	0	0	0	0	0	0	0	0	0	183928	0	0	0	0	0	183928	12	12	0	0	0									
1440	51.18181818	302	1035.090909	559	619	3320.272727	5382.181818	16851	2835.090909	568142	566163	1979	0	568142	566163	0	24	0	22	2	0	9	182.2	584.4	947.3	2966	499	53.2	98.7	109.3
1480	18.24264766	62.08896052	194.8209095	72	244	747.6612036	2132.143093	5169.945154	683.9615572	249187	208119	34962	6106	249187	208119	0	23	0	11	5	7	7.3	78.2	300	855.6	2074.7	274.5	24.9	34.6	117.2
1520	104.741667	543.2978792	3597.362219	1980	2006	7448.471794	18945.55542	50448.01426	9047.904211	1601365	1261351	331612	8402	1601365	1261351	0	44	0	30	11	3	6.5	224.6	465.1	1183.1	3150.3	565	33.9	157	159
1540	10	69	95	33	42	313	500	3146	264	166287	166287	0	0	166287	166287	0	4	0	4	0	0	6	57.1	188.2	300.7	1891.9	158.8	41.5	19.8	25.3
1560	31.33414239	147	592.6068697	318.3341424	545	2172.563842	4399.961827	15835.53781	2162.427479	475410	467388	8022	0	475410	467388	0	27	0	25	2	0	6.6	124.7	457	925.5	3330.9	454.9	30.9	68.1	116.6
1580	1	35	29	10	18	116	376	2487	145	83315	83315	0	0	83315	83315	0	3	0	3	0	0	1.2	34.8	139.2	451.3	2985.1	174	42	12	21.6
1600	622	0	17704	0	0	20703	27180	105467	23504	8484669	3310885	0	0	0	0	5173784	306	297	9	0	0	18.8	534.7	625.3	820.9	3185.5	709.9			
1620	10.33333333	104.3333333	128.6666667	29	12	499.3333333	2540	4405.333333	1280.333333	211398	114420	96978	0	211398	114420	0	6	0	5	1	0	4.9	60.9	236.2	1201.5	2083.9	605.7	49.4	25.3	10.5
1640	87.28367576	664.5446967	2830.111405	710.2168376	381.8533033	1936.597785	11204.24808	39458.87495	5402.860057	1671172	1261123	38940	103710	1403773	1261123	267399	100	30	48	6	16	6.2	201.6	138	798.2	2810.9	384.9	47.3	56.3	30.3
1660	6	72	174	88	193	708	1783	5906	345	211002	168758	0	0	168758	168758	42244	7	4	3	0	0	3.6	103.1	419.5	1056.5	3499.7	204.4	42.7	52.1	114.4
1680	94.67684667	950.7446063	3999.429262	1540	606	3690.813641	14987.12816	38125.9711	7713.344064	2253214	1771635	63091	418488	2253214	1721838	0	104	0	68	7	29	4.2	177.5	163.8	665.1	1692.1	342.3	42.2	89.4	35.2
1720	22.04851465	254.762851	448.8147115	184	271	1248.933032	4074.790732	15688.37351	2120.302291	549145	400587	146887	1671	549145	400587	0	8	0	5	1	2	4	81.7	227.4	742	2856.9	386.1	46.4	45.9	67.7
1740	3	23	103	24	33	389	706	3886	259	140277	140277	0	0	140277	140277	0	6	0	6	0	0	2.1	73.4	277.3	503.3	2770.2	184.6	16.4	17.1	23.5
1760	38	263.7255113	1159.359526	723.8170075	806.3595264	3427.281306	5498.961249	20410.81198	2751.895587	557354	557354	0	0	557354	557354	0	18	0	18	0	0	6.8	208	614.9	986.6	3662.1	493.7	47.3	129.9	144.7
1800	22.9478767	45.42539383	391.5974668	290.9123301	283.203182	603.7061295	2788.025972	10981.09138	1429.822905	279343	230831	23139	25373	279343	230831	0	13	0	5	3	5	8.2	140.2	216.1	998.1	3931	511.9	16.3	126	122.7
1840	133.4258496	879.3838075	3979.230628	1967.998052	930	2697.942765	21106.29	54183.10719	10266.43581	1585922	1474564	4824	106534	1585922	1471495	0	52	0	41	1	10	8.4	250.9	170.1	1330.9	3416.5	647.3	55.4	133.7	63.2
1880	25	272.3389649	637.7881023	134	298.2287924	1810.923617	4752.27912	17889.9141	1468.372754	388130	388130	0	0	388130	388130	0	15	0	15	0	0	6.4	164.3	466.6	1224.4	4609.3	378.3	70.2	34.5	76.8
1890	0	16.52841362	31.36024267	6.627843174	1.502274539	71.87103768	616.7718256	2187.148031	183.3342485	79468	59806	19662	0	79468	59806	0	4	0	3	1	0	0	39.5	90.4	776.1	2752.2	230.7	20.8	11.1	2.5
1900	2.028810932	23.20845557	42.69654666	6	20	254.0025992	706.1004015	1949.168831	122.9659225	102107	101382	0	725	102107	101382	0	11	0	10	0	1	2	41.8	248.8	691.5	1908.9	120.4	22.7	5.9	19.7
1920	301.251065	1283.200173	9921.303562	4889.695595	4147.324517	13251.28745	42606.3771	127106.539	27170.00904	3801215	3798551	489	2175	3801215	3798551	0	110	0	107	1	2	7.9	261	348.6	1120.9	3343.8	714.8	33.8	128.7	109.2
1950	10	35.71428571	86	49	49	251.4285714	501.2	1993.714286	214	110733	106884	3849	0	110733	106884	0	5	0	2	3	0	9	77.7	227.1	452.6	1800.5	193.3	32.3	45.8	45.8
1960	5	73	253	46	79	1105	1649	6375	444	359461	156866	2975	0	159841	156866	199620	29	24	4	1	0	3.1	158.3	691.3	1031.7	3988.3	277.8	45.7	29.3	50.4
2000	51.58532999	519.7650202	1713.590654	580	286.5603917	1084.503445	9988.268184	28783.93387	5139.062573	948651	732061	153542	63048	948651	732061	0	44	0	31	5	8	5.4	180.6	114.3	1052.9	3034.2	541.7	54.8	79.2	39.1
2020	20	231	754	256	312	2306	5501	12993	2181	526272	526272	0	0	526272	526272	0	18	0	18	0	0	3.8	143.3	438.2	1045.3	2468.9	414.4	43.9	48.6	59.3
2030	5.120959431	15.94430828	136.1476943	59	42	140.1146138	1256.39124	4072.207717	261.6912558	146969	144747	0	2222	146969	144747	0	13	0	11	0	2	3.5	92.6	95.3	854.9	2770.8	178.1	10.8	40.8	29
2040	0	0	0	0	0	0	0	0	0	112483	0	0	0	0	0	112483	7	7	0	0	0									
2080	122.8743379	974.6659598	2680.549982	808.9367312	922.8734624	4834.362862	17494.3062	59950.00309	16408.67955	2208893	2177947	831	30115	2208893	2023610	0	38	0	33	2	3	5.6	121.4	218.9	792	2714	742.8	44.1	40	45.6
2120	12	146.0909091	342.2727273	95	72	747.8181818	2927.090909	15070.36364	1311.181818	472612	457808	14804	0	472612	457808	0	23	0	21	2	0	2.5	72.4	158.2	619.3	3188.7	277.4	30.9	20.8	15.7
2160	450.2039783	2031.095799	8176.678031	4204	4695	19789.66258	31162.07146	91157.53498	41476.00209	4477653	4414524	42082	21047	4477653	4414524	0	131	0	122	7	2	10.1	182.6	442	695.9	2035.8	926.3	45.4	95.2	106.4
2180	5.454591655	54.49837648	130.5232135	55.06301894	56.09902976	226.0033065	1074.438554	3349.998389	282.4482465	139601	131581	0	8020	139601	131581	0	19	0	13	0	6	3.9	93.5	161.9	769.6	2399.7	202.3	39	41.8	42.6
2190	5	88.04217298	114.1265189	44.60757684	127.3037884	798.814153	880.3795568	3460.707648	269.2151537	132710	132710	0	0	132710	132710	0	11	0	11	0	0	3.8	86	601.9	663.4	2607.7	202.9	66.3	33.6	95.9
2200	2	23	15	5	2	232	473.4796117	1485.276214	130.9674757	89609	89609	0	0	89609	89609	0	3	0	3	0	0	2.2	16.7	258.9	528.4	1657.5	146.2	25.7	5.6	2.2
2240	8	115	103	16	36	323.1428571	2023.142857	6622.142857	656.4285714	245551	238803	6748	0	245551	238803	0	18	0	16	2	0	3.3	41.9	131.6	823.9	2696.9	267.3	46.8	6.7	15.1
2281	5.030072018	60.32662838	195.4231004	50	36	517.7953098	1043.998968	4042.927135	276.9834177	288241	283343	3073	1825	288241	283343	0	14	0	12	1	1	1.7	67.8	179.6	362.2	1402.6	96.1	20.9	17.6	12.7
2290	0	31	20.63636364	0	2	165.6363636	674.5454545	2999.181818	207.2727273	151155	87006	64149	0	151155	87006	0	12	0	9	3	0	0	13.7	109.6	446.3	1984.2	137.1	20.5	0	2.3
2320	21	263	638	145	221	2998	2689	19983	2114	708407	708407	0	0	708407	708407	0	6	0	6	0	0	3	90.1	423.2	379.6	2820.8	298.4	37.1	20.5	31.2
2330	8	39.90856806	165.8628521	55.95428403	17	172.954284	1518.54284	5634.536794	629.6342722	187572	187572	0	0	187572	88420	0	4	0	4	0	0	4.3	88.4	92.2	809.6	3003.9	335.7	21.3	63.3	19.2
2335	3.4	32.6	54.4	2	9	153.4	354.2	1871.8	84.29090909	90768	60299	30469	0	90768	60299	0	6	0	5	1	0	3.7	59.9	169	390.2	2062.2	92.9	35.9	3.3	14.9
2340	1	41	25	9	24	160	594	2219	111	57538	57538	0	0	57538	57538	0	3	0	3	0	0	1.7	43.4	278.1	1032.4	3856.6	192.9	71.3	15.6	41.7
2360	6.118541431	117.0527187	229.9348678	61	34	342.1023953	1474.32969	4591.311928	293.8516833	281060	275891	0	5169	281060	275891	0	12	0	10	0	2	2.2	81.8	121.7	524.6	1633.6	104.6	41.6	22.1	12.3
2400	5	111	252	53	82	499	3064	11657	1860	330199	330199	0	0	330199	330199	0	10	0	10	0	0	1.5	76.3	151.1	927.9	3530.3	563.3	33.6	16.1	24.8
2440	12.3533681	57.7453983	174.3569969	48	26	1533.968926	1427.613515	5651.653569	421.5935227	299125	234137	0	19719	253856	234137	45269	8	2	5	0	1	4.9	68.7	604.3	562.4	2226.3	166.1	22.7	20.5	11.1
2520	2	66	24	5	4	92	712	3397	314	177421	177421	0	0	177421	177421	0	6	0	6	0	0	1.1	13.5	51.9	401.3	1914.7	177	37.2	2.8	2.3
2560	18	73	716	360	394	1367	4745	11635	1094	306503	306503	0	0	306503	306503	0	4	0	4	0	0	5.9	233.6	446	1548.1	3796	356.9	23.8	117.5	128.5
2580	5	169	71	15	83	528.4545455	1509.054545	7557.727273	518.8	333927	282991	50936	0	333927	282991	0	15	0	12	3	0	1.5	21.3	158.3	451.9	2263.3	155.4	50.6	5.3	29.3
2620	2.047599156	77.60292264	56.51125864	24	61.156517	512.3090849	1083.651772	5306.407098	299.344901	129251	127086	0	2165	129251	127086	0	9	0	8	0	1	1.6	43.7	396.4	838.4	4105.5	231.6	60	18.9	48.1
2640	36.00849232	289.1600841	559.652071	246	436	1587.991061	4432.122617	10425.83095	2332.598534	442720	438827	3528	365	442720	438827	0	24	0	21	2	1	8.1	126.4	358.7	1001.1	2354.9	526.9	65.3	56.1	99.4
2650	5.065977871	30.51507725	71.71692415	38	59	277.8806984	962.2134037	3244.386028	173.6497759	142417	141205	0	1212	142417	141205	0	13	0	11	0	2	3.6	50.4	195.1	675.6	2278.1	121.9	21.4	26.9	41.8
2655	14	55	280	146	226	857	1804	5909	529	128475	128475	0	0	128475	128475	0	8	0	8	0	0	10.9	217.9	667.1	1404.2	4599.3	411.8	42.8	113.6	175.9
2670	5	148.0518319	59.05183192	9	57	437	1396.993167	7121.547582	506.3109915	267197	211383	55814	0	267197	211383	0	6	0	5	1	0	1.9	22.1	163.5	522.8	2665.3	189.5	55.4	4.3	27
2680	67	477	2877	1180	783	5694	11726	41282	7487	1740402	1740402	0	0	1740402	1740402	0	30	0	30	0	0	3.8	165.3	327.2	673.8	2372	430.2	27.4	67.8	45
2700	27	129	651	284	382	1790	4702	10715	1956	484345	484345	0	0	484345	484345	0	4	0	4	0	0	5.6	134.4	369.6	970.8	2212.3	403.8	26.6	58.6	78.9
2710	21	128	456	159	242	1458	3334	8331	817	343818	343818	0	0	343818	343818	0	7	0	7	0	0	6.1	132.6	424.1	969.7	2423.1	237.6	37.2	46.2	70.4
2720	18.09090909	101	147	55	151	916.3030303	1939.060606	7071.545455	398.0909091	213241	179501	33740	0	213241	179501	0	13	0	11	2	0	8.5	68.9	429.7	909.3	3316.2	186.7	47.4	30.6	84.1
2750	3	52	118	37	62	430	940	3646	294	178924	178924	0	0	178924	178924	0	6	0	6	0	0	1.7	65.9	240.3	525.4	2037.7	164.3	29.1	20.7	34.7
2760	20.4633038	169.5483919	419.5215062	230	47	551.6561668	3215.461194	12288.77421	1178.27339	511937	435942	0	75995	511937	435942	0	17	0	12	0	5	4	81.9	107.8	628.1	2400.4	230.2	33.1	52.8	10.8
2800	86.97022049	661.7339175	2502.203946	942.433177	1193.804255	4691.21048	18956.33145	62550.87829	7850.659474	1830724	1830724	0	0	1830724	1830724	0	54	0	54	0	0	4.8	136.7	256.2	1035.5	3416.7	428.8	36.1	51.5	65.2
2840	68	320	1675	653	975	3856	8375	29022	9226	975021	975021	0	0	975021	975021	0	16	0	16	0	0	7	171.8	395.5	859	2976.6	946.2	32.8	67	100
2880	7.109765703	29.42451873	95.38485261	30	53.05224661	319.0890208	942.3746352	3474.612676	355.8336662	103432	72102	0	31330	103432	72102	0	9	0	8	0	1	6.9	92.2	308.5	911.1	3359.3	344	28.4	41.6	73.6
2900	7	114	304	94	163	1551	2542	6782	877	226322	226322	0	0	226322	226322	0	5	0	5	0	0	3.1	134.3	685.3	1123.2	2996.6	387.5	50.4	41.5	72
2920	19.9946356	210.7518949	411.9930668	146.6032607	156.6300827	941.7020352	2729.086656	7666.510299	1068.287645	265280	265280	0	0	265280	265280	0	12	0	12	0	0	7.5	155.3	355	1028.8	2890	402.7	79.4	55.3	59
2960	106.6580885	165.131034	927.0306253	358	328	1639.01748	4520.432563	16189.26856	3801.179139	641204	595554	26621	19029	641204	595554	0	25	0	22	1	2	16.6	144.6	255.6	705	2524.8	592.8	25.8	60.1	55.1
2975	1	36	18	7	15	263.5	450.5	1832	52	125314	120076	5238	0	125314	120076	0	10	0	8	2	0	0.8	14.4	210.3	359.5	1461.9	41.5	28.7	5.8	12.5
2980	10.01489471	9.076737523	148.4042061	89.96492766	189.9859711	418.6292382	1482.062499	3149.351696	292.6246786	114136	113184	710	242	114136	113184	0	7	0	5	1	1	8.8	130	366.8	1298.5	2759.3	256.4	8	79.5	167.9
2985	1.119239894	28.27153635	11.26898843	1	3	95.23161891	478.7565763	2515.662602	184.7082322	96253	71093	23763	1397	96253	71093	0	9	0	6	2	1	1.2	11.7	98.9	497.4	2613.6	191.9	29.4	1.4	4.2
2995	3.207704237	39.26597007	35.48799873	11	63	270.8383676	898.4792917	3868.319031	305.2630687	122608	115454	0	7154	122608	115454	0	6	0	4	0	2	2.6	28.9	220.9	732.8	3155	249	32	9.5	54.6
3000	26.18071184	598.4145091	853.3719392	236.0032026	421.0032026	3191.124469	7052.018115	26235.46343	2358.77124	1118242	1108108	2367	7767	1118242	1108108	0	36	0	33	1	2	2.3	76.3	285.4	630.6	2346.1	210.9	53.5	21.3	38
3040	6	15	59	10	69	254	398	3955	172	80102	80102	0	0	80102	80102	0	2	0	2	0	0	7.5	73.7	317.1	496.9	4937.5	214.7	18.7	12.5	86.1
3060	3.471645978	90.50729272	83.35498183	2.063268789	16.48008718	400.8153044	1437.413405	6813.363357	804.3709792	206792	190547	0	16245	206792	56024	0	21	0	16	0	5	1.7	40.3	193.8	695.1	3294.8	389	43.8	3.7	29.4
3080	3	82	69	15	41.52698738	406.7206414	967.9387357	4633.251504	373.1619243	233512	223005	10507	0	233512	223005	0	8	0	6	2	0	1.3	29.5	174.2	414.5	1984.2	159.8	35.1	6.7	18.6
3120	79.15626057	374.5468726	1991.778893	845	782	3530.226003	15415.04783	41264.17672	4341.023186	1299731	1093881	195926	9924	1299731	1093881	0	41	0	28	5	8	6.1	153.2	271.6	1186	3174.8	334	28.8	77.2	71.5
3150	6	38.99197861	321	193	171	577.9839572	2353.847594	5017.582888	358.9679144	138677	136822	1855	0	138677	136822	0	7	0	6	1	0	4.3	231.5	416.8	1697.4	3618.2	258.9	28.1	141.1	125
3160	64.54213483	450.8330281	1153.017343	561.5198259	1073.425624	4999.912253	9941.292063	27774.00893	3193.805753	997470	997470	0	0	997470	997470	0	38	0	38	0	0	6.5	115.6	501.3	996.7	2784.4	320.2	45.2	56.3	107.6
3180	1	23	107	36	56	360	683	2091	273	135495	135495	0	0	135495	135495	0	4	0	4	0	0	0.7	79	265.7	504.1	1543.2	201.5	17	26.6	41.3
3200	6.927926285	162.9997641	321.1414915	86.78316243	79.14669668	846.2677162	2963.396341	10665.16181	1002.326712	343144	303210	16016	23918	343144	303210	0	11	0	9	1	1	2	93.6	246.6	863.6	3108.1	292.1	47.5	28.6	26.1
3240	16.18708843	179.6924987	708.8820687	304	92	981.2136027	2689.095307	10984.16417	804.8491229	637316	557753	27800	51763	637316	557753	0	61	0	42	6	13	2.5	111.2	154	421.9	1723.5	126.3	28.2	54.5	16.5
3283	62	201	1636	622	182	1833	4941	22789	4466	997363	997363	0	0	997363	997363	0	33	0	33	0	0	6.2	164	183.8	495.4	2284.9	447.8	20.2	62.4	18.2
3285	7.595180978	49.48346878	114.9006087	3	3	96.96502007	1041.27044	3078.50022	326.0468847	115011	44254	48182	22575	115011	44254	0	6	0	2	3	1	6.6	99.9	84.3	905.4	2676.7	283.5	43	6.8	6.8
3290	16.82394398	68.65417153	214.1960664	54	81	471.1468449	3458.214477	8112.233766	683.018684	352897	249651	101183	2063	352897	249651	0	26	0	18	4	4	4.8	60.7	133.5	980	2298.8	193.5	19.5	21.6	32.4
3320	15	266	989	123	154	1336	7967	32086	8253	905301	905301	0	0	905301	905301	0	1	0	1	0	0	1.7	109.2	147.6	880	3544.2	911.6	29.4	13.6	17
3350	7.18804243	88.07762777	148.0609932	52	136	745.4230955	1711.314127	5788.299662	443.0043394	197462	194822	0	2640	197462	194822	0	6	0	5	0	1	3.6	75	377.5	866.7	2931.3	224.3	44.6	26.7	69.8
3360	376.0780727	1496.527747	13934.12653	7277.653305	4471.780423	19377.28495	45557.56039	126263.5183	29634.52885	4488800	4488297	0	503	4488800	4488297	0	61	0	60	0	1	8.4	310.4	431.7	1014.9	2812.9	660.2	33.3	162.1	99.6
3400	5.314725523	52.03499958	183.4307754	55	58	354.5010443	1902.984815	5741.709123	634.4383217	314656	178709	31530	12040	222279	178709	92377	27	14	10	1	2	2.4	82.5	159.5	856.1	2583.1	285.4	23.4	30.8	32.5
3440	22	119	370	26	29	738	2832	9762	1229	354741	354741	0	0	354741	191689	0	12	0	12	0	0	6.2	104.3	208	798.3	2751.9	346.4	33.5	13.6	15.1
3480	119.81481	535.8300058	3145.992455	1696.998531	734	4876.031719	13324.11916	43429.67827	8886.346745	1664925	1476605	10573	177747	1664925	1476605	0	34	0	24	1	9	7.2	189	292.9	800.3	2608.5	533.7	32.2	114.9	49.7
3500	2	50.18181818	59.09090909	7	14	378.2727273	594.9090909	2720.727273	139.3636364	114584	108488	6096	0	114584	108488	0	4	0	3	1	0	1.7	51.6	330.1	519.2	2374.4	121.6	43.8	6.5	12.9
3520	10	102.2	93.2	14	37	328.6	1029.6	3568.8	336.8	161445	159221	2224	0	161445	159221	0	13	0	12	1	0	6.2	57.7	203.5	637.7	2210.5	208.6	63.3	8.8	23.2
3560	61.99354475	256.848615	1112.485805	692	295	754.0386376	6523.602501	13628.05757	3402.049511	450514	400034	0	50480	450514	400034	0	19	0	11	0	8	13.8	246.9	167.4	1448	3025	755.1	57	173	73.7
3580	2	57.01095083	216.0355902	104.0136885	162.0410656	597.2546067	1360.599558	3735.119722	492.0711804	110128	110128	0	0	110128	110128	0	5	0	5	0	0	1.8	196.2	542.3	1235.5	3391.6	446.8	51.8	94.4	147.1
3600	107	289	2592	1360	1460	5964	11245	37441	5611	1175946	1175946	0	0	1175946	1175946	0	13	0	13	0	0	9.1	220.4	507.2	956.3	3183.9	477.1	24.6	115.7	124.2
3605	6.195230194	31.21469151	57.12738304	13	26	251.5404747	946.1943628	1865.136647	170.9972616	150563	71799	0	78764	150563	71799	0	7	0	6	0	1	4.1	37.9	167.1	628.4	1238.8	113.6	20.7	18.1	36.2
3610	2.057557019	35.62515778	75.72377524	15	34	238.3501463	724.5442159	2770.237255	153.9445907	138567	135074	0	3493	138567	135074	0	9	0	8	0	1	1.5	54.6	172	522.9	1999.2	111.1	25.7	11.1	25.2
3620	3	42	99	31	13	206.1333039	1132.022989	4660.95314	263.9126743	154973	152425	2548	0	154973	152425	0	8	0	7	1	0	1.9	63.9	133	730.5	3007.6	170.3	27.1	20.3	8.5
3640	37	95	2010	537	227	2002	4183	10154	4036	614862	614862	0	0	614862	614862	0	12	0	12	0	0	6	326.9	325.6	680.3	1651.4	656.4	15.5	87.3	36.9
3660	17.10488331	155.8430243	225.1036029	75	348	1534.871572	3592.413844	12489.86068	1141.37518	487100	483154	1810	2136	487100	483154	0	30	0	28	1	1	3.5	46.2	315.1	737.5	2564.1	234.3	32	15.5	72
3680	8.864269919	56.61553137	106.2856164	21	21	403.7488671	953.7245585	2869.166254	306.5726231	230474	160033	10952	59489	230474	160033	0	54	0	25	5	24	3.8	46.1	175.2	413.8	1244.9	133	24.6	13.1	13.1
3700	4	14	114	43	40	252	1080	2694	182	84559	84559	0	0	84559	84559	0	2	0	2	0	0	4.7	134.8	298	1277.2	3185.9	215.2	16.6	50.9	47.3
3710	9	64	67	20	27	378	1334	4939	452	161104	161104	0	0	161104	161104	0	17	0	17	0	0	5.6	41.6	234.6	828	3065.7	280.6	39.7	12.4	16.8
3720	11.8	329.2111593	433.7919936	90.99679744	235.9967974	1809.299286	4246.246646	13946.07342	1520.455694	458425	380507	77918	0	458425	380507	0	30	0	28	2	0	2.6	94.6	394.7	926.3	3042.2	331.7	71.8	23.9	62
3740	0	0	0	0	0	0	0	0	0	105097	0	0	0	0	0	105097	11	11	0	0	0									
3760	122.3292465	723.2990395	2804.287	975	1715.538397	6997.108599	16260.69663	59642.63336	9749.727832	1836459	1330668	212597	293194	1836459	1330668	0	120	0	110	6	4	6.7	152.7	381	885.4	3247.7	530.9	39.4	73.3	128.9
3800	1	40	71	24	4	176	668	3009	269	155316	155316	0	0	155316	155316	0	5	0	5	0	0	0.6	45.7	113.3	430.1	1937.3	173.2	25.8	15.5	2.6
3810	15.98762434	138.9319339	282.9319339	138.9814365	128.9566852	918.4889881	3622.490878	8009.705066	673.7153598	324125	324125	0	0	324125	324125	0	13	0	13	0	0	4.9	87.3	283.4	1117.6	2471.2	207.9	42.9	42.9	39.8
3840	38	262.7008753	675.0531579	261.684386	745.0861367	2523.42193	6789.625452	19409.42514	2785.774212	712681	712681	0	0	712681	712681	0	23	0	23	0	0	5.3	94.7	354.1	952.7	2723.4	390.9	36.9	36.7	104.5
3850	3.202892318	23.57778597	74.93041449	31.00146874	33	200.1902038	798.0241298	3047.970031	216.5797456	101974	90652	0	11322	101974	90652	0	5	0	4	0	1	3.1	73.5	196.3	782.6	2989	212.4	23.1	34.2	36.4
3870	5	23	22.60606061	4	6	128.5757576	385.5757576	2542.424242	117.4545455	128769	102538	26231	0	128769	102538	0	10	0	6	4	0	3.9	17.6	99.8	299.4	1974.4	91.2	17.9	3.9	5.9
3880	17.06967761	180.5145244	351.2425306	103	564	1663.941244	3846.743895	10860.77847	997.0031189	390862	283644	78161	29057	390862	283644	0	27	0	8	8	11	4.4	89.9	425.7	984.2	2778.7	255.1	46.2	36.3	198.8
3920	2.023205497	61.38093036	90.7652714	31	11	277.7053092	1191.375619	5172.400273	294.051511	187078	168925	17482	671	187078	168925	0	6	0	4	1	1	1.1	48.5	148.4	636.8	2764.8	157.2	32.8	18.4	6.5
3960	13.47110327	103.6997841	231.1740187	77	87	651.6395278	2911.967287	6354.828776	522.5585989	183904	157187	20103	6614	183904	157187	0	7	0	4	1	2	7.3	125.7	354.3	1583.4	3455.5	284.1	56.4	49	55.3
3980	22.14250437	177.2134278	617.2347191	219	380	1960.255942	5869.630443	15326.86546	1823.079187	507850	504869	0	2981	507850	504869	0	15	0	14	0	1	4.4	121.5	386	1155.8	3018	359	34.9	43.4	75.3
4000	10.09402573	100.4282626	404.7436941	116	68	601.2044216	2083.863808	8426.067361	911.970288	479739	423519	8515	47705	479739	423519	0	41	0	33	1	7	2.1	84.4	125.3	434.4	1756.4	190.1	20.9	27.4	16.1
4040	13.08513256	336.6034327	336.5269255	70	83	1381.932338	2825.636547	10535.16239	989.6851324	454953	451294	0	3659	454953	451294	0	26	0	23	0	3	2.9	74	303.8	621.1	2315.7	217.5	74	15.5	18.4
4080	31	61	263	87	235	1017.272727	2160.818182	10881.45455	1009	210839	210839	0	0	210839	210839	0	2	0	2	0	0	14.7	124.7	482.5	1024.9	5161	478.6	28.9	41.3	111.5
4100	4.372953369	124.0007124	152.1900855	2	5	612.6591993	1536.203031	4564.42998	457.7521256	180547	89544	1676	89327	180547	13738	0	5	0	2	1	2	2.4	84.3	339.3	850.9	2528.1	253.5	68.7	14.6	36.4
4120	186	685	4579	1913	1385	6232	18840	43765	18903	1774489	1774489	0	0	1774489	1774489	0	11	0	11	0	0	10.5	258	351.2	1061.7	2466.3	1065.3	38.6	107.8	78.1
4150	4	45	61	21	76	315	1039	3842	202	102603	102603	0	0	102603	102603	0	4	0	4	0	0	3.9	59.5	307	1012.6	3744.5	196.9	43.9	20.5	74.1
4200	5	41	115	31	41	612	1393	3725	291	113992	113992	0	0	113992	113992	0	3	0	3	0	0	4.4	100.9	536.9	1222	3267.8	255.3	36	27.2	36
4243	4	49	40	5	5	35	494	2301	133	105717	105717	0	0	105717	105717	0	7	0	7	0	0	3.8	37.8	33.1	467.3	2176.6	125.8	46.4	4.7	4.7
4280	19	134	546	282	100	674	3083	10314	868	492700	317034	0	0	317034	317034	175666	18	14	4	0	0	6	172.2	212.6	972.5	3253.3	273.8	42.3	88.9	31.5
4320	2.546271001	94.35644948	142.4951753	42	55	300.5926002	1028.763704	3580.699938	244.9979075	154781	133056	0	21725	154781	133056	0	10	0	6	0	4	1.6	92.1	194.2	664.7	2313.4	158.3	61	31.6	41.3
4360	5	98	157	67	54	875	2160	11686	504	259019	259019	0	0	259019	259019	0	2	0	2	0	0	1.9	60.6	337.8	833.9	4511.6	194.6	37.8	25.9	20.8
4400	62.60213154	270.752369	1171.01161	743	771	2888.817344	8128.089452	25448.37962	2629.611324	598999	519332	77988	1679	598999	519332	0	20	0	14	5	1	10.5	195.5	482.3	1356.9	4248.5	439	45.2	143.1	148.5
4420	12.04917034	115.3016238	238.3406947	102.5481767	126.8704419	549.6242957	2412.274145	7055.137072	818.260951	215588	214432	0	1156	215588	214432	0	15	0	14	0	1	5.6	110.6	254.9	1118.9	3272.5	379.5	53.5	47.8	59.2
4480	1054	2586	28963.42857	11410	12033	52069	60301.28571	171818.8571	75240.28571	9909465	9909465	0	0	9909465	9909465	0	89	0	89	0	0	10.6	292.3	525.4	608.5	1733.9	759.3	26.1	115.1	121.4
4520	88.89965478	184.4024302	3187.198951	88	18	3184.907862	15205.29994	37802.43259	6914.485718	1045900	206182	632317	23583	862082	206182	183818	35	20	10	2	3	10.3	369.7	369.4	1763.8	4385	802.1	21.4	42.7	8.7
4600	18	117	315	79	281.2544421	2065.017768	3237.597726	10836.17768	779.0177683	251423	251423	0	0	251423	251423	0	9	0	9	0	0	7.2	125.3	821.3	1287.7	4309.9	309.8	46.5	31.4	111.9
4640	8	57	92	36	63	309.6666667	733	3319.333333	296.2	218913	217647	1266	0	218913	217647	0	8	0	7	1	0	3.7	42	141.5	334.8	1516.3	135.3	26	16.5	28.9
4680	28.48061064	105.6176461	383.4594771	186	288	746.8985068	4144.880747	13407.72757	1787.158453	335661	267925	65307	2429	335661	267925	0	18	0	11	4	3	8.5	114.2	222.5	1234.8	3994.4	532.4	31.5	69.4	107.5
4720	14.54989074	119.4482197	352.7575867	148	37	584.1254739	2313.507589	10665.45136	878.9847509	445643	368180	3608	73855	445643	368180	0	22	0	19	2	1	3.3	79.2	131.1	519.1	2393.3	197.2	26.8	40.2	10
4800	8.327963759	49.41657862	129.1039158	38	14	74.76461608	1576.712635	5218.493538	298.4167874	174646	160621	982	13043	174646	160621	0	13	0	11	1	1	4.8	73.9	42.8	902.8	2988	170.9	28.3	23.7	8.7
4880	53.05946379	185.5616024	563.1151058	167	381	2037.880705	7349.107609	26854.46424	2396.794813	624027	594009	28620	1398	624027	594009	0	19	0	17	1	1	8.5	90.2	326.6	1177.7	4303.4	384.1	29.7	28.1	64.1
4890	5.005680249	56.15494458	66.25876691	23	76	476.6226184	1136.443493	6301.753895	466.098221	188446	188006	0	440	188446	188006	0	11	0	10	0	1	2.7	35.2	252.9	603.1	3344.1	247.3	29.8	12.2	40.4
4900	22	265	539	177	329	2718	4798	12060	1324	504647	504647	0	0	504647	504647	0	13	0	13	0	0	4.4	106.8	538.6	950.8	2389.8	262.4	52.5	35.1	65.2
4920	150.3209459	580.6935945	4637.277692	2937	3008	6597.153863	20818.74857	41848.68071	10095.57309	1168351	1097234	42925	28192	1168351	1097234	0	28	0	23	4	1	12.9	396.9	564.7	1781.9	3581.9	864.1	49.7	267.7	274.1
4940	16	76	285	76	127	1226	2624	5780	1526	227763	227763	0	0	227763	227763	0	7	0	7	0	0	7	125.1	538.3	1152.1	2537.7	670	33.4	33.4	55.8
5000	204	938	8543	3416	2818	15768	25641	96328	20496	2352011	2352011	0	0	2352011	2352011	0	30	0	30	0	0	8.7	363.2	670.4	1090.2	4095.6	871.4	39.9	145.2	119.8
5015	26	127	804	212	122	1300	4721.5	16762	2506	1218011	1216920	1091	0	1218011	1216920	0	61	0	60	1	0	2.1	66	106.7	387.6	1376.2	205.7	10.4	17.4	10
5080	120.3289094	410.7430632	3254.040326	2031	780.9955072	2576.664767	9171.018071	43477.84983	7276.14966	1521148	1489536	9432	22180	1521148	1489536	0	53	0	50	2	1	7.9	213.9	169.4	602.9	2858.2	478.3	27	136.4	52.4
5120	90.96373722	1242.082411	3569.665226	219	142.7296267	5196.901585	17298.96565	78704.58219	10348.88585	3072385	2614032	251370	206983	3072385	1949149	0	124	0	97	16	11	3	116.2	169.1	563	2561.7	336.8	40.4	11.2	7.3
5140	3.017511519	22.03731234	37.72538534	0	0	261.405247	415.4888752	3319.942059	228.4310782	98983	0	0	98983	98983	0	0	2	0	0	0	2	3	38.1	264.1	419.8	3354.1	230.8	22.3		
5160	35.20315958	261.5860299	1055.286766	184	136	1234.949477	7007.607609	18149.75302	2104.238419	549835	546103	0	3732	549835	294758	0	24	0	23	0	1	6.4	191.9	224.6	1274.5	3300.9	382.7	47.6	62.4	46.1
5170	27	170	724	238	365	2189	4872	16641	5451	487502	487502	0	0	487502	487502	0	10	0	10	0	0	5.5	148.5	449	999.4	3413.5	1118.1	34.9	48.8	74.9
5190	14	101.5	635.5	125	154	1477	4255.5	17330	1205	1173434	1171924	1510	0	1173434	1171924	0	82	0	81	1	0	1.2	54.2	125.9	362.7	1476.9	102.7	8.6	10.7	13.1
5200	4.830652231	64.95258394	130.7273549	19	73	652.1871493	1719.020366	4833.566609	351.4293088	147792	94012	0	53780	147792	94012	0	5	0	3	0	2	3.3	88.5	441.3	1163.1	3270.5	237.8	43.9	20.2	77.6
5240	26	181.6939351	759.6939351	47.67056216	93.0584324	778.1285513	5157.303848	13574.20371	2047.434616	338793	338793	0	0	338793	136729	0	13	0	13	0	0	7.7	224.2	229.7	1522.3	4006.6	604.3	53.6	34.9	68.1
5280	0	94.00272201	73	35	8	202.002722	742.0952705	3078.223205	301.0108881	118899	118899	0	0	118899	118899	0	3	0	3	0	0	0	61.4	169.9	624.1	2588.9	253.2	79.1	29.4	6.7
5330	14	177	385	150	290	1366	3057	11314	1483	208044	208044	0	0	208044	208044	0	8	0	8	0	0	6.7	185.1	656.6	1469.4	5438.3	712.8	85.1	72.1	139.4
5345	10	105	236	57	117	1082	1974	5372	460	281756	281756	0	0	281756	281756	0	3	0	3	0	0	3.5	83.8	384	700.6	1906.6	163.3	37.3	20.2	41.5
5360	93.65942868	577.6594287	2505.659429	1411.659429	2061.934858	8064.550859	11304.50743	41822.6023	6223.637715	1280264	1280264	0	0	1280264	1280264	0	43	0	43	0	0	7.3	195.7	629.9	883	3266.7	486.1	45.1	110.3	161.1
5380	57.45252127	260.5805318	2150.674093	644	262	3071.939956	8258.79713	38006.66484	5694.585361	2808315	2558233	227401	22681	2808315	2558233	0	39	0	22	13	4	2	76.6	109.4	294.1	1353.4	202.8	9.3	25.2	10.2
5483	41.63636364	311.6363636	2262.818182	519	176	2788.727273	7896.090909	33747.09091	5953.545455	1675626	1550629	124997	0	1675626	1550629	0	43	0	42	1	0	2.5	135	166.4	471.2	2014	355.3	18.6	33.5	11.4
5523	7	98.33333333	158.3333333	30	19	247	631.6666667	2820	238	140788	104547	36241	0	140788	104547	0	7	0	6	1	0	5	112.5	175.4	448.7	2003	169	69.8	28.7	18.2
5560	339.1468013	458.1746177	3168.83701	1996	1403	4993.373864	11426.12175	35628.99493	10612.02952	1340684	1336705	1918	2061	1340684	1336705	0	19	0	17	1	1	25.3	236.4	372.4	852.3	2657.5	791.5	34.2	149.3	105
5600	622.4549526	1726.032394	27326.33582	330	106	33168.31989	31832.28725	143493.8045	25756.44453	9427694	9263549	136535	27610	9427694	1165483	0	57	0	41	14	2	6.6	289.9	351.8	337.6	1522	273.2	18.3	28.3	9.1
5640	173	329.2	4689.6	1909	963	4417.6	11383	32422.8	16486.6	2075567	2074023	1544	0	2075567	2074023	0	109	0	108	1	0	8.3	225.9	212.8	548.4	1562.1	794.3	15.9	92	46.4
5660	7.549104175	88.01926291	216.5256367	30	26	579.9583018	1473.337174	5836.241413	458.507148	407598	354864	22384	30350	407598	354864	0	36	0	24	4	8	1.9	53.1	142.3	361.5	1431.9	112.5	21.6	8.5	7.3
5720	130	571	2656	1535	996	3761.333333	9234	45661.33333	5305	1626206	1626206	0	0	1626206	1626206	0	16	0	16	0	0	8	163.3	231.3	567.8	2807.8	326.2	35.1	94.4	61.2
5775	213	715	5889	2071	986	7474	18736	65865	23215	2490526	2490526	0	0	2490526	2490526	0	36	0	36	0	0	8.6	236.5	300.1	752.3	2644.6	932.1	28.7	83.2	39.6
5790	10	161	254	81	212	1598	2513	5619	588	277542	277542	0	0	277542	277542	0	4	0	4	0	0	3.6	91.5	575.8	905.4	2024.6	211.9	58	29.2	76.4
5800	8	60	151	53	109	1068	2200	8167	503	243712	243712	0	0	243712	243712	0	5	0	5	0	0	3.3	62	438.2	902.7	3351.1	206.4	24.6	21.7	44.7
5880	69	570.2127527	1675.11371	771	822.099043	3977.27929	13023.6117	48397.62931	5302.02571	1114740	1114740	0	0	1114740	1114740	0	39	0	39	0	0	6.2	150.3	356.8	1168.3	4341.6	475.6	51.2	69.2	73.7
5910	4	108	91	31	29	375	1658	5191	594	219880	219880	0	0	219880	219880	0	8	0	8	0	0	1.8	41.4	170.5	754	2360.8	270.1	49.1	14.1	13.2
5920	40.36330286	308.8608903	1005.448513	488	408	2121.58892	5592.314666	25758.56745	5652.610908	738270	709990	6982	21298	738270	709990	0	16	0	13	1	2	5.5	136.2	287.4	757.5	3489	765.7	41.8	68.7	57.5
5945	64	497	2624	900	728	5034	12973	48907	11281	2969336	2969336	0	0	2969336	2969336	0	35	0	35	0	0	2.2	88.4	169.5	436.9	1647.1	379.9	16.7	30.3	24.5
5960	90	745	3034	1255	1318	9671	19872	52769	8346	1784264	1784264	0	0	1784264	1784264	0	35	0	35	0	0	5	170	542	1113.7	2957.5	467.8	41.8	70.3	73.9
5990	1	7	59	22	26	165	716	2397	126	92253	92253	0	0	92253	92253	0	2	0	2	0	0	1.1	64	178.9	776.1	2598.3	136.6	7.6	23.8	28.2
6015	7	120	215	76	111	837	1855	6406	450	154681	154681	0	0	154681	154681	0	8	0	8	0	0	4.5	139	541.1	1199.2	4141.4	290.9	77.6	49.1	71.8
6020	2.071285537	65.95997856	28.4135246	5	15	311.209207	716.2823982	2256.613778	191.7939732	150358	140959	6564	2835	150358	140959	0	10	0	6	1	3	1.4	18.9	207	476.4	1500.8	127.6	43.9	3.5	10.6
6080	12	193	417	148	203	1611	3856	10060	843	432254	432254	0	0	432254	432254	0	5	0	5	0	0	2.8	96.5	372.7	892.1	2327.3	195	44.6	34.2	47
6120	7	0	285	0	0	363	1850	4989	720	348025	113143	0	0	0	0	234882	30	29	1	0	0	6.2	251.9	320.8	1635.1	4409.5	636.4			
6160	462.2170848	1730.189037	12975.08792	5346	3926	16092.44849	24903.19057	96913.98617	21597.46245	5165776	4852627	216473	96676	5165776	4852627	0	266	0	237	13	16	8.9	251.2	311.5	482.1	1876.1	418.1	33.5	110.2	80.9
6200	329.6347932	1163.800121	5563.195015	2845	3177	11120.96732	40383.79209	124591.516	44849.80287	3579924	3445691	80981	53252	3579924	3445691	0	28	0	22	4	2	9.2	155.4	310.6	1128.1	3480.3	1252.8	32.5	82.6	92.2
6240	19	52	160	69	149	462.5636364	1459.090909	3153.454545	410	83855	82689	1166	0	83855	82689	0	4	0	3	1	0	22.7	190.8	551.6	1740	3760.6	488.9	62	83.4	180.2
6280	115.4160791	521.0747562	2967.911826	1131.33513	896.0837825	5112.038722	10537.52085	41634.05306	5883.398346	2352300	1885057	151793	315450	2352300	1885057	0	249	0	142	22	85	4.9	126.2	217.3	448	1769.9	250.1	22.2	60	47.5
6323	4.083161362	50.51336261	57.8271983	8	31	588.1675188	601.6543403	1528.803863	315.0018153	133579	115750	0	17829	133579	115750	0	18	0	14	0	4	3.1	43.3	440.3	450.4	1144.5	235.8	37.8	6.9	26.8
6340	1	25	10	2	19	181	315	2099	107	77303	77303	0	0	77303	77303	0	4	0	4	0	0	1.3	12.9	234.1	407.5	2715.3	138.4	32.3	2.6	24.6
6403	2	92	129	25	6	184	1539	5887	374	271425	271425	0	0	271425	271425	0	14	0	14	0	0	0.7	47.5	67.8	567	2168.9	137.8	33.9	9.2	2.2
6440	40.25222716	854.5288821	2178.05393	585.0494012	522	4272.208809	15935.48591	72061.61393	12775.91676	2027811	1976370	25202	26239	2027811	1976370	0	56	0	49	3	4	2	107.4	210.7	785.8	3553.7	630	42.1	29.6	26.4
6483	22	457	811	274	347	1585	4994	20491	4250	989660	989660	0	0	989660	989660	0	33	0	33	0	0	2.2	81.9	160.2	504.6	2070.5	429.4	46.2	27.7	35.1
6520	3	103.6363636	51.36363636	24	19	208.7272727	2548.818182	10218	694	393712	379159	14553	0	393712	379159	0	13	0	12	1	0	0.8	13	53	647.4	2595.3	176.3	26.3	6.3	5
6560	7	39	182	60	84	629	1565	4906	449	148319	148319	0	0	148319	148319	0	2	0	2	0	0	4.7	122.7	424.1	1055.2	3307.7	302.7	26.3	40.5	56.6
6580	4	27	51	20	43	347	1259	3027	248	151399	151399	0	0	151399	151399	0	2	0	2	0	0	2.6	33.7	229.2	831.6	1999.4	163.8	17.8	13.2	28.4
6600	5	30	231	98	14	111	1134	4898	513	192104	192104	0	0	192104	192104	0	7	0	7	0	0	2.6	120.2	57.8	590.3	2549.7	267	15.6	51	7.3
6640	55.82024249	280.4237075	2205.250897	1305	735	2984.149817	13118.83174	36364.79559	3794.461473	1280947	1250738	22298	7911	1280947	1250738	0	40	0	32	5	3	4.4	172.2	233	1024.2	2838.9	296.2	21.9	104.3	58.8
6660	1	104	38	5	21	183	525	3259	177	91244	91244	0	0	91244	91244	0	3	0	3	0	0	1.1	41.6	200.6	575.4	3571.7	194	114	5.5	23
6680	19.54956991	90.97721784	536.064797	217.3020876	149.3020876	686.7706603	1912.956406	6744.211505	1495.716523	383049	333715	25370	23964	383049	333715	0	38	0	28	2	8	5.1	139.9	179.3	499.4	1760.7	390.5	23.8	65.1	44.7
6690	5	110	111	18	67	539	1454	2987	643	173601	173601	0	0	173601	173601	0	3	0	3	0	0	2.9	63.9	310.5	837.6	1720.6	370.4	63.4	10.4	38.6
6720	21	144	626	190	177	1156	3387	11412	2194	373605	373605	0	0	373605	373605	0	3	0	3	0	0	5.6	167.6	309.4	906.6	3054.6	587.3	38.5	50.9	47.4
6740	5	68	67	20	65	378	1382	5053	395	205201	205201	0	0	205201	205201	0	8	0	8	0	0	2.4	32.7	184.2	673.5	2462.5	192.5	33.1	9.7	31.7
6760	149.2238639	265.1918117	1929.569538	1060	509	2136.282797	7169.007532	27942.2864	4480.122934	1036438	1035952	0	486	1036438	1035952	0	15	0	14	0	1	14.4	186.2	206.1	691.7	2696	432.3	25.6	102.3	49.1
6780	258	1034.909091	5374.25974	2077	1983	12665.84416	30304.66234	73657.2987	27106.71429	3552063	3466545	85518	0	3552063	3466545	0	50	0	47	3	0	7.3	151.3	356.6	853.2	2073.6	763.1	29.1	59.9	57.2
6800	12	67	163	63	80	629	1044	5970.818182	561	238919	238919	0	0	238919	238919	0	5	0	5	0	0	5	68.2	263.3	437	2499.1	234.8	28	26.4	33.5
6820	0	72	51	15	22	175	650	2634	213	129980	124449	5531	0	129980	124449	0	3	0	2	1	0	0	39.2	134.6	500.1	2026.5	163.9	55.4	12.1	17.7
6840	67.20625285	232.6947687	1497.812468	686	424	1378.875443	5793.166063	26396.7358	4712.006569	1104457	968859	123081	12517	1104457	968859	0	43	0	32	6	5	6.1	135.6	124.8	524.5	2390	426.6	21.1	70.8	43.8
6880	12	0	500	0	0	732	2996	7895	1164	380969	151703	0	0	0	0	229266	20	19	1	0	0	7.9	329.6	482.5	1974.9	5204.2	767.3			
6895	16	35.73958755	254.7395875	133.159725	116.7395875	401.4791751	2168.993126	5043.413263	419.7986252	145804	145804	0	0	145804	145804	0	14	0	14	0	0	11	174.7	275.4	1487.6	3459	287.9	24.5	91.3	80.1
6920	95	608	3109	990	814	4989	15573	43530	16692	1767688	1767688	0	0	1767688	1767688	0	13	0	13	0	0	5.4	175.9	282.2	881	2462.5	944.3	34.4	56	46
6960	22	247	319	136	692	2086	2988.5	8503.5	806	405064	400918	4146	0	405064	400918	0	25	0	23	2	0	5.4	78.8	515	737.8	2099.3	199	61	33.9	172.6
6980	3.473312773	103.3197503	43.76313565	8	8	212.4633776	689.1979554	4482.439227	286.8416053	179693	95178	79586	4929	179693	95178	0	19	0	9	9	1	1.9	24.4	118.2	383.5	2494.5	159.6	57.5	8.4	8.4
7000	1	20	71	13	10	117.084507	1100.050704	4139.169014	293.0169014	102638	102638	0	0	102638	102638	0	6	0	6	0	0	1	69.2	114.1	1071.8	4032.8	285.5	19.5	12.7	9.7
7040	114.0075894	346.6345826	3683.122859	1826	1902.789612	7876.263752	14289.72636	64312.58731	17681.2936	2647883	2038048	985	220	2039253	2038048	608630	183	70	110	2	1	5.6	180.6	386.2	700.7	3153.7	867	17	89.6	93.4
7080	8.012845109	124.350386	236.5851661	17	17	519.4079667	3331.786991	15498.55332	3022.744841	361681	358558	2128	995	361681	216057	0	18	0	16	1	1	2.2	65.4	143.6	921.2	4285.1	835.7	34.4	7.9	7.9
7120	27	131	660	210	207	1236	2623	9854	2049	417745	417745	0	0	417745	417745	0	13	0	13	0	0	6.5	158	295.9	627.9	2358.9	490.5	31.4	50.3	49.6
7160	43.00684268	636.1346764	1147.133743	391	477	2801.610926	11499.39228	53581.58992	6235.163405	1393567	1353263	39931	373	1393567	1353263	0	32	0	28	3	1	3.1	82.3	201	825.2	3844.9	447.4	45.6	28.9	35.2
7200	3	81	62	14	57	284	1365	4756	253	104620	104620	0	0	104620	104620	0	2	0	2	0	0	2.9	59.3	271.5	1304.7	4546	241.8	77.4	13.4	54.5
7240	105	720	2249.006243	980.0062427	1385.006243	5512.131863	18303.64258	75551.35204	7152.888605	1686016	1684877	1139	0	1686016	1684877	0	36	0	35	1	0	6.2	133.4	326.9	1085.6	4481.1	424.2	42.7	58.2	82.2
7320	130	856	3375	700	1321	9646	18893	54278	23465	2937155	2937155	0	0	2937155	2937155	0	19	0	19	0	0	4.4	114.9	328.4	643.2	1848	798.9	29.1	23.8	45
7360	89	434	3873	810	393	4023	10131	43035	10418	1732823	1732823	0	0	1732823	1732823	0	32	0	32	0	0	5.1	223.5	232.2	584.7	2483.5	601.2	25	46.7	22.7
7400	48	455	1227	283	319	3597	6550	29720	5497	1701167	1701167	0	0	1701167	1701167	0	16	0	16	0	0	2.8	72.1	211.4	385	1747	323.1	26.7	16.6	18.8
7460	7	79	61	15	28	491	1642	4879	494	256067	256067	0	0	256067	256067	0	8	0	8	0	0	2.7	23.8	191.7	641.2	1905.4	192.9	30.9	5.9	10.9
7480	5.554055837	134.3176293	276.9628498	50	28	1039.647357	2274.726083	6972.690237	909.510117	407313	326468	0	80845	407313	326468	0	9	0	8	0	1	1.4	68	255.2	558.5	1711.9	223.3	33	15.3	8.6
7485	13	102	264	59	28	889	1814	7356	695	256477	256477	0	0	256477	256477	0	5	0	5	0	0	5.1	102.9	346.6	707.3	2868.1	271	39.8	23	10.9
7490	9.621004566	85.3652968	130.0148148	28	61	533.2622019	3028.87448	3062.62618	338.6319635	161592	133200	18498	9894	161592	133200	0	5	0	2	1	2	6	80.5	330	1874.4	1895.3	209.6	52.8	21	45.8
7500	14.2	207.4	254.2	70	51	1780.4	2950.4	9634.872727	1629.527273	473300	296382	176918	0	473300	296382	0	10	0	8	2	0	3	53.7	376.2	623.4	2035.7	344.3	43.8	23.6	17.2
7510	28	197	885	239	348	2830	6839	19477	1899	631487	631487	0	0	631487	631487	0	11	0	11	0	0	4.4	140.1	448.1	1083	3084.3	300.7	31.2	37.8	55.1
7520	36.36971887	79.08353237	734.9182533	413	217	848.8563511	3672.406528	10367.059	1876.713091	304146	286600	12812	4734	304146	286600	0	14	0	9	3	2	12	241.6	279.1	1207.4	3408.6	617	26	144.1	75.7
7560	28.05432811	162.1242571	427.3854584	66	81	969.3803242	2835.086377	11554.07246	1069.876889	618809	451822	33803	133184	618809	451822	0	93	0	45	6	42	4.5	69.1	156.7	458.2	1867.1	172.9	26.2	14.6	17.9
7600	83.60837515	1027.645009	2998.955263	779.2309603	687.318624	4776.590922	22560.31935	77406.94949	23738.26625	2494004	2440660	1090	52254	2494004	2440660	0	59	0	57	1	1	3.4	120.2	191.5	904.6	3103.7	951.8	41.2	31.9	28.2
7610	1.560279689	23.39986055	70.59794071	10	9	167.6288682	481.9070194	2115.095233	182.9279133	119808	84997	10380	24431	119808	84997	0	17	0	7	2	8	1.3	58.9	139.9	402.2	1765.4	152.7	19.5	11.8	10.6
7620	2	40	13	2	4	56	378	2831	133	113123	113123	0	0	113123	113123	0	6	0	6	0	0	1.8	11.5	49.5	334.1	2502.6	117.6	35.4	1.8	3.5
7640	3	18	59	7	42	259	1008	3337	245	115630	115630	0	0	115630	115630	0	9	0	9	0	0	2.6	51	224	871.7	2885.9	211.9	15.6	6.1	36.3
7680	56.09045981	169.5184043	816.044493	530	762	1833.964898	4915.598084	14600.9434	2041.422542	394592	389347	3975	1270	394592	389347	0	13	0	11	1	1	14.2	206.8	464.8	1245.7	3700.3	517.4	43	136.1	195.7
7720	1	46	52	10	38	333	1086	3599	395	124046	124046	0	0	124046	124046	0	5	0	5	0	0	0.8	41.9	268.4	875.5	2901.3	318.4	37.1	8.1	30.6
7760	3.300221397	119.7049445	42.3002214	13	43.20703518	280.3144889	942.8709431	3324.780263	299.9210813	180972	172429	0	8543	180972	172429	0	12	0	11	0	1	1.8	23.4	154.9	521	1837.2	165.7	66.1	7.5	25.1
7800	19	104	415	193	95	668	2748	9648	861	268706	266890	1816	0	268706	266890	0	6	0	5	1	0	7.1	154.4	248.6	1022.7	3590.5	320.4	38.7	72.3	35.6
7840	16.1107903	160.0544958	482.7046801	120	135	1102.891395	5028.4813	18357.9525	2441.326442	431905	345352	82005	4548	431905	345352	0	6	0	4	1	1	3.7	111.8	255.4	1164.3	4250.5	565.2	37.1	34.7	39.1
7880	7	0	324	0	0	1158	2112	6522	407	204055	112304	0	0	0	0	91751	18	17	1	0	0	6.2	288.5	1031.1	1880.6	5807.5	362.4			
7920	9	87	183	52	64	1053	2725	12513	1021	337028	337028	0	0	337028	337028	0	23	0	23	0	0	2.7	54.3	312.4	808.5	3712.7	302.9	25.8	15.4	19
8003	20.18874877	305.5757539	1169.25016	413	532	3338.472705	5812.49653	14948.02258	4016.176529	613050	576762	19155	17133	613050	576762	0	39	0	27	2	10	3.3	190.7	544.6	948.1	2438.3	655.1	49.8	71.6	92.2
8050	1	37	18	7	4	159	362	2421	70	138865	135785	3080	0	138865	135785	0	7	0	6	1	0	0.7	13	114.5	260.7	1743.4	50.4	26.6	5.2	2.9
8080	3.039143129	15.28321205	62.94634271	16	14	227.5972617	432.4607544	1582.252992	165.6709429	130025	123650	5390	985	130025	123650	0	14	0	11	2	1	2.3	48.4	175	332.6	1216.9	127.4	11.8	12.9	11.3
8120	58	211	1546	512	745	3566	6441	22140	6819	620747	620747	0	0	620747	620747	0	7	0	7	0	0	9.3	249.1	574.5	1037.6	3566.7	1098.5	34	82.5	120
8140	12.09819786	52.56825977	229.2706244	112	221	964.8630732	1836.068678	3359.795485	612.831013	106222	105208	0	1014	106222	105208	0	3	0	2	0	1	11.4	215.8	908.3	1728.5	3163	576.9	49.5	106.5	210.1
8160	26.17749906	142.1279128	648.824044	23	42	1388.365887	4323.910222	13923.30281	1494.939444	736310	715721	9817	10772	736310	570310	0	34	0	26	4	4	3.6	88.1	188.6	587.2	1891	203	19.3	4	7.4
8200	26.00388014	345.4456007	1165.031177	37.7690397	49.68137602	2643.131233	7618.073606	24256.47614	5945.070829	739817	735661	4156	0	739817	138601	0	22	0	21	1	0	3.5	157.5	357.3	1029.7	3278.7	803.6	46.7	27.3	35.8
8240	12.09001534	213.7664826	450.9382677	226	196	1518.005011	3615.611581	9319.87174	1010.893361	294569	292686	0	1883	294569	292686	0	8	0	7	0	1	4.1	153.1	515.3	1227.4	3163.9	343.2	72.6	77.2	67
8280	134	1217	5136	1917	2031	15417	28062	81575	14834	2535878	2535878	0	0	2535878	2535878	0	34	0	34	0	0	5.3	202.5	608	1106.6	3216.8	585	48	75.6	80.1
8320	4.043303532	29.70052383	81.22566609	3	3	301.964048	849.4771061	3151.986858	343.2118252	148813	33840	0	114973	148813	33840	0	7	0	4	0	3	2.7	54.6	202.9	570.8	2118.1	230.6	20	8.9	8.9
8360	14.18181818	58.18181818	117.2727273	26	91	669.0909091	1294.818182	4273	465.2727273	132662	104231	28431	0	132662	104231	0	9	0	8	1	0	10.7	88.4	504.4	976	3221	350.7	43.9	24.9	87.3
8400	22.20322036	195.7367008	1465.880461	505	292	1841.148787	7045.827281	21965.83483	3596.65647	619253	603967	7204	8082	619253	603967	0	25	0	22	1	2	3.6	236.7	297.3	1137.8	3547.2	580.8	31.6	83.6	48.3
8440	18.06058418	66.59034348	307.5494844	3	9	440.5561502	1756.551715	7878.822702	592.8559099	171227	169877	0	1350	171227	47431	0	4	0	3	0	1	10.5	179.6	257.3	1025.9	4601.4	346.2	38.9	6.3	19
8480	16	64	845	282	193	1020	2093	6785	1650	361476	361476	0	0	361476	361476	0	13	0	13	0	0	4.4	233.8	282.2	579	1877	456.5	17.7	78	53.4
8520	75	421.4285714	1691.714286	675	1358	3573	9231.857143	45966.42857	8444.428571	901305	897424	3881	0	901305	897424	0	6	0	5	1	0	8.3	187.7	396.4	1024.3	5100	936.9	46.8	75.2	151.3
8560	75	366.9772533	999.9570896	468.9780297	775.9346614	3944.602626	9003.414655	24594.21654	4610.826456	825444	825444	0	0	825444	825444	0	40	0	40	0	0	9.1	121.1	477.9	1090.7	2979.5	558.6	44.5	56.8	94
8600	8	76.13596264	264	129	172.1359626	582.3487234	1743.658007	5961.17059	545.3317293	167041	167041	0	0	167041	167041	0	5	0	5	0	0	4.8	158	348.6	1043.9	3568.7	326.5	45.6	77.2	103.1
8640	15.08451684	87.7982146	176.6448336	72.05991561	222	938.6455721	1776.129726	5588.60435	473.2439792	184258	182271	0	1987	184258	182271	0	8	0	7	0	1	8.2	95.9	509.4	963.9	3033	256.8	47.6	39.5	121.8
8680	9.162158209	113.4521967	241.6283708	71	41	608.7982003	1745.804369	5081.734655	323.1994687	299215	242496	46878	9841	299215	242496	0	23	0	13	7	3	3.1	80.8	203.5	583.5	1698.4	108	37.9	29.3	16.9
8720	22	172	695	237	146	1717	3282	13013	2931	547020	547020	0	0	547020	547020	0	14	0	14	0	0	4	127.1	313.9	600	2378.9	535.8	31.4	43.3	26.7
8735	42	129	645	194	147	1213	3479	11170	1720	792144	792144	0	0	792144	792144	0	11	0	11	0	0	5.3	81.4	153.1	439.2	1410.1	217.1	16.3	24.5	18.6
8750	28	72	112	39	217	413	1024	3676	250	86252	86252	0	0	86252	86252	0	2	0	2	0	0	32.5	129.9	478.8	1187.2	4261.9	289.8	83.5	45.2	251.6
8760	16	71	385	65	111	672	1710	4204	478	148595	148595	0	0	148595	148595	0	4	0	4	0	0	10.8	259.1	452.2	1150.8	2829.2	321.7	47.8	43.7	74.7
8780	30	130	381	151	264	2025	4041	10999	2735	385777	385777	0	0	385777	385777	0	9	0	9	0	0	7.8	98.8	524.9	1047.5	2851.1	709	33.7	39.1	68.4
8800	18	85	238	109	181.9987113	852.9935567	3102.994845	8498.993557	816.9987113	221098	221098	0	0	221098	221098	0	14	0	14	0	0	8.1	107.6	385.8	1403.4	3844	369.5	38.4	49.3	82.3
8840	466.9575765	1133.63649	10724.94727	5314	2349	12747.65056	23850.66321	113822.5558	37065.76184	5204519	5117597	46469	40453	5204519	5117597	0	68	0	59	6	3	9	206.1	244.9	458.3	2187	712.2	21.8	103.8	45.9
8920	7	68	98	28	41	286	1254	3732	294	127711	127711	0	0	127711	127711	0	4	0	4	0	0	5.5	76.7	223.9	981.9	2922.2	230.2	53.2	21.9	32.1
8940	1	23.75710806	35	12	18	137.589141	697.7222907	2161.716157	146.2233336	127452	127452	0	0	127452	127452	0	10	0	10	0	0	0.8	27.5	108	547.4	1696.1	114.7	18.6	9.4	14.1
8960	61	474	2632	855	757	5497	14077	42502	7435	1212179	1212179	0	0	1212179	1212179	0	33	0	33	0	0	5	217.1	453.5	1161.3	3506.2	613.4	39.1	70.5	62.4
9000	4.547714224	29.73592151	53.66599539	3	5	190.9237525	585.3865396	2044.970998	207.8641864	150941	95491	13112	42338	150941	95491	0	22	0	11	4	7	3	35.6	126.5	387.8	1354.8	137.7	19.7	3.1	5.2
9040	22.24879901	281.4243439	581.2565492	234	568.8102853	1824.377115	4925.688856	18579.07749	1706.279696	557403	538057	13802	5544	557403	538057	0	35	0	21	7	7	4	104.3	327.3	883.7	3333.1	306.1	50.5	43.5	105.7
9080	9	51	204	62	146	889.2727273	1991.090909	5683.454545	635.4545455	141121	134700	6421	0	141121	134700	0	7	0	6	1	0	6.4	144.6	630.1	1410.9	4027.4	450.3	36.1	46	108.4
9140	1.169819946	28.5081025	80.63700835	14	5	101.60732	607.2587259	2058.244114	155.6807342	119293	111888	0	7405	119293	111888	0	10	0	8	0	2	1	67.6	85.2	509	1725.4	130.5	23.9	12.5	4.5
9160	16	221	1258	559	448	2517	4601	13875.54545	2655	609958	609958	0	0	609958	609958	0	13	0	13	0	0	2.6	206.2	412.7	754.3	2274.8	435.3	36.2	91.6	73.4
9200	5.242069739	72.00471905	413.2618468	150	108	680.2062885	4631.688396	8900.656471	948.9041855	246837	183184	59720	3933	246837	183184	0	18	0	12	3	3	2.1	167.4	275.6	1876.4	3605.9	384.4	29.2	81.9	59
9260	10.04640623	138.099909	195.6714383	60	79	375.5447843	3436.152976	9020.939773	1378.121564	227136	225231	0	1905	227136	225231	0	13	0	12	0	1	4.4	86.1	165.3	1512.8	3971.6	606.7	60.8	26.6	35.1
9270	6	80	177	30	20	786	1776	3833	1020	182753	182753	0	0	182753	182753	0	5	0	5	0	0	3.3	96.9	430.1	971.8	2097.4	558.1	43.8	16.4	10.9
9280	7.104895867	66.69273196	179.8699763	30	35	548.8712033	1174.473451	7128.148386	489.1760302	390167	292173	6210	91784	390167	292173	0	23	0	15	1	7	1.8	46.1	140.7	301	1826.9	125.4	17.1	10.3	12
9320	30.92044398	169.7024249	641.2378401	209.0052149	238.0078223	930.3799336	4762.034184	12213.93528	1718.820506	589380	374772	98463	116145	589380	368338	0	46	0	25	6	15	5.2	108.8	157.9	808	2072.3	291.6	28.8	56.7	64.6
9340	8	71	113	31	46	484	1454	3288	872	146439	146439	0	0	146439	146439	0	5	0	5	0	0	5.5	77.2	330.5	992.9	2245.3	595.5	48.5	21.2	31.4
9360	4.528292936	49.07536876	70.46124621	28	94	856.3744678	1395.38755	4038.129843	813.6657192	171222	153000	0	18222	171222	153000	0	5	0	4	0	1	2.6	41.2	500.2	815	2358.4	475.2	28.7	18.3	61.4
