msa02	mmurd02	mrape02	mrobt02	mrobg02	massg02	massa02	mburg02	mlarc02	mmoto02	mpop02	mpopcm02	mpopg302	mpopl302	mpoprp02	mpopgn02	mpopna02	mct02	mctna02	mctcm02	mctg302	mctl302	mrmurd02	mrrobt02	mrassa02	mrburg02	mrlarc02	mrmoto02	mrrape02	mrrobg02	mrassg02
0	14112.25731	74880.37086	396611.2488	140137.7567	127161.8199	752040.9442	1738841.882	5864252.453	1137337.97	231477741	214238782	4150119	5285621	219973168	198618154	7803219	7548	583	5868	391	706	6.3	177.3	336.2	777.4	2621.8	508.5	34	70.6	64
40	5	65	114	38	104	289	1423	3579	250	137921	137921	0	0	137921	137921	0	5	0	5	0	0	3.6	82.7	209.5	1031.8	2595	181.3	47.1	27.6	75.4
80	23.24719597	301.1915746	873.001685	204.9981021	68.99810214	707.3044738	5591.550282	18171.41824	2228.191351	699130	581461	606	117063	699130	581461	0	31	0	23	1	7	3.3	124.9	101.2	799.8	2599.1	318.7	43.1	35.3	11.9
120	7	50.2	231.6	110	55	270.4727273	1577.29697	4201.769697	368.1636364	126341	106340	20001	0	126341	106340	0	5	0	4	1	0	5.5	183.3	214.1	1248.4	3325.7	291.4	39.7	103.4	51.7
160	32.4	244.8	927.4909091	206	202	1998.636364	4837.345455	17087.34545	1582.963636	883939	823026	60913	0	883939	823026	0	42	0	38	4	0	3.7	104.9	226.1	547.2	1933.1	179.1	27.7	25	24.5
200	70.24662494	412.0986198	1501.606201	729	962	4662.198747	7275.280804	26004.72038	4902.798993	726846	686335	382	40129	726846	686335	0	15	0	12	1	2	9.7	206.6	641.4	1000.9	3577.7	674.5	56.7	106.2	140.2
220	18.2223582	36.25130987	228.6093241	123	277	1014.353348	2098.812635	4724.968138	383.2779284	126723	117901	5466	3356	126723	117901	0	9	0	3	3	3	14.4	180.4	800.4	1656.2	3728.6	302.5	28.6	104.3	234.9
240	20.50398859	197.9670724	587.2348853	175.3634898	114	1137.821515	3009.481062	13197.53233	1253.550012	640766	540225	11275	89266	640766	540225	0	53	0	34	2	17	3.2	91.6	177.6	469.7	2059.6	195.6	30.9	32.5	21.1
280	2.750080151	44.53735641	120.1699092	11	25	206.8989154	942.3430753	2242.818047	213.5109592	129712	102972	0	26740	129712	102972	0	14	0	6	0	8	2.1	92.6	159.5	726.5	1729.1	164.6	34.3	10.7	24.3
320	7	115	334	102	280	1099	2757	9233	1031	227555	227555	0	0	227555	227555	0	5	0	5	0	0	3.1	146.8	483	1211.6	4057.5	453.1	50.5	44.8	123
380	18	256	390	160	198	1172	1665	10020	1232	277550	277550	0	0	277550	277550	0	3	0	3	0	0	6.5	140.5	422.3	599.9	3610.2	443.9	92.2	57.6	71.3
440	18.09090909	211.4599296	292.1818182	117	151.8504866	981.7171257	3307.300269	10888.7484	1171.010768	585259	482052	103207	0	585259	482052	0	27	0	24	3	0	3.1	49.9	167.7	565.1	1860.5	200.1	36.1	24.3	31.5
450	11	52.69538752	222.9639141	103.1805287	173.4956353	492.5317543	1515.861984	4005.233154	313.5120203	113244	113244	0	0	113244	113244	0	9	0	9	0	0	9.7	196.9	434.9	1338.6	3536.8	276.8	46.5	91.1	153.2
460	2	57.27272727	45	11	15	283.9858012	1010.538178	7083.676012	310.6057608	363544	321483	42061	0	363544	321483	0	24	0	22	2	0	0.6	12.4	78.1	278	1948.5	85.4	15.8	3.4	4.7
480	21.47297931	57.38301855	232.4214427	93	51	487.6687764	1838.897733	5040.979286	770.7519902	233567	221795	9586	2186	233567	221795	0	11	0	6	2	3	9.2	99.5	208.8	787.3	2158.3	330	24.6	41.9	23
500	9.027904903	56.1533301	170.8368534	8	9	282.8211621	1353.320582	6083.940585	549.1069671	160451	158824	1117	510	160451	53817	0	8	0	6	1	1	5.6	106.5	176.3	843.4	3791.8	342.2	35	14.9	16.7
520	356.9164454	1057.483974	9228.614726	5030	2860.012114	11978.61822	37689.07866	114753.3789	24665.85315	4299988	4164587	82099	53302	4299988	3654563	0	108	0	86	12	10	8.3	214.6	278.6	876.5	2668.7	573.6	24.6	137.6	78.3
560	12	91	596	186	73	1009	2633	12435	642	362299	362299	0	0	362299	362299	0	33	0	33	0	0	3.3	164.5	278.5	726.7	3432.2	177.2	25.1	51.3	20.1
580	7	60.37955042	155.7325712	121.6815823	136.3121756	453.6753402	1669.636056	4005.760504	231.0167366	116111	116111	0	0	116111	116111	0	5	0	5	0	0	6	134.1	390.7	1438	3449.9	199	52	104.8	117.4
600	23.02063497	241.4654765	636.9871406	308	200	674.956354	4164.829982	14388.22619	1776.99663	495578	493438	1897	243	495578	493438	0	20	0	18	1	1	4.6	128.5	136.2	840.4	2903.3	358.6	48.7	62.4	40.5
640	39	502	1403	424	547	2895	10985	42239	4098	1305388	1305388	0	0	1305388	1305388	0	36	0	36	0	0	3	107.5	221.8	841.5	3235.7	313.9	38.5	32.5	41.9
680	51	220	779	193	202	2321	6515	15842	3420	685953	685953	0	0	685953	685953	0	10	0	10	0	0	7.4	113.6	338.4	949.8	2309.5	498.6	32.1	28.1	29.4
720	317	631	7743	1309	828	17358	20892	74925	12952	2630914	2630914	0	0	2630914	1959886	0	17	0	17	0	0	12	294.3	659.8	794.1	2847.9	492.3	24	66.8	42.2
733	0.006783534	24.19400907	26.16687493	9	1	57.39412332	722.0315613	3150.053447	150.6613946	147140	146570	0	570	147140	146570	0	14	0	13	0	1	0	17.8	39	490.7	2140.9	102.4	16.4	6.1	0.7
743	8.767586352	54.05046256	71.16673641	10	32	831.2118413	1482.897253	3784.00257	298.4607388	224984	190876	30635	3473	224984	190876	0	15	0	12	2	1	3.9	31.6	369.5	659.1	1681.9	132.7	24	5.2	16.8
760	86.21579877	261.214397	1409.17917	852	694	2629.076346	8389.431961	25144.45675	2509.768782	604739	601482	0	3257	604739	601482	0	15	0	13	0	2	14.3	233	434.7	1387.3	4157.9	415	43.2	141.7	115.4
840	19	314	702	271	176	1285	4343	13342	1444	402229	402229	0	0	402229	402229	0	18	0	18	0	0	4.7	174.5	319.5	1079.7	3317	359	78.1	67.4	43.8
860	4	103	90	26	30	225	1685	6350	539	171763	167882	3881	0	171763	167882	0	8	0	7	1	0	2.3	52.4	131	981	3697	313.8	60	15.5	17.9
870	8.731053395	115.6934375	101.8574444	36.99797423	107.9979742	668.5081096	1292.265565	4400.395086	417.2005681	164284	150007	13677	600	164284	150007	0	21	0	18	2	1	5.3	62	406.9	786.6	2678.5	254	70.4	24.7	72
875	28	98	1594	373	197	1774	5488	19719	4648	1401881	1401881	0	0	1401881	1401881	0	86	0	86	0	0	2	113.7	126.5	391.5	1406.6	331.6	7	26.6	14.1
880	0	16	69	32	34	237	520	4829	349	130387	130387	0	0	130387	130387	0	3	0	3	0	0	0	52.9	181.8	398.8	3703.6	267.7	12.3	24.5	26.1
920	34.02948431	163.8271832	512.0404768	178	97	630.2445658	4845.989421	13040.32865	1654.457346	367459	323105	16002	28352	367459	232788	0	12	0	10	1	1	9.3	139.3	171.5	1318.8	3548.8	450.2	44.6	76.5	41.7
960	9	59	128.9825175	24	19	299.9825175	897	5276.491259	200.9825175	254727	254727	0	0	254727	254727	0	10	0	10	0	0	3.5	50.6	117.8	352.1	2071.4	78.9	23.2	9.4	7.5
1000	85.6090724	416.6121566	1854.657449	335.9022725	200.9511362	2754.698866	8857.108459	26659.33326	3752.093354	929271	843226	0	86045	929271	598254	0	57	0	37	0	20	9.2	199.6	296.4	953.1	2868.8	403.8	44.8	56.1	33.6
1010	2	21	19	1	0	41	296	1866	175	93525	93525	0	0	93525	93525	0	4	0	4	0	0	2.1	20.3	43.8	316.5	1995.2	187.1	22.5	1.1	0
1020	7	52	42	14	2	157	676	3063	228	122121	122121	0	0	122121	122121	0	2	0	2	0	0	5.7	34.4	128.6	553.5	2508.2	186.7	42.6	11.5	1.6
1040	0	0	0	0	0	0	0	0	0	152630	0	0	0	0	0	152630	10	10	0	0	0									
1080	12	252	145	53	237	1048	3177	12864	1269	448110	448110	0	0	448110	448110	0	9	0	9	0	0	2.7	32.4	233.9	709	2870.7	283.2	56.2	11.8	52.9
1123	152.8992622	1698.118068	6435.492447	1521	1087	18004.69835	26534.50914	98876.4787	23363.56929	6147851	5257754	438738	451359	6147851	5184818	0	298	0	239	21	38	2.5	104.7	292.9	431.6	1608.3	380	27.6	29.3	21
1125	6.044605259	106.1482706	72.60773926	28	42	444.5145252	1301.505096	5332.030559	421.3625858	282707	206761	74486	1460	282707	206761	0	8	0	5	2	1	2.1	25.7	157.2	460.4	1886.1	149	37.5	13.5	20.3
1145	10.92689232	110.9622975	124.325637	56.48365764	58.79346305	433.1759048	1571.514994	4868.1034	508.9300291	252527	251687	0	840	252527	251687	0	18	0	17	0	1	4.3	49.2	171.5	622.3	1927.8	201.5	43.9	22.4	23.4
1150	1	185	116	27	68	622	2039	5476	708	238852	238852	0	0	238852	238852	0	5	0	5	0	0	0.4	48.6	260.4	853.7	2292.6	296.4	77.5	11.3	28.5
1240	11	108	279	39	131	1110	3159	17005	955	350147	350147	0	0	350147	350147	0	11	0	11	0	0	3.1	79.7	317	902.2	4856.5	272.7	30.8	11.1	37.4
1260	6	106	98	25	61	490	1402	6093	344	159199	159199	0	0	159199	159199	0	3	0	3	0	0	3.8	61.6	307.8	880.7	3827.3	216.1	66.6	15.7	38.3
1280	48	308.3636364	2106.545455	685	481	2979.99436	7229.073988	23805.69929	3643.198961	1181277	1150736	30541	0	1181277	1150736	0	29	0	27	2	0	4.1	178.3	252.3	612	2015.3	308.4	26.1	59.5	41.8
1303	9	39	35	1	17	186	1446	4377	335	201427	201427	0	0	201427	143370	0	16	0	16	0	0	4.5	17.4	92.3	717.9	2173	166.3	19.4	0.7	11.9
1320	14.36869975	160.0499338	517.9699032	157.9925616	110.995041	560.8122989	3498.434989	9841.733264	1010.594647	409375	303983	30415	74977	409375	303983	0	24	0	15	5	4	3.5	126.5	137	854.6	2404.1	246.9	39.1	52	36.5
1350	3	14	18	7	11	149	667	2317	192	67196	67196	0	0	67196	67196	0	4	0	4	0	0	4.5	26.8	221.7	992.6	3448.1	285.7	20.8	10.4	16.4
1360	2.104757302	67.43322643	110.4331825	21	39	330.3847308	1454.792875	6296.833726	389.0326289	192385	185882	0	6503	192385	185882	0	5	0	4	0	1	1.1	57.4	171.7	756.2	3273	202.2	35.1	11.3	21
1400	0	0	0	0	0	0	0	0	0	182292	0	0	0	0	0	182292	12	12	0	0	0									
1440	53.14690741	294.4407724	1081.22175	553	679	3383.356524	5594.718845	18952.54097	3731.902175	562057	559258	1069	1730	562057	559258	0	23	0	19	3	1	9.5	192.4	602	995.4	3372	664	52.4	98.9	121.4
1480	14.16728824	79.90825239	235.9406162	85	277	728.9953884	2184.965001	6335.11363	1019.928674	250758	213283	10739	26736	250758	213283	0	23	0	12	7	4	5.6	94.1	290.7	871.3	2526.4	406.7	31.9	39.9	129.9
1520	105.0105098	553.3678485	3818.260319	2071.850983	1899.66863	7454.283621	19284.37712	49341.36876	6592.74669	1548103	1279857	255843	12403	1548103	1279857	0	44	0	32	9	3	6.8	246.6	481.5	1245.7	3187.2	425.9	35.7	161.9	148.4
1540	4	62	103	41	70	408	570	3019	260	164423	164423	0	0	164423	164423	0	4	0	4	0	0	2.4	62.6	248.1	346.7	1836.1	158.1	37.7	24.9	42.6
1560	38	172	728.0909091	365	598.6931007	2456.63907	4753.863312	15994.57949	2132.727787	477446	474345	3101	0	477446	474345	0	26	0	24	2	0	8	152.5	514.5	995.7	3350	446.7	36	76.9	126.2
1580	2	40	33	18	14	108	321	2640	122	82418	82418	0	0	82418	82418	0	3	0	3	0	0	2.4	40	131	389.5	3203.2	148	48.5	21.8	17
1600	681	0	18888	0	0	25848	27754	105305	25945	8393561	3321381	0	0	0	0	5072180	305	296	9	0	0	20.5	568.7	778.2	835.6	3170.5	781.2			
1620	4	74	148	36	11	449	2078	4129	1455	210636	110456	100180	0	210636	110456	0	6	0	5	1	0	1.9	70.3	213.2	986.5	1960.3	690.8	35.1	32.6	10
1640	89.99216138	667.8029487	3031.655009	849.0955468	346.6874068	2292.904192	11464.21721	37638.75163	5466.508697	1657052	1248541	5368	131698	1385607	1248541	271445	101	33	46	2	20	6.5	218.8	165.5	827.4	2716.4	394.5	48.2	68	27.8
1660	11	75	168	93	142	594	1519	6184	394	210505	167795	0	0	167795	167795	42710	7	4	3	0	0	6.6	100.1	354	905.3	3685.4	234.8	44.7	55.4	84.6
1680	105.5030753	956.916342	4132.810031	1521	493	3685.840136	15236.96139	38939.80898	8093.543077	2264381	1663747	168147	432487	2264381	1613489	0	104	0	63	11	30	4.7	182.5	162.8	672.9	1719.7	357.4	42.3	94.3	30.6
1720	39.05196818	258.8228295	515.8470814	246	363	1476.323753	4735.068744	15175.50737	1884.363891	541600	523977	15922	1701	541600	523977	0	8	0	5	1	2	7.2	95.2	272.6	874.3	2802	347.9	47.8	46.9	69.3
1740	3	37	105	35	22	343	663	3910	265	137327	137327	0	0	137327	137327	0	6	0	6	0	0	2.2	76.5	249.8	482.8	2847.2	193	26.9	25.5	16
1760	42.90846317	292.8169263	1170.449524	673.7253895	727.7184844	3433.232552	6297.512812	19024.95155	2882.718484	549421	548026	1395	0	549421	548026	0	18	0	16	2	0	7.8	213	624.9	1146.2	3462.7	524.7	53.3	122.9	132.8
1800	25.09766716	33.39554256	408.2223993	308.9460683	292.5104745	550.8946752	2417.535303	9756.747819	1197.986085	285336	282368	1183	1785	285336	282368	0	13	0	9	2	2	8.8	143.1	193.1	847.3	3419.4	419.9	11.7	109.4	103.6
1840	104.7641628	981.0651495	4132.04397	2007	1061	2758.032679	22700.76118	57306.41625	9527.801042	1549398	1409838	39594	99966	1549398	1409838	0	52	0	36	5	11	6.8	266.7	178	1465.1	3698.6	614.9	63.3	142.4	75.3
1880	23	287.8934243	558.7210916	118.7868486	216.4671215	1571.990942	4483.39913	16845.01823	1624.950124	397732	397732	0	0	397732	397732	0	15	0	15	0	0	5.8	140.5	395.2	1127.2	4235.3	408.6	72.4	29.9	54.4
1890	0	19.79500862	27.35062279	1.124598663	1.499821628	94.0670224	472.6235209	2317.923285	141.3550745	80440	9204	71236	0	80440	9204	0	4	0	2	2	0	0	34	116.9	587.5	2881.6	175.7	24.6	12.2	16.3
1900	2.033137783	29.25289361	24.70286983	8	24	241.9533851	605.9700333	1865.822967	119.5557461	104197	102427	1011	759	104197	102427	0	11	0	9	1	1	2	23.7	232.2	581.6	1790.7	114.7	28.1	7.8	23.4
1920	285.4986298	1379.03771	10021.6439	4872.854492	4225.583852	13413.86623	40176.97582	123266.7093	27638.90816	3675763	3671618	0	4145	3675763	3671618	0	109	0	107	0	2	7.8	272.6	364.9	1093	3353.5	751.9	37.5	132.7	115.1
1950	10	25.09090909	81	36	48	268	469.0909091	1804.090909	146.0909091	113502	109515	3987	0	113502	109515	0	5	0	2	3	0	8.8	71.4	236.1	413.3	1589.5	128.7	22.1	32.9	43.8
1960	7	78	254	50	132	1376	1906	7048	493	362554	159234	0	0	159234	159234	203320	29	24	5	0	0	4.4	159.5	864.1	1197	4426.2	309.6	49	31.4	82.9
2000	57.50372039	533.3637621	1863.190055	563.1081703	346	1313.975545	9780.430816	28832.62558	5238.433724	956261	850179	42988	63094	956261	750888	0	44	0	31	5	8	6	194.8	137.4	1022.8	3015.1	547.8	55.8	75	46.1
2020	32.22754722	251.8913135	722.5652744	221	288	2256.329107	5638.390664	12972.68336	1930.950026	515725	511230	0	4495	515725	511230	0	18	0	17	0	1	6.2	140.1	437.5	1093.3	2515.4	374.4	48.8	43.2	56.3
2030	6.151055659	24.20069883	123.1230448	66	36	151.9135118	1185.017471	3642.581387	211.3661596	147243	144423	0	2820	147243	144423	0	13	0	10	0	3	4.2	83.6	103.2	804.8	2473.9	143.5	16.4	45.7	24.9
2040	0	0	0	0	0	0	0	0	0	116381	0	0	0	0	0	116381	7	7	0	0	0									
2080	104.7145619	1052.942704	2495.602447	851.9956472	971.9869415	5049.27307	16799.16789	63045.90769	18010.85155	2192356	2057131	1484	133741	2192356	1918915	0	38	0	31	3	4	4.8	113.8	230.3	766.3	2875.7	821.5	48	44.4	50.7
2120	12.19537084	159.6288408	354.4028352	100	70	809.838105	2961.777471	16506.33414	1487.900619	457650	442012	3510	12128	457650	442012	0	23	0	19	2	2	2.7	77.4	177	647.2	3606.8	325.1	34.9	22.6	15.8
2160	495.8584494	1922.446484	8583.226518	4324	4814.149513	20701.91909	31722.45272	92905.46877	36834.34072	4491605	4374662	86225	30718	4491605	4374662	0	131	0	122	5	4	11	191.1	460.9	706.3	2068.4	820.1	42.8	98.8	110
2180	3.042055279	56.84799387	145.6672672	40.05251334	26.14003557	235.8215613	1140.917114	3671.938554	286.859343	139142	93901	0	45241	139142	93901	0	19	0	10	0	9	2.2	104.7	169.5	820	2639	206.2	40.9	42.7	27.8
2190	3.042987971	68.30689476	128.0198001	50.30776993	143.7436932	681.8538665	780.719305	3262.934086	247.7854897	130543	128563	1312	668	130543	128563	0	11	0	9	1	1	2.3	98.1	522.3	598.1	2499.5	189.8	52.3	39.1	111.8
2200	1	20	8	2	1	171	481.8903704	1583.958519	153.862963	89461	89461	0	0	89461	89461	0	3	0	3	0	0	1.1	8.9	191.1	538.7	1770.6	172	22.4	2.2	1.1
2240	4	105	122	21	30	373	2020	7286	610	248526	248526	0	0	248526	248526	0	18	0	18	0	0	1.6	49.1	150.1	812.8	2931.7	245.4	42.2	8.4	12.1
2281	6.102808167	48.89713653	194.1945732	60	53	444.4897902	905.9587976	4152.312689	294.6857221	282823	277970	0	4853	282823	277970	0	14	0	12	0	2	2.2	68.7	157.2	320.3	1468.2	104.2	17.3	21.6	19.1
2290	1.008696067	28.30146366	22.6087247	7	3	152.3270199	727.6379979	3398.901035	233.1728573	150481	148999	0	1482	150481	148999	0	12	0	11	0	1	0.7	15	101.2	483.5	2258.7	155	18.8	4.7	2
2320	17	272	601	158	277	3410	2711	20754	2247	709871	709871	0	0	709871	709871	0	6	0	6	0	0	2.4	84.7	480.4	381.9	2923.6	316.5	38.3	22.3	39
2330	7.953803148	37.95380315	182	93	23	280.7228189	1662.307047	5151.070472	499.4456378	185154	185154	0	0	185154	185154	0	4	0	4	0	0	4.3	98.3	151.6	897.8	2782	269.7	20.5	50.2	12.4
2335	2	33	43	10	29	231.4	400.8	2287.2	61.4	91939	80647	11292	0	91939	80647	0	6	0	5	1	0	2.2	46.8	251.7	435.9	2487.7	66.8	35.9	12.4	36
2340	0	35	25	8	51	195	685	2096	135	58534	58534	0	0	58534	58534	0	3	0	3	0	0	0	42.7	333.1	1170.3	3580.8	230.6	59.8	13.7	87.1
2360	7.147154842	116.086349	243.153229	65	26	405.8085157	1481.685855	4626.187755	336.3209608	282078	276832	0	5246	282078	276832	0	12	0	10	0	2	2.5	86.2	143.9	525.3	1640	119.2	41.2	23.5	9.4
2400	6	97	221	62	88	493	2486	11858	1506	332409	332409	0	0	332409	332409	0	10	0	10	0	0	1.8	66.5	148.3	747.9	3567.3	453.1	29.2	18.7	26.5
2440	3.357917929	76.33428807	147.7110438	38	20	782.0762875	1457.865822	6058.775654	433.4418617	300011	234779	0	19836	254615	234779	45396	8	2	5	0	1	1.3	58	307.2	572.6	2379.6	170.2	30	16.2	8.5
2520	0	83	21	6	6	150	774	4298	346	173858	173858	0	0	173858	173858	0	6	0	6	0	0	0	12.1	86.3	445.2	2472.1	199	47.7	3.5	3.5
2560	40	98	678	357	332	1182	5084	11223	1163	313156	313156	0	0	313156	313156	0	4	0	4	0	0	12.8	216.5	377.4	1623.5	3583.8	371.4	31.3	114	106
2580	3.181818182	127	223.2181818	21	50	456.0545455	1586.363636	7112.690909	357.2727273	315389	190839	124550	0	315389	190839	0	14	0	10	4	0	1	70.8	144.6	503	2255.2	113.3	40.3	11	26.2
2620	2.140486073	71.86156995	71.41921579	3	28	585.1274393	1139.924093	5579.971984	400.6987862	129978	121230	3151	5597	129978	64977	0	8	0	5	1	2	1.6	54.9	450.2	877	4293	308.3	55.3	4.6	43.1
2640	39.01034007	240.1660824	662.4677196	282	551	1825.115686	4629.615191	11833.73766	2394.899413	441056	439708	978	370	441056	439708	0	24	0	21	2	1	8.8	150.2	413.8	1049.7	2683	543	54.5	64.1	125.3
2650	4.063957609	24.50838099	57.74571473	23	65	201.1974231	830.7095248	3021.127013	117.5422676	144217	143023	0	1194	144217	143023	0	13	0	11	0	2	2.8	40	139.5	576	2094.8	81.5	17	16.1	45.4
2655	4.13841565	64.88639253	248.7758192	131	182	827.1228684	1562.059622	5357.530918	569.6017341	128744	125948	1166	1630	128744	125948	0	8	0	5	1	2	3.2	193.2	642.5	1213.3	4161.4	442.4	50.4	104	144.5
2670	0	166	68.02558647	25.99684418	74.99684418	482.1118133	1409.479151	7376.775605	404.201196	263497	263497	0	0	263497	263497	0	6	0	6	0	0	0	25.8	183	534.9	2799.6	153.4	63	9.9	28.5
2680	90	468	2979	1117	743	5710	12717	42822	8310	1697228	1697228	0	0	1697228	1697228	0	30	0	30	0	0	5.3	175.5	336.4	749.3	2523.1	489.6	27.6	65.8	43.8
2700	42	165	794	385	409	1976	4773	11453	2312	461047	461047	0	0	461047	461047	0	4	0	4	0	0	9.1	172.2	428.6	1035.3	2484.1	501.5	35.8	83.5	88.7
2710	17	128	433	139	246	1486	3398	8217	943	334032	334032	0	0	334032	334032	0	7	0	7	0	0	5.1	129.6	444.9	1017.3	2459.9	282.3	38.3	41.6	73.6
2720	13.33333333	73.53333333	163.4	64	126	873.2666667	1746.066667	6853	480.0666667	210086	163912	46174	0	210086	163912	0	13	0	8	5	0	6.3	77.8	415.7	831.1	3262	228.5	35	39	76.9
2750	4	58	108	41	68	446	911	3644	278	178294	178294	0	0	178294	178294	0	6	0	6	0	0	2.2	60.6	250.1	511	2043.8	155.9	32.5	23	38.1
2760	29.71504269	167.7754126	551.9951158	339	48	480.5970618	3204.126727	12394.3538	1443.185315	508631	430976	0	77655	508631	430976	0	16	0	11	0	5	5.8	108.5	94.5	630	2436.8	283.7	33	78.7	11.1
2800	88.65019933	715.7757517	2858.808751	1007.402345	1359.672984	4946.500823	19813.20259	65777.40804	8300.502144	1778451	1778451	0	0	1778451	1778451	0	54	0	54	0	0	5	160.7	278.1	1114.1	3698.6	466.7	40.2	56.6	76.5
2840	69	314	1921	771	908	3551	8799	29875	10355	956408	956408	0	0	956408	956408	0	16	0	16	0	0	7.2	200.9	371.3	920	3123.7	1082.7	32.8	80.6	94.9
2880	5	37.17269306	104.2430431	47.06861824	57.24304307	658.7942723	1071.046409	3178.172037	366.5239763	104375	104375	0	0	104375	104375	0	9	0	9	0	0	4.8	99.9	631.2	1026.2	3045	351.2	35.6	45.1	54.8
2900	7	160	335	123	149	1361	2768	7429	895	227920	227920	0	0	227920	227920	0	9	0	9	0	0	3.1	147	597.1	1214.5	3259.5	392.7	70.2	54	65.4
2920	16.87229343	120.2166894	256.5630114	82.82372991	83.91338183	914.1341318	2477.946348	7578.497281	900.6563858	261292	201497	0	59795	261292	201497	0	12	0	11	0	1	6.5	98.2	349.9	948.3	2900.4	344.7	46	41.1	41.6
2960	91.901802	140.4282296	973.9088628	477	417	1604.043854	4273.635769	16151.62268	3624.010976	639521	618100	0	21421	639521	618100	0	25	0	22	0	3	14.4	152.3	250.8	668.3	2525.6	566.7	22	77.2	67.5
2975	3	38.33333333	10.33333333	4	12	290.3333333	502.6666667	2112.666667	62.66666667	125531	122839	2692	0	125531	122839	0	10	0	9	1	0	2.4	8.2	231.3	400.4	1683	49.9	30.5	3.3	9.8
2980	9.016098255	7.082580363	122.4056093	60.98030078	135.9474688	380.6083651	1525.919116	3431.564925	318.6735102	117143	116148	743	252	117143	116148	0	6	0	4	1	1	7.7	104.5	324.9	1302.6	2929.4	272	6	52.5	117
2985	0.020643421	51.88078596	13.38534386	2	1	79.4519206	586.8790828	2833.632316	257.2296666	97284	94876	0	2408	97284	94876	0	9	0	7	0	2	0	13.8	81.7	603.3	2912.7	264.4	53.3	2.1	1.1
2995	1.21978783	28.57088306	25.58254162	7	24	198.6499838	723.2238785	3087.956548	276.2348446	121803	111434	3175	7194	121803	111434	0	6	0	2	2	2	1	21	163.1	593.8	2535.2	226.8	23.5	6.3	21.5
3000	23.01673973	566.2783283	827.4397193	276.0015757	474.0031515	3523.94281	7938.551904	25856.23715	2730.760968	1100780	1095700	4481	599	1100780	1095700	0	36	0	33	2	1	2.1	75.2	320.1	721.2	2348.9	248.1	51.4	25.2	43.3
3040	3	21	37	5	53	254	373	4162	193	81004	81004	0	0	81004	81004	0	2	0	2	0	0	3.7	45.7	313.6	460.5	5138	238.3	25.9	6.2	65.4
3060	8.581537048	110.1538604	77.76593818	20.00750864	71.01621428	453.8224164	1509.861569	6340.731973	701.1115776	189546	170547	0	18999	189546	170547	0	21	0	14	0	7	4.5	41	239.4	796.6	3345.2	369.9	58.1	11.7	41.6
3080	4	81	86	13	41	288.2844395	1070.177167	4739.065563	384.4493719	230055	218739	11316	0	230055	218739	0	7	0	6	1	0	1.7	37.4	125.3	465.2	2060	167.1	35.2	5.9	18.7
3120	81.64456903	379.4883097	1921.584314	809.8145836	848	3446.799546	14300.85377	39859.49735	4037.621153	1293618	1278337	5191	10090	1293618	1278337	0	41	0	31	2	8	6.3	148.5	266.4	1105.5	3081.2	312.1	29.3	63.3	66.3
3150	12	38	270.910831	150	166	568.286648	2026.592437	5153.598973	381.375817	138300	138300	0	0	138300	138300	0	7	0	7	0	0	8.7	195.9	410.9	1465.4	3726.4	275.8	27.5	108.5	120
3160	64.07642582	485.9640693	1164.078714	530.9776972	1200.681568	5437.586264	9304.788172	27407.20335	3413.843054	985271	983911	460	900	985271	983911	0	38	0	36	1	1	6.5	118.1	551.9	944.4	2781.7	346.5	49.3	54	122
3180	6	29	111	32	64	327	759	2115	253	135950	135950	0	0	135950	135950	0	4	0	4	0	0	4.4	81.6	240.5	558.3	1555.7	186.1	21.3	23.5	47.1
3200	6.862281178	160.749998	364.2749952	83.79628294	45.31259316	893.8059055	3139.810894	11633.04492	975.4792761	336848	314773	0	22075	336848	314773	0	11	0	10	0	1	2	108.1	265.3	932.1	3453.5	289.6	47.7	26.6	14.4
3240	24.50952929	220.4469656	671.8365867	240	114	923.4576565	2487.586175	11275.0706	744.8376789	632171	563496	14861	53814	632171	563496	0	61	0	41	7	13	3.9	106.3	146.1	393.5	1783.5	117.8	34.9	42.6	20.2
3283	33	203	1504	536	167	1439	5150	21848	4530	993452	993452	0	0	993452	993452	0	33	0	33	0	0	3.3	151.4	144.8	518.4	2199.2	456	20.4	54	16.8
3285	12.79022432	34.12445162	173.65334	84	34	100.5191375	1150.14152	3204.500861	275.582278	112739	89973	0	22766	112739	89973	0	6	0	5	0	1	11.3	154	89.2	1020.2	2842.4	244.4	30.3	93.4	37.8
3290	16.25197032	56.71239739	190.486862	49	76	575.5075676	3174.882639	7767.604721	626.1622305	353354	145375	206027	1952	353354	145375	0	26	0	16	6	4	4.6	53.9	162.9	898.5	2198.3	177.2	16	33.7	52.3
3320	18	304	1072	119	139	1207	8932	37250	8488	900433	900433	0	0	900433	900433	0	1	0	1	0	0	2	119.1	134	992	4136.9	942.7	33.8	13.2	15.4
3350	6.174388195	79.98136102	154.1853167	54	155	768.0319137	1843.289506	5622.271469	406.7023129	195072	192440	0	2632	195072	192440	0	6	0	5	0	1	3.2	79	393.7	944.9	2882.2	208.5	41	28.1	80.5
3360	365.3954428	1584.755798	14053.72715	7541.692612	4671.293155	19528.28894	45477.98014	126423.059	32811.52782	4363586	4363099	0	487	4363586	4363099	0	61	0	60	0	1	8.4	322.1	447.5	1042.2	2897.2	751.9	36.3	172.9	107.1
3400	10.48469884	72.3479984	136.0836206	54	63	348.3991047	1439.983251	5092.271223	626.4057095	316848	177175	34870	12094	224139	177175	92709	27	14	8	3	2	4.7	60.7	155.4	642.5	2271.9	279.5	32.3	30.5	35.6
3440	14.02474742	117.1967102	383.6754776	179	233	740.6241285	2723.917756	9587.461206	1089.370626	345327	344865	0	462	345327	344865	0	12	0	11	0	1	4.1	111.1	214.5	788.8	2776.3	315.5	33.9	51.9	67.6
3480	124.7973844	611.4870581	3237.545686	1824.99929	787	5124.962947	13179.82334	40572.36071	8136.486515	1628256	1273210	55379	299667	1628256	1273210	0	34	0	22	1	11	7.7	198.8	314.8	809.4	2491.8	499.7	37.6	143.3	61.8
3500	0	54	58	14	10	378	566	2690	139	111402	111402	0	0	111402	111402	0	4	0	4	0	0	0	52.1	339.3	508.1	2414.7	124.8	48.5	12.6	9
3520	8.196768734	117.1605024	100.0946323	23	90	577.5948302	1054.175863	3742.975637	448.2183323	160207	142747	10419	7041	160207	142747	0	12	0	9	2	1	5.1	62.5	360.5	658	2336.3	279.8	73.1	16.1	63
3560	65.36690019	302.1443317	1252.748393	826	333	811.8836866	6372.694696	14735.59561	3355.230661	445012	361718	0	83294	445012	335101	0	19	0	11	0	8	14.7	281.5	182.4	1432	3311.3	754	67.9	246.5	99.4
3580	6.005182958	59.01036592	190.0414637	100.0181404	203.0414637	642.1736291	1150.43796	3547.036592	460.0777444	109415	109415	0	0	109415	109415	0	5	0	5	0	0	5.5	173.7	586.9	1051.4	3241.8	420.5	53.9	91.4	185.6
3600	102.1294956	409.4481367	2363.467895	1113	1427	6759.676759	12201.70344	38611.30397	6559.495922	1150811	1037357	0	113454	1150811	1037357	0	13	0	11	0	2	8.9	205.4	587.4	1060.3	3355.1	570	35.6	107.3	137.6
3605	5.237459374	49.00550233	49.20224387	9	33	163.5854596	949.0543267	2269.780027	365.5023205	155414	71080	83463	871	155414	71080	0	7	0	4	2	1	3.4	31.7	105.3	610.7	1460.5	235.2	31.5	12.7	46.4
3610	2	29	57	7	14	249	654	2417	131	141084	141084	0	0	141084	141084	0	9	0	9	0	0	1.4	40.4	176.5	463.6	1713.2	92.9	20.6	5	9.9
3620	1	40	113.9916067	33.99160671	7.991606715	213.9748201	1049.941247	5054.504796	316.9748201	154508	154508	0	0	154508	154508	0	8	0	8	0	0	0.6	73.8	138.5	679.5	3271.4	205.2	25.9	22	5.2
3640	30	106	1970	489	220	2054	4193	10527	4260	621709	621709	0	0	621709	621709	0	12	0	12	0	0	4.8	316.9	330.4	674.4	1693.2	685.2	17	78.7	35.4
3660	17	144	205.0909091	68	377	1612.422241	3392.51632	11657.74385	1014.544454	490253	485905	4348	0	490253	485905	0	30	0	25	5	0	3.5	41.8	328.9	692	2377.9	206.9	29.4	14	77.6
3680	8.402346933	50.35262001	124.5791799	17	21	360.9428376	1051.577401	2856.287098	291.8105566	233644	181528	2123	49993	233644	181528	0	53	0	28	2	23	3.6	53.3	154.5	450.1	1222.5	124.9	21.6	9.4	11.6
3700	3	9	76.2	31	44	197.6	652.2	2694.2	230.4	83275	83275	0	0	83275	83275	0	2	0	2	0	0	3.6	91.5	237.3	783.2	3235.3	276.7	10.8	37.2	52.8
3710	2	53	81	24	39	720	1272	4814	452	159498	159498	0	0	159498	159498	0	17	0	17	0	0	1.3	50.8	451.4	797.5	3018.2	283.4	33.2	15	24.5
3720	26.13397377	317.2169958	428.4624753	115.9984243	352.9968485	2214.538159	4501.145604	15038.33466	1719.738789	457954	451555	1605	4794	457954	451555	0	32	0	29	1	2	5.7	93.6	483.6	982.9	3283.8	375.5	69.3	25.7	78.2
3740	0	0	0	0	0	0	0	0	0	105349	0	0	0	0	0	105349	11	11	0	0	0									
3760	113.8194311	704.7348596	2895.988145	1075	1618.539813	6800.299069	16051.66563	59810.06597	10871.1223	1798072	1602189	5788	190095	1798072	1602189	0	122	0	110	8	4	6.3	161.1	378.2	892.7	3326.3	604.6	39.2	67.1	101
3800	3	46	90	31	1	127	708	3043	258	151739	151739	0	0	151739	151739	0	5	0	5	0	0	2	59.3	83.7	466.6	2005.4	170	30.3	20.4	0.7
3810	7.041327468	135.4698769	276.8507225	132.9722411	154.9398557	948.6666566	3415.0608	8557.030433	772.9770811	326881	325730	0	1151	326881	325730	0	12	0	11	0	1	2.2	84.7	290.2	1044.7	2617.8	236.5	41.4	40.8	47.6
3840	36	229	774.6522718	345.6834568	747	2748.032173	6786.202656	18293.8045	2551.320136	703125	702639	486	0	703125	702639	0	23	0	22	1	0	5.1	110.2	390.8	965.1	2601.8	362.9	32.6	49.2	106.3
3850	5.20687281	25.92789327	51.14636384	28.00070972	35	287.3406911	785.5118908	2796.050849	209.6135297	102853	91388	0	11465	102853	91388	0	5	0	4	0	1	5.1	49.7	279.4	763.7	2718.5	203.8	25.2	30.6	38.3
3870	0	24	28	5	2	126	414	2732	124	128788	128788	0	0	128788	128788	0	10	0	10	0	0	0	21.7	97.8	321.5	2121.3	96.3	18.6	3.9	1.6
3880	15.50763942	154.9005662	343.4015279	78	622	1852.070359	3940.841514	11648.85187	976.3054646	386825	291725	69327	25773	386825	291725	0	27	0	12	4	11	4	88.8	478.8	1018.8	3011.4	252.4	40	26.7	213.2
3920	6.029006189	83.20676207	55.57603317	24	1	271.448822	1221.909483	4742.014893	263.2197172	185184	184495	0	689	185184	184495	0	6	0	5	0	1	3.3	30	146.6	659.8	2560.7	142.1	44.9	13	0.5
3960	13.22580356	110.5434257	327.6011036	124	103	827.5080265	3312.126451	6324.055845	684.8134949	184138	156808	23922	3408	184138	156808	0	7	0	4	2	1	7.2	177.9	449.4	1798.7	3434.4	371.9	60	79.1	65.7
3980	27.15414489	204.2812124	666.479702	312	410	1972.126169	5814.813031	15381.20486	1935.546791	506050	503005	0	3045	506050	503005	0	15	0	14	0	1	5.4	131.7	389.7	1149.1	3039.5	382.5	40.4	62	81.5
4000	10.347788	102.9498467	407.0393342	122	70	526.677004	2284.297355	9085.642078	874.3671663	472729	424681	0	48048	472729	424681	0	41	0	35	0	6	2.2	86.1	111.4	483.2	1922	185	21.8	28.7	16.5
4040	12.08825389	357.1318211	375.2850233	108	70	1338.703038	2761.702333	10709.58636	827.6549431	452774	439199	10417	3158	452774	439199	0	26	0	21	3	2	2.7	82.9	295.7	610	2365.3	182.8	78.9	24.6	15.9
4080	8	59	203	49	215	916	2074	9288	920	201712	201712	0	0	201712	201712	0	2	0	2	0	0	4	100.6	454.1	1028.2	4604.6	456.1	29.2	24.3	106.6
4100	5.055020702	101.067768	162.3582747	2	7	749.7119874	1577.242473	5167.259107	410.8356197	178141	13573	75737	88831	178141	13573	0	5	0	1	1	3	2.8	91.1	420.9	885.4	2900.7	230.6	56.7	14.7	51.6
4120	168.0909091	681.3636364	4528	1862	1109	6140.545455	17025.45455	37000.90909	16069.18182	1696624	1660710	35914	0	1696624	1660710	0	11	0	10	1	0	9.9	266.9	361.9	1003.5	2180.9	947.1	40.2	112.1	66.8
4150	2	40.09090909	45.18181818	7	46	279.4545455	832.8181818	3270.363636	194.6363636	100984	88701	12283	0	100984	88701	0	4	0	3	1	0	2	44.7	276.7	824.7	3238.5	192.7	39.7	7.9	51.9
4200	8	61	157	60	80	516	1365	3450	362	116431	116431	0	0	116431	116431	0	3	0	3	0	0	6.9	134.8	443.2	1172.4	2963.1	310.9	52.4	51.5	68.7
4243	2	49	38	12	0	48	670	2601	139	105384	105384	0	0	105384	105384	0	7	0	7	0	0	1.9	36.1	45.5	635.8	2468.1	131.9	46.5	11.4	0
4280	16	129	656	326	51	800	2837	10110	769	485258	314804	0	0	314804	314804	170454	18	14	4	0	0	5.1	208.4	254.1	901.2	3211.5	244.3	41	103.6	16.2
4320	5.696192323	93.92308427	162.8986313	54	71	305.1725365	1185.388695	3833.618833	332.0090763	156014	134092	0	21922	156014	134092	0	10	0	6	0	4	3.7	104.4	195.6	759.8	2457.2	212.8	60.2	40.3	52.9
4360	6	102	185	69	64	1009	2209	11886	559	252912	252912	0	0	252912	252912	0	2	0	2	0	0	2.4	73.1	399	873.4	4699.7	221	40.3	27.3	25.3
4400	61	255.9922078	1190.236364	693	657	2366.449351	7917.412121	25652.19654	2671.496104	591859	494483	97376	0	591859	494483	0	20	0	13	7	0	10.3	201.1	399.8	1337.7	4334.2	451.4	43.3	140.1	132.9
4420	12.041507	181.2941303	237.3212832	88.31506269	107.3150627	538.4091026	2484.54257	7119.688852	811.5604099	218072	216916	0	1156	218072	216916	0	14	0	13	0	1	5.5	108.8	246.9	1139.3	3264.8	372.2	83.1	40.7	49.5
4480	1162	2895	29994	12102	12976	55008	62055	171510	71967	9869056	9869056	0	0	9869056	9869056	0	89	0	89	0	0	11.8	303.9	557.4	628.8	1737.9	729.2	29.3	122.6	131.5
4520	59.2229138	145.076618	1355.311264	584	426	2932.190256	8519.177677	22687.56442	4025.032132	1038641	802513	37543	12354	852410	802513	186231	36	21	12	2	1	6.9	159	344	999.4	2661.6	472.2	17	72.8	53.1
4600	11	152	304	63	321	2198.496966	3281.494943	9387.480782	667.7484828	253427	253427	0	0	253427	253427	0	9	0	9	0	0	4.3	120	867.5	1294.8	3704.2	263.5	60	24.9	126.7
4640	10.5	78.5	110	41	64	334.9454545	883.6545455	3551.981818	386.5	221438	217821	3617	0	221438	217821	0	8	0	6	2	0	4.7	49.7	151.3	399.1	1604.1	174.5	35.5	18.8	29.4
4680	19.01017708	88.32864766	409.2038067	182	218	794.5791069	4512.152048	13164.77496	1960.647211	337280	317651	19443	186	337280	317651	0	18	0	13	4	1	5.6	121.3	235.6	1337.8	3903.2	581.3	26.2	57.3	68.6
4720	4.673127487	125.4389049	333.3858209	98.00839329	22.00839329	559.5774406	2363.044597	10705.04039	895.8481891	432691	346948	13983	71760	432691	346948	0	24	0	20	2	2	1.1	77	129.3	546.1	2474.1	207	29	28.2	6.3
4800	8.585040369	77.80384137	113.7216762	28	11	88.51493785	1750.857348	5501.538823	343.344188	176873	156515	1936	18422	176873	156515	0	13	0	8	2	3	4.9	64.3	50	989.9	3110.4	194.1	44	17.9	7
4880	46.04893948	176.578337	612.0841158	223	269	2062.8043	6487.274659	22482.70323	2273.81579	594808	593445	0	1363	594808	593445	0	18	0	17	0	1	7.7	102.9	346.8	1090.7	3779.8	382.3	29.7	37.6	45.3
4890	1	48	73.5	19	55	370	1232	6188	436	186573	186121	452	0	186573	186121	0	11	0	10	1	0	0.5	39.4	198.3	660.3	3316.7	233.7	25.7	10.2	29.6
4900	12	247	636	234	374	3193	4827	13058	1304	498005	498005	0	0	498005	498005	0	13	0	13	0	0	2.4	127.7	641.2	969.3	2622.1	261.8	49.6	47	75.1
4920	173.6629415	636.951542	4651.273882	2844	3239	6762.599979	20640.25158	41815.88054	10842.0448	1155895	1063930	48487	43478	1155895	1063930	0	28	0	23	3	2	15	402.4	585.1	1785.7	3617.6	938	55.1	267.3	304.4
4940	18	77	193	64	135	1121	2702	5707	1323	218289	218289	0	0	218289	218289	0	7	0	7	0	0	8.2	88.4	513.5	1237.8	2614.4	606.1	35.3	29.3	61.8
5000	204	832	8410	3126	2768	16749	25942	94502	21016	2332683	2332683	0	0	2332683	2332683	0	30	0	30	0	0	8.7	360.5	718	1112.1	4051.2	900.9	35.7	134	118.7
5015	15.03508696	123.1728477	786.5498089	198	94	1161.021623	4644.773341	17007.8258	2659.794728	1194099	1192879	0	1220	1194099	1192879	0	62	0	61	0	1	1.3	65.9	97.2	389	1424.3	222.7	10.3	16.6	7.9
5080	116.2182812	439.6873913	3554.368788	2219	828	2604.066123	9855.115711	44805.24508	8310.811593	1522431	1400710	100014	21707	1522431	1400710	0	53	0	49	3	1	7.6	233.5	171	647.3	2943	545.9	28.9	158.4	59.1
5120	89.23765275	1183.00171	3620.827347	294	192.1298508	5057.992504	17911.48959	83309.35582	10404.20063	3022600	2997485	2738	22377	3022600	2293374	0	125	0	121	1	3	3	119.8	167.3	592.6	2756.2	344.2	39.1	12.8	8.4
5140	1.058049988	23.22189404	35.55967462	0	0	259.0197876	349.4600563	3309.552405	217.1578238	96572	0	0	96572	96572	0	0	2	0	0	0	2	1.1	36.8	268.2	361.9	3427	224.9	24		
5160	60.50714898	230.9286201	1099.43231	561	256	1433.539687	6517.215502	18752.98646	2285.857482	545046	498241	0	46805	545046	498241	0	24	0	18	0	6	11.1	201.7	263	1195.7	3440.6	419.4	42.4	112.6	51.4
5170	15	174	638	222	250	1666	4837	16358	4244	463419	463419	0	0	463419	463419	0	10	0	10	0	0	3.2	137.7	359.5	1043.8	3529.9	915.8	37.5	47.9	53.9
5190	28	122	689	155	155	1488	4393	18279	1399	1149767	1149767	0	0	1149767	1149767	0	82	0	82	0	0	2.4	59.9	129.4	382.1	1589.8	121.7	10.6	13.5	13.5
5200	11.61431461	60.3393783	144.7435507	25	97	717.9980604	1738.673469	4802.451606	335.361386	147701	91029	2122	54550	147701	91029	0	5	0	2	1	2	7.9	98	486.1	1177.2	3251.5	227.1	40.9	27.5	106.6
5240	33.25455554	167.3589436	801.9678925	588.3258337	368.9887505	873.6087481	4842.948941	14187.20778	1942.204557	336006	305914	0	30092	336006	305914	0	13	0	10	0	3	9.9	238.7	260	1441.3	4222.3	578	49.8	192.3	120.6
5280	2	75	83	30	9	193	706.0345745	3025.255319	236.0132979	120304	120304	0	0	120304	120304	0	3	0	3	0	0	1.7	69	160.4	586.9	2514.7	196.2	62.3	24.9	7.5
5330	17.04084535	143.2615674	360.1142141	169	388	1437.872454	3015.919434	10237.17385	1222.538303	201293	200812	0	481	201293	200812	0	9	0	8	0	1	8.5	178.9	714.3	1498.3	5085.7	607.3	71.2	84.2	193.2
5345	7	89	280	67	104	1039	2301	5517	505	262871	262871	0	0	262871	262871	0	3	0	3	0	0	2.7	106.5	395.3	875.3	2098.7	192.1	33.9	25.5	39.6
5360	82	651.1335191	2362	1318	2310.40435	8536.681799	11597.82573	40109.65045	6248.858895	1254684	1246672	8012	0	1254684	1246672	0	43	0	39	4	0	6.5	188.3	680.4	924.4	3196.8	498	51.9	105.7	185.3
5380	44.42525678	287.7109249	2106.350477	600	377	3365.208166	7934.057826	39817.61623	5967.791301	2780192	2758657	1461	20074	2780192	2758657	0	39	0	36	1	2	1.6	75.8	121	285.4	1432.2	214.7	10.3	21.7	13.7
5483	39	365	2265	798	420	3101	8617	33678	6072	1667892	1659488	8404	0	1667892	1659488	0	43	0	42	1	0	2.3	135.8	185.9	516.6	2019.2	364.1	21.9	48.1	25.3
5523	5	97	158	44	26	205	731	2969	307	140992	140992	0	0	140992	140992	0	7	0	7	0	0	3.5	112.1	145.4	518.5	2105.8	217.7	68.8	31.2	18.4
5560	327.1300623	392.7319193	3071.121496	1980	1530	5504.702753	10823.57382	38347.24274	11063.49036	1341821	1339858	0	1963	1341821	1339858	0	19	0	18	0	1	24.4	228.9	410.2	806.6	2857.9	824.5	29.3	147.8	114.2
5600	623.7165618	1800.507681	28538.07572	295	110	36445.55713	33965.70792	148746.5987	29446.81707	9403110	9344556	34170	24384	9403110	1259863	0	57	0	53	3	1	6.6	303.5	387.6	361.2	1581.9	313.2	19.1	23.4	8.7
5640	137.0909091	392.0909091	5256.090909	2234	967	4967.727273	11224.63636	33955.72727	16552.18182	2075500	2073927	1573	0	2075500	2073927	0	109	0	108	1	0	6.6	253.2	239.4	540.8	1636	797.5	18.9	107.7	46.6
5660	17.18559432	80.84567995	304.5256581	76	61	879.3737582	1526.105716	6188.978001	408.7524351	391130	353057	31276	6797	391130	353057	0	36	0	28	4	4	4.4	77.9	224.8	390.2	1582.3	104.5	20.7	21.5	17.3
5720	99	585	2791	1515	1035	4034	10614	48193	6285.090909	1617279	1617279	0	0	1617279	1617279	0	16	0	16	0	0	6.1	172.6	249.4	656.3	2979.9	388.6	36.2	93.7	64
5775	194	683	5765	1908	1014	7288	18040	67219	22273	2480456	2480456	0	0	2480456	2373938	0	36	0	36	0	0	7.8	232.4	293.8	727.3	2709.9	897.9	27.5	80.4	42.7
5790	16	145	230	90	215	1735	2613	5492	553	270754	268770	1984	0	270754	268770	0	4	0	3	1	0	5.9	84.9	640.8	965.1	2028.4	204.2	53.6	33.5	80
5800	7	110	171	58	131	978	2296	8097	569	247686	247686	0	0	247686	247686	0	5	0	5	0	0	2.8	69	394.9	927	3269.1	229.7	44.4	23.4	52.9
5880	51	656.1130298	1413.987724	570.9877236	785	3838.968255	13405.95843	46561.72288	5002.181946	1096867	1096867	0	0	1096867	1096867	0	39	0	39	0	0	4.6	128.9	350	1222.2	4245	456	59.8	52.1	71.6
5910	2.014733286	127.3128814	111.5419171	37	53	385.0522245	1775.485604	5908.952841	624.3658746	213507	212910	0	597	213507	212910	0	8	0	7	0	1	0.9	52.2	180.3	831.6	2767.6	292.4	59.6	17.4	24.9
5920	33.51194637	290.0585417	1136.419017	563	475	2276.209195	5228.135963	28094.88815	5695.602875	723899	694244	1807	27848	723899	694244	0	16	0	12	1	3	4.6	157	314.4	722.2	3881.1	786.8	40.1	81.1	68.4
5945	77	448	2789	1022	696	4892	13253	49949	10869	2950856	2950856	0	0	2950856	2950856	0	35	0	35	0	0	2.6	94.5	165.8	449.1	1692.7	368.3	15.2	34.6	23.6
5960	78	684	3362	1526	1244	9921	20159	54085	9907	1719756	1719756	0	0	1719756	1719756	0	35	0	35	0	0	4.5	195.5	576.9	1172.2	3144.9	576.1	39.8	88.7	72.3
5990	4	22	49	11	14	139	591	2256	123	92703	92703	0	0	92703	92703	0	2	0	2	0	0	4.3	52.9	149.9	637.5	2433.6	132.7	23.7	11.9	15.1
6015	8	113	180	62	175	859	1722	6392	399	154994	154994	0	0	154994	154994	0	8	0	8	0	0	5.2	116.1	554.2	1111	4124	257.4	72.9	40	112.9
6020	1.061038301	76.69465231	35.2446022	9	15	122.557687	780.2112978	2352.379943	225.1864801	151301	141718	7661	1922	151301	141718	0	10	0	6	2	2	0.7	23.3	81	515.7	1554.8	148.8	50.7	6.4	10.6
6080	20	221	540	198	231	1799	4275	10479	901	430998	430998	0	0	430998	430998	0	5	0	5	0	0	4.6	125.3	417.4	991.9	2431.3	209	51.3	45.9	53.6
6120	9	0	380	0	0	437	1841	5590	860	352459	114585	0	0	0	0	237874	30	29	1	0	0	7.9	331.6	381.4	1606.7	4878.5	750.5			
6160	402.0440239	1726.119677	12057.16591	4908	3913	16137.31558	25279.3824	97938.02965	21086.35837	5144034	4991999	43517	108518	5144034	4991999	0	266	0	242	7	17	7.8	234.4	313.7	491.4	1903.9	409.9	33.6	98.3	78.4
6200	283.2782849	953.8429467	6103.908112	3273	3404	12516.65883	40717.80319	130773.4884	45426.76972	3458385	3385200	11034	62151	3458385	3385200	0	28	0	23	1	4	8.2	176.5	361.9	1177.4	3781.3	1313.5	27.6	96.7	100.6
6240	13.6	49.4	233	122	189	513.5	1146.8	3578.3	483.8	85434	60638	24796	0	85434	60638	0	3	0	2	1	0	15.9	272.7	601	1342.3	4188.4	566.3	57.8	201.2	311.7
6280	115.0304687	604.3303734	2905.531843	1012	1038.168443	5308.915154	10857.6852	40993.96589	5970.009849	2369073	1922450	131821	314802	2369073	1922450	0	248	0	143	22	83	4.9	122.6	224.1	458.3	1730.4	252	25.5	52.6	54
6323	1.137725286	34.97605845	35.22956883	8	20	435.359231	599.2146899	1672.991632	301.9108647	136626	110109	17543	8974	136626	110109	0	18	0	12	2	4	0.8	25.8	318.7	438.6	1224.5	221	25.6	7.3	18.2
6340	1	30	8	2	38	210	332	1724	86	78344	78344	0	0	78344	78344	0	4	0	4	0	0	1.3	10.2	268	423.8	2200.6	109.8	38.3	2.6	48.5
6403	4	101	94	8	3	174	1556	6221	339	269681	269681	0	0	269681	269681	0	14	0	14	0	0	1.5	34.9	64.5	577	2306.8	125.7	37.5	3	1.1
6440	41	853.7247423	2144.358242	572.024409	577	4307.600167	14379.91073	67658.05962	11128.9057	1974272	1901434	72838	0	1974272	1901434	0	56	0	48	8	0	2.1	108.6	218.2	728.4	3427	563.7	43.2	30.1	30.3
6483	37	355	890	242	267	1538	5896	22076	4757	982548	982548	0	0	982548	982548	0	33	0	33	0	0	3.8	90.6	156.5	600.1	2246.8	484.1	36.1	24.6	27.2
6520	4	80.09090909	53.18181818	27	22	260.4545455	2048.090909	10449.09091	672.3636364	382248	349231	33017	0	382248	349231	0	13	0	12	1	0	1	13.9	68.1	535.8	2733.6	175.9	21	7.7	6.3
6560	7	31	174	43	69	552	1461	4755	430	148224	148224	0	0	148224	148224	0	2	0	2	0	0	4.7	117.4	372.4	985.7	3208	290.1	20.9	29	46.6
6580	2	34	54	18	28	400	1081	3013	255	148102	148102	0	0	148102	148102	0	2	0	2	0	0	1.4	36.5	270.1	729.9	2034.4	172.2	23	12.2	18.9
6600	2	41.09090909	256.2727273	106	25	174	1283.636364	4929.727273	468.6363636	191560	186196	5364	0	191560	186196	0	7	0	6	1	0	1	133.8	90.8	670.1	2573.5	244.6	21.5	56.9	13.4
6640	72.93677439	287.7892565	2161.778398	1218.185416	752	3081.278354	13583.65234	36727.07069	3961.854424	1227913	1217374	4012	6527	1227913	1217374	0	40	0	35	3	2	5.9	176.1	250.9	1106.2	2991	322.6	23.4	100.1	61.8
6660	2	92	30	3	18	175	646	3292	168	89294	89294	0	0	89294	89294	0	3	0	3	0	0	2.2	33.6	196	723.5	3686.7	188.1	103	3.4	20.2
6680	22.15768728	79.8647112	635.3105312	237.6365102	197	803.1620945	2280.969979	6962.977144	1228.788157	375282	325870	8141	41271	375282	325870	0	38	0	27	2	9	5.9	169.3	214	607.8	1855.4	327.4	21.3	72.9	60.5
6690	5	109	101	11	73	610	1460	2782	602	169254	169254	0	0	169254	169254	0	3	0	3	0	0	3	59.7	360.4	862.6	1643.7	355.7	64.4	6.5	43.1
6720	12	188	573	154	156	1272	2429	11383	1620	369256	369256	0	0	369256	369256	0	3	0	3	0	0	3.2	155.2	344.5	657.8	3082.7	438.7	50.9	41.7	42.2
6740	6	59	87	24	55	353	1296	5011	570	197514	197514	0	0	197514	197514	0	8	0	8	0	0	3	44	178.7	656.2	2537	288.6	29.9	12.2	27.8
6760	122.0228007	281.1694998	1992.537889	1041	485	2250.956768	6930.069351	31015.55244	4417.443738	1026785	1019194	7137	454	1026785	1019194	0	15	0	13	1	1	11.9	194.1	219.2	674.9	3020.6	430.2	27.4	102.1	47.6
6780	253	1021	5359	2214	1883	12863	29621	69543	24294	3374398	3374398	0	0	3374398	3374398	0	50	0	50	0	0	7.5	158.8	381.2	877.8	2060.9	720	30.3	65.6	55.8
6800	18	74	118	30	64	574	787	4943.8	403	243098	243098	0	0	243098	243098	0	5	0	5	0	0	7.4	48.5	236.1	323.7	2033.7	165.8	30.4	12.3	26.3
6820	1	46	46	9	20	162	561	2406	212	126809	126809	0	0	126809	126809	0	3	0	3	0	0	0.8	36.3	127.8	442.4	1897.3	167.2	36.3	7.1	15.8
6840	51.29293621	241.2109907	1255.791797	570	341	1277.747302	5323.327949	26542.96917	3849.593101	1108681	1058709	45585	4387	1108681	1058709	0	43	0	38	2	3	4.6	113.3	115.2	480.1	2394.1	347.2	21.8	53.8	32.2
6880	20	0	518	0	0	631	3234	8015	1197	376656	152307	0	0	0	0	224349	20	19	1	0	0	13.1	340.1	414.3	2123.3	5262.4	785.9			
6895	10.32804905	22.73833353	230.7409647	112.5859313	104	405.2321835	1980.359663	5214.483622	415.855561	147839	120200	26773	866	147839	120200	0	14	0	11	2	1	7	156.1	274.1	1339.5	3527.1	281.3	15.4	93.7	86.5
6920	87	596	3151	1078	853	5309.666667	14979.33333	42928	14483	1688014	1687155	859	0	1688014	1687155	0	13	0	12	1	0	5.2	186.7	314.6	887.4	2543.1	858	35.3	63.9	50.6
6960	19	251	332	145	571	1921.714286	2945.896104	8993.233766	921	407613	401334	6279	0	407613	401334	0	25	0	22	3	0	4.7	81.4	471.5	722.7	2206.3	225.9	61.6	36.1	142.3
6980	1.5	97.40909091	45.09090909	11	8	183.8636364	657.8181818	4573.454545	289.6818182	176907	107617	69290	0	176907	107617	0	14	0	10	4	0	0.8	25.5	103.9	371.8	2585.2	163.7	55.1	10.2	7.4
7000	0.005634119	22.06263814	69.15654012	22	19	131.8705002	788.5534392	3983.633838	237.6667041	103907	103645	0	262	103907	103645	0	7	0	6	0	1	0	66.6	126.9	758.9	3833.8	228.7	21.2	21.2	18.3
7040	161.7359287	408.9883518	3762.162248	1731	1927	8362.427784	14748.65766	65416.45287	14679.78019	2640074	2002094	17984	11394	2031472	2002094	608602	184	70	99	9	6	8	185.2	411.6	726	3220.2	722.6	20.1	86.5	96.2
7080	8.012628176	132.4358161	226.6187806	5	3	493.3969919	2926.127338	16336.98354	2550.20755	357375	353078	3302	995	357375	212147	0	18	0	15	2	1	2.2	63.4	138.1	818.8	4571.4	713.6	37.1	2.4	1.4
7120	28	141	574	183	223	1210	2527	8557	1389	416522	416522	0	0	416522	416522	0	13	0	13	0	0	6.7	137.8	290.5	606.7	2054.4	333.5	33.9	43.9	53.5
7160	32.00754142	663.1741085	1044.219769	330	496	2492.738244	10600.84772	53746.24596	6355.234666	1383544	1379380	3780	384	1383544	1379380	0	31	0	29	1	1	2.3	75.5	180.2	766.2	3884.7	459.3	47.9	23.9	36
7200	0	65	50	4	80	294	1158	4338	244	108640	108640	0	0	108640	108640	0	2	0	2	0	0	0	46	270.6	1065.9	3993	224.6	59.8	3.7	73.6
7240	121	610	2323.005625	1128.005625	1445	8204.867166	16798.38645	77984.33373	6658.039373	1663258	1663258	0	0	1663258	1663258	0	35	0	35	0	0	7.3	139.7	493.3	1010	4688.6	400.3	36.7	67.8	86.9
7320	87	798	3342	762	1194	9801	18199	53252	19884	2917208	2917208	0	0	2917208	2917208	0	19	0	19	0	0	3	114.6	336	623.8	1825.4	681.6	27.4	26.1	40.9
7360	93	409	4058	950	341	4104	9953	41187	9235	1794784	1794784	0	0	1794784	1794784	0	32	0	32	0	0	5.2	226.1	228.7	554.6	2294.8	514.5	22.8	52.9	19
7400	37	543	1298	355	349	4354	6094	28793	5028	1744400	1744400	0	0	1744400	1744400	0	16	0	16	0	0	2.1	74.4	249.6	349.3	1650.6	288.2	31.1	20.4	20
7460	3	95	78	20	30	523	1493	4913	498	255744	255744	0	0	255744	255744	0	8	0	8	0	0	1.2	30.5	204.5	583.8	1921.1	194.7	37.1	7.8	11.7
7480	8.272727273	142.4545455	229.0909091	50	30	981.6363636	1820.272727	6472.818182	618.5454545	414019	276520	137499	0	414019	276520	0	9	0	7	2	0	2	55.3	237.1	439.7	1563.4	149.4	34.4	18.1	10.8
7485	6	109	238	55	31	746	1676	6844	517	264993	264993	0	0	264993	264993	0	5	0	5	0	0	2.3	89.8	281.5	632.5	2582.7	195.1	41.1	20.8	11.7
7490	8.993005836	72.44480258	119.2485838	28	101	577.2807306	2796.537455	3359.247323	325.8291165	157803	146392	0	11411	157803	146392	0	6	0	3	0	3	5.7	75.6	365.8	1772.2	2128.8	206.5	45.9	19.1	69
7500	16	188.1818182	294.6363636	69	75	972.2727273	3106.272727	9983.363636	1496.454545	475463	467404	8059	0	475463	467404	0	10	0	9	1	0	3.4	62	204.5	653.3	2099.7	314.7	39.6	14.8	16
7510	22	223	855	245	359	2754	6660	19098	1784	616934	616934	0	0	616934	616934	0	11	0	11	0	0	3.6	138.6	446.4	1079.5	3095.6	289.2	36.1	39.7	58.2
7520	44.27002098	85.48369421	823.497787	524	260	942.4224216	3437.804773	10997.62935	2081.388005	306380	298659	2786	4935	306380	298659	0	14	0	11	1	2	14.4	268.8	307.6	1122.1	3589.5	679.3	27.9	175.5	87.1
7560	22.22502141	170.5905992	468.6450159	59	29	1028.704811	2659.341785	10816.66223	1180.55116	627525	462316	14589	150620	627525	419004	0	93	0	45	6	42	3.5	74.7	163.9	423.8	1723.7	188.1	27.2	14.1	6.9
7600	72.86195493	899.9789313	3013.001627	728.2266744	589.1878947	4812.789502	20653.20037	77084.90166	23451.19746	2486255	2397634	0	88621	2486255	2397634	0	59	0	54	0	5	2.9	121.2	193.6	830.7	3100.4	943.2	36.2	30.4	24.6
7610	1.567188506	22.78718574	60.60806149	9	14	239.3512367	570.6764765	2019.234008	165.5263873	120822	88321	12281	20220	120822	88321	0	17	0	8	2	7	1.3	50.2	198.1	472.3	1671.2	137	18.9	10.2	15.9
7620	0	40	17	5	0	76	415	2824	123	114274	114274	0	0	114274	114274	0	6	0	6	0	0	0	14.9	66.5	363.2	2471.3	107.6	35	4.4	0
7640	3	22	81	12	45	212	943	3357	271	115518	115518	0	0	115518	115518	0	9	0	9	0	0	2.6	70.1	183.5	816.3	2906	234.6	19	10.4	39
7680	55	179.5	797.5	484	807	1914.5	4835.5	14208.5	2154	393503	384004	9499	0	393503	384004	0	13	0	11	2	0	14	202.7	486.5	1228.8	3610.8	547.4	45.6	126	210.2
7720	3	50	75	15	58	478	1379	4245	383	124712	124712	0	0	124712	124712	0	5	0	5	0	0	2.4	60.1	383.3	1105.7	3403.8	307.1	40.1	12	46.5
7760	1.525109433	135.3294396	53.72099551	12	26	267.8425767	883.337545	3544.443132	238.2106634	173837	156613	965	16259	173837	156613	0	10	0	6	1	3	0.9	30.9	154.1	508.1	2038.9	137	77.8	7.7	16.6
7800	22.05978053	125.4261279	436.1871801	233	124	508.9859611	2908.118239	10079.49368	1007.574744	268991	267571	0	1420	268991	267571	0	5	0	4	0	1	8.2	162.2	189.2	1081.1	3747.1	374.6	46.6	87.1	46.3
7840	20.20984445	150.456333	488.7184603	125	177	1131.986709	4414.130811	16116.15747	2509.182633	430339	421836	0	8503	430339	421836	0	5	0	3	0	2	4.7	113.6	263	1025.7	3745	583.1	35	29.6	42
7880	5	0	343	0	0	898	1760	6176	357	204378	113081	0	0	0	0	91297	18	17	1	0	0	4.4	303.3	794.1	1556.4	5461.6	315.7			
7920	6	118	239	77	82	1179	2747.272727	10832.84848	1038	330225	327653	2572	0	330225	327653	0	22	0	20	2	0	1.8	72.4	357	831.9	3280.4	314.3	35.7	23.5	25
8003	22.1537784	285.0245676	838.1118491	202	419	4156.310619	7122.523382	14055.47794	4001.620353	616022	556403	49599	10020	616022	556403	0	39	0	24	8	7	3.6	136.1	674.7	1156.2	2281.7	649.6	46.3	36.3	75.3
8050	4	40	22	11	2	98	334	2262	71	136356	136356	0	0	136356	136356	0	7	0	7	0	0	2.9	16.1	71.9	244.9	1658.9	52.1	29.3	8.1	1.5
8080	1.613965911	28.19940759	71.39847182	8	22	221.9284757	498.2148844	1825.630065	172.20081	132244	114376	2880	14988	132244	114376	0	14	0	11	1	2	1.2	54	167.8	376.7	1380.5	130.2	21.3	7	19.2
8120	59	211	1541	514	770	3665	6113	20333	5966	584304	584304	0	0	584304	584304	0	7	0	7	0	0	10.1	263.7	627.2	1046.2	3479.9	1021	36.1	88	131.8
8140	9.087040516	46.55739408	209.3743649	107	218	849.2521105	1435.614179	3481.382939	577.4090659	107128	105633	470	1025	107128	105633	0	4	0	2	1	1	8.5	195.4	792.7	1340.1	3249.7	539	43.5	101.3	206.4
8160	33.17970774	144.7500047	734.9684396	152	165	1499.112804	4423.999424	15581.87041	1700.252754	739104	673873	56748	8483	739104	673873	0	34	0	29	2	3	4.5	99.4	202.8	598.6	2108.2	230	19.6	22.6	24.5
8200	29.18894444	405.4599387	1103.435299	20.77332564	36.81210526	2480.876177	7588.897629	26636.58756	6404.569984	721613	714689	0	6924	721613	129436	0	22	0	20	0	2	4	152.9	343.8	1051.7	3691.3	887.5	56.2	16	28.4
8240	14	230	526	284	232	1682	3784	10165	1107	297549	297549	0	0	297549	297549	0	8	0	8	0	0	4.7	176.8	565.3	1271.7	3416.2	372	77.3	95.4	78
8280	134	1135	5638	2218	1894	15348	28455	80175	16925	2505551	2505551	0	0	2505551	2505551	0	34	0	34	0	0	5.3	225	612.6	1135.7	3199.9	675.5	45.3	88.5	75.6
8320	3.776304432	32.13994039	80.35511302	4	8	347.372836	939.2367623	3584.785758	362.6439618	151120	29259	0	121861	151120	29259	0	7	0	3	0	4	2.5	53.2	229.9	621.5	2372.1	240	21.3	13.7	27.3
8360	8	50	151	58	104	523	1254	4146	376	134279	134279	0	0	134279	134279	0	9	0	9	0	0	6	112.5	389.5	933.9	3087.6	280	37.2	43.2	77.5
8400	32.84023462	246.4365325	1513.287081	424	287	1803.14062	7583.980767	22617.56151	3826.239884	621914	557773	10081	54060	621914	557773	0	25	0	21	2	2	5.3	243.3	289.9	1219.5	3636.8	615.2	39.6	76	51.5
8440	8.029673066	82.61023305	429.5741093	10	10	592.5543172	2082.928264	8704.753906	744.2168115	171606	169210	1024	1372	171606	45583	0	4	0	2	1	1	4.7	250.3	345.3	1213.8	5072.5	433.7	48.1	21.9	21.9
8480	21	101.3636364	895	272	198	884.3636364	2368.787879	7166.939394	1767.545455	358096	358096	0	0	358096	358096	0	13	0	13	0	0	5.9	249.9	247	661.5	2001.4	493.6	28.3	76	55.3
8520	73	437	1557	390	861	3601	9491	43822	8704	897329	893882	3447	0	897329	893882	0	6	0	5	1	0	8.1	173.5	401.3	1057.7	4883.6	970	48.7	43.6	96.3
8560	41.00005685	361.97545	1015.000853	470.0001705	689.9561406	4039.529905	8773.376547	22983.2675	4534.832897	813257	813257	0	0	813257	813257	0	40	0	40	0	0	5	124.8	496.7	1078.8	2826.1	557.6	44.5	57.8	84.8
8600	9	84.25315068	246	135	181	535.1517808	1867.3209	6012.092955	577.2531507	166336	166336	0	0	166336	166336	0	5	0	5	0	0	5.4	147.9	321.7	1122.6	3614.4	347	50.7	81.2	108.8
8640	8.071595979	127.9151882	180.5860066	62	169	605.6229317	1881.050348	5748.152129	607.6514179	182482	180488	0	1994	182482	180488	0	8	0	7	0	1	4.4	99	331.9	1030.8	3150	333	70.1	34.4	93.6
8680	7.256564952	87.23886679	264.1345167	64	37	575.3444394	1780.461717	5478.096289	286.513589	302757	282839	7807	12111	302757	282839	0	23	0	16	3	4	2.4	87.2	190	588.1	1809.4	94.6	28.8	22.6	13.1
8720	18	154	705	253	90	1698	3321	12836	2795	537881	537881	0	0	537881	537881	0	14	0	14	0	0	3.3	131.1	315.7	617.4	2386.4	519.6	28.6	47	16.7
8735	21	131	632	204	169	1237	3267	10854	1552	780869	780869	0	0	780869	780869	0	11	0	11	0	0	2.7	80.9	158.4	418.4	1390	198.8	16.8	26.1	21.6
8750	15	59	115	41	82	399	824	2984	186	87831	87831	0	0	87831	87831	0	2	0	2	0	0	17.1	130.9	454.3	938.2	3397.4	211.8	67.2	46.7	93.4
8760	8	38	404	68	82	584	1761	4305	447	149500	149500	0	0	149500	149500	0	4	0	4	0	0	5.4	270.2	390.6	1177.9	2879.6	299	25.4	45.5	54.8
8780	29	145	350	121	303	1988	4318	9279	2483	381542	381542	0	0	381542	381542	0	9	0	9	0	0	7.6	91.7	521	1131.7	2432	650.8	38	31.7	79.4
8800	15	104	311	120	191.9987147	864.996144	3045.985861	9671.978149	875.9974293	223020	223020	0	0	223020	223020	0	14	0	14	0	0	6.7	139.4	387.9	1365.8	4336.8	392.8	46.6	53.8	86.1
8840	487.4255149	1146.147126	10521.61115	5270	2520	13677.60379	25205.30849	120167.7428	36169.06224	5050449	4995913	27297	27239	5050449	4995913	0	67	0	58	5	4	9.7	208.3	270.8	499.1	2379.3	716.2	22.7	105.5	50.4
8920	1	62.42857143	96	29	55	301	1383	3885.428571	317	128469	123927	4542	0	128469	123927	0	4	0	3	1	0	0.8	74.7	234.3	1076.5	3024.4	246.8	48.6	23.4	44.4
8940	0	26.11089555	23.04435822	3	9	92.50297212	473.1807997	2035.648438	118.1096924	127653	125989	1664	0	127653	125989	0	10	0	9	1	0	0	18.1	72.5	370.7	1594.7	92.5	20.5	2.4	7.1
8960	36	471	2513	766	852	5813	15095	43302	7807	1182905	1182905	0	0	1182905	1182905	0	33	0	33	0	0	3	212.4	491.4	1276.1	3660.6	660	39.8	64.8	72
9000	7.956733598	30.14953727	52.053098	0	6	197.458123	723.4028367	2367.898205	251.834057	153298	78333	27778	47187	153298	78333	0	22	0	8	5	9	5.2	34	128.8	471.9	1544.6	164.3	19.7	0	7.7
9040	27.52364239	269.5809819	829.0557572	381	277	1607.828355	5423.812554	19144.57491	1982.658406	550790	470267	64718	15805	550790	470267	0	33	0	14	8	11	5	150.5	291.9	984.7	3475.8	360	48.9	81	58.9
9080	11	41	256	85	122	771	1956	5786	551	146772	146772	0	0	146772	146772	0	7	0	7	0	0	7.5	174.4	525.3	1332.7	3942.2	375.4	27.9	57.9	83.1
9140	2.233972272	26.72726589	89.60352329	28	12	111.0053049	567.2999847	2064.756017	145.8200789	120573	112232	0	8341	120573	112232	0	10	0	8	0	2	1.9	74.3	92.1	470.5	1712.5	120.9	22.2	24.9	10.7
9160	21	244	1101	467	469	2330	4260	14059.6	2892	604024	604024	0	0	604024	604024	0	13	0	13	0	0	3.5	182.3	385.7	705.3	2327.7	478.8	40.4	77.3	77.6
9200	12.17541988	89.35440925	443.4081107	179	126	800.9013285	4320.494622	9083.687715	1111.1995	241305	159785	78774	2746	241305	159785	0	18	0	12	3	3	5	183.8	331.9	1790.5	3764.4	460.5	37	112	78.9
9260	10	121	175	48	75	315	3487	8847	1364	229185	229185	0	0	229185	229185	0	13	0	13	0	0	4.4	76.4	137.4	1521.5	3860.2	595.2	52.8	20.9	32.7
9270	5	62	167	36	17	604	1452	3543	1020	174856	174856	0	0	174856	174856	0	5	0	5	0	0	2.9	95.5	345.4	830.4	2026.2	583.3	35.5	20.6	9.7
9280	8.28493561	88.19707812	171.923172	34	26	510.5136644	1338.509124	6775.57876	467.9722209	383430	305214	0	78216	383430	305214	0	23	0	16	0	7	2.2	44.8	133.1	349.1	1767.1	122	23	11.1	8.5
9320	47.24818151	201.0217473	644.3680652	214.0074384	310.004959	1385.731951	4996.748282	13928.9387	1743.307294	598315	405199	14292	178824	598315	397346	0	46	0	25	3	18	7.9	107.7	231.6	835.1	2328	291.4	33.6	53.9	78
9340	7	65	94	22	41	520	1451	3334	886	144261	144261	0	0	144261	144261	0	5	0	5	0	0	4.9	65.2	360.5	1005.8	2311.1	614.2	45.1	15.3	28.4
9360	2.597329942	38.91648491	63.91400067	16	129	949.555098	1298.791344	3665.623013	644.5948358	170189	153894	0	16295	170189	153894	0	5	0	4	0	1	1.5	37.6	557.9	763.1	2153.9	378.8	22.9	10.4	83.8
