msa07	mmurd07	mrape07	mrobt07	mrobg07	massg07	massa07	mburg07	mlarc07	mmoto07	mpop07	mpopcm07	mpopg307	mpopl307	mpoprp07	mpopgn07	mpopna07	mct07	mctna07	mctcm07	mctg307	mctl307	mrmurd07	mrrobt07	mrassa07	mrburg07	mrlarc07	mrmoto07	mrrape07	mrrobg07	mrassg07
0	14803.38267	69285.09744	420268.9954	155624.0078	143219.3946	717571.7398	1784222.219	5423599.463	994020.9912	243724026	228294732	3918468	4047773	232709725	212794072	7463053	7723	497	6345	369	512	6.3	177.9	303.7	755.2	2295.6	420.7	29.8	73.1	67.3
40	9	95	172	55	138	424	1459	3512	317	130451	130451	0	0	130451	130451	0	5	0	5	0	0	6.9	131.9	325	1118.4	2692.2	243	72.8	42.2	105.8
80	25.72206998	316.0813552	968.8741527	340	136	930.7781427	5887.845231	15993.69995	1862.71309	699760	619555	3700	76505	699760	619555	0	33	0	23	1	9	3.7	138.5	133	841.4	2285.6	266.2	45.2	54.9	22
120	12	38	222	94	143	425	1868	4476	462	128340	127366	974	0	128340	127366	0	5	0	4	1	0	9.4	173	331.2	1455.5	3487.6	360	29.6	73.8	112.3
160	14.02948868	186.2609918	906.2893673	208	214	1905.673711	4351.955007	16373.84845	1138.686278	901036	894789	4625	1622	901036	894789	0	41	0	38	2	1	1.6	100.6	211.5	483	1817.2	126.4	20.7	23.2	23.9
200	67	409.2	1670.2	814	929	4790.4	7885.8	22885	6202.6	809673	802473	7200	0	809673	802473	0	13	0	12	1	0	8.3	206.3	591.6	973.9	2826.4	766.1	50.5	101.4	115.8
220	9.747687522	44.28448447	204.8442035	68	307	1138.699851	1667.418472	4423.299807	401.9153836	130274	121413	199	8662	130274	121413	0	9	0	3	1	5	7.5	157.2	874.1	1279.9	3395.4	308.5	34	56	252.9
240	34.603169	108.2136655	860.9515452	327	128.6145263	971.550093	3109.086978	13941.45786	1126.355555	695114	635410	37108	22596	695114	635410	0	60	0	44	12	4	5	123.9	139.8	447.3	2005.6	162	15.6	51.5	20.2
280	3.225694543	33.5213484	99.88428062	22	23	238.5949862	694.0917608	1992.674294	136.3391204	125800	110467	6878	8455	125800	110467	0	14	0	10	2	2	2.6	79.4	189.7	551.7	1584	108.4	26.6	19.9	20.8
320	19	136	436	110	353	1321	2770	8151	1321	234829	234829	0	0	234829	234829	0	5	0	5	0	0	8.1	185.7	562.5	1179.6	3471	562.5	57.9	46.8	150.3
380	22	264	458	119	298	1782	1548	9268	1351	303996	303996	0	0	303996	303996	0	4	0	4	0	0	7.2	150.7	586.2	509.2	3048.7	444.4	86.8	39.1	98
440	10	239.6433345	298.6433345	114.6433345	146	1025.146676	3215.073661	9658.766775	898.7551562	635358	618368	16990	0	635358	618368	0	28	0	25	3	0	1.6	47	161.3	506	1520.2	141.5	37.7	18.5	23.6
450	12.40799572	45.94599189	277.3340272	140.7764268	148.62424	504.3871582	1760.912958	3934.969546	458.4623506	113264	51321	0	61943	113264	51321	0	10	0	8	0	2	11	244.9	445.3	1554.7	3474.2	404.8	40.6	274.3	289.6
460	3.208761416	76.55629858	76.63958454	23	22	449.5424298	1566.354808	7928.316472	326.2730375	381828	364303	17525	0	381828	364303	0	25	0	24	1	0	0.8	20.1	117.7	410.2	2076.4	85.5	20	6.3	6
480	16.18851759	53.75201004	274.6902763	119	86	466.0333919	2226.493291	4700.478893	684.7106783	247169	244981	0	2188	247169	244981	0	11	0	8	0	3	6.5	111.1	188.5	900.8	1901.7	277	21.7	48.6	35.1
500	10.98112751	50.75281915	191.436166	60	42	382.613152	1685.37053	5302.518585	536.8915827	174124	142644	1514	29966	174124	142644	0	7	0	3	2	2	6.3	109.9	219.7	967.9	3045.3	308.3	29.1	42.1	29.4
520	456.7391923	1055.189975	12229.40405	7271.025792	3652.051583	14412.74229	51221.12095	119867.6316	28607.86223	5119702	4984425	103234	32043	5119702	4318236	0	109	0	91	10	8	8.9	238.9	281.5	1000.5	2341.3	558.8	20.6	168.4	84.6
560	17	91	786	220	125	1015	2965	10954	629	367708	367708	0	0	367708	367708	0	33	0	33	0	0	4.6	213.8	276	806.3	2979	171.1	24.7	59.8	34
580	8.826676978	72.13840476	137.1898599	69.23009667	103.3539873	400.6166268	1281.839537	3740.498223	253.2645881	127500	80201	0	47299	127500	80201	0	5	0	4	0	1	6.9	107.6	314.2	1005.4	2933.7	198.6	56.6	86.3	128.9
600	36.34365925	224.7947997	868.9737857	418	319	804.6779218	5058.363036	15862.51999	2709.532662	505340	404264	99276	1800	505340	404264	0	20	0	18	1	1	7.2	172	159.2	1001	3139	536.2	44.5	103.4	78.9
640	43	523	1672	494	579	3110	12256	48002	3845	1553472	1552033	1439	0	1553472	1552033	0	42	0	41	1	0	2.8	107.6	200.2	788.9	3090	247.5	33.7	31.8	37.3
680	50	181	1132	271	370	3227	8200	18509	5324	792216	792216	0	0	792216	792216	0	10	0	10	0	0	6.3	142.9	407.3	1035.1	2336.4	672	22.8	34.2	46.7
720	355	512	7139	1347	747	12979	18977	60970	12110	2652974	2652974	0	0	2652974	2028737	0	17	0	17	0	0	13.4	269.1	489.2	715.3	2298.2	456.5	19.3	66.4	36.8
733	3	14	34	9	1	39	775	3869	135	146242	146242	0	0	146242	146242	0	13	0	13	0	0	2.1	23.2	26.7	529.9	2645.6	92.3	9.6	6.2	0.7
743	2	62	72	19	46	824	2105	3637	293	225323	225323	0	0	225323	225323	0	15	0	15	0	0	0.9	32	365.7	934.2	1614.1	130	27.5	8.4	20.4
760	115.3560622	168.5641305	1368.11664	812	950	3278.176274	7682.297298	20967.67637	2338.341371	668022	663897	0	4125	668022	663897	0	15	0	12	0	3	17.3	204.8	490.7	1150	3138.8	350	25.2	122.3	143.1
840	29	189	640	208	249	1351	4215	9940	1291	378783	378783	0	0	378783	378783	0	18	0	18	0	0	7.7	169	356.7	1112.8	2624.2	340.8	49.9	54.9	65.7
860	2	88	81	10	26	270	1498	6233	436	188708	188708	0	0	188708	188708	0	9	0	9	0	0	1.1	42.9	143.1	793.8	3303	231	46.6	5.3	13.8
870	0.066360616	99.76479427	111.2952363	33.99808546	76	517.6834755	994.080971	3842.098778	285.0497872	160825	153642	4689	2494	160825	153642	0	19	0	14	2	3	0	69.2	321.9	618.1	2389	177.2	62	22.1	49.5
875	23	81	1479	369	201	1942	4741	16947	2300	1394925	1394925	0	0	1394925	1394925	0	86	0	86	0	0	1.6	106	139.2	339.9	1214.9	164.9	5.8	26.5	14.4
880	2	38	58	15	26	218	533	4187	381	140524	140524	0	0	140524	140524	0	3	0	3	0	0	1.4	41.3	155.1	379.3	2979.6	271.1	27	10.7	18.5
920	24.89525142	111.8995406	431.4251296	132	81	404.9008982	4526.580232	10968.36529	1524.057803	344069	271038	0	73031	344069	256574	0	12	0	10	0	2	7.2	125.4	117.7	1315.6	3187.8	443	32.5	51.4	31.6
960	4	67	109	15	20	305.976324	863.988162	5031.988162	144	246237	246237	0	0	246237	246237	0	10	0	10	0	0	1.6	44.3	124.3	350.9	2043.6	58.5	27.2	6.1	8.1
1000	123.1096444	435.1858	2607.945521	353.0007758	289	2817.145959	11212.00265	30762.5646	4212.106208	974805	814832	0	159973	974805	439551	0	59	0	39	0	20	12.6	267.5	289	1150.2	3155.8	432.1	44.6	80.3	65.7
1010	2	47.09090909	14	4	0	137	372.6363636	1703.181818	156.1818182	102688	100140	2548	0	102688	100140	0	5	0	4	1	0	1.9	13.6	133.4	362.9	1658.6	152.1	45.9	4	0
1020	4	37	88	31	6	233	1022	2893	250	122838	122838	0	0	122838	122838	0	2	0	2	0	0	3.3	71.6	189.7	832	2355.1	203.5	30.1	25.2	4.9
1040	0	0	0	0	0	0	0	0	0	162175	0	0	0	0	0	162175	10	10	0	0	0									
1080	21	266	127	60	184	1103	2946	10118	1082	550209	550209	0	0	550209	550209	0	9	0	9	0	0	3.8	23.1	200.5	535.4	1838.9	196.7	48.3	10.9	33.4
1123	163.8383553	1427.758971	6287.13291	1478	1700	17521.86851	30671.71833	97348.87835	13250.979	6200015	5853149	208069	138797	6200015	5853149	0	300	0	267	11	22	2.6	101.4	282.6	494.7	1570.1	213.7	23	25.3	29
1125	3.933222565	86.99216144	72.50919113	11	20	458.6958718	1273.252342	5393.571134	392.430595	286717	202439	0	84278	286717	202439	0	8	0	6	0	2	1.4	25.3	160	444.1	1881.1	136.9	30.3	5.4	9.9
1145	8.881021998	80.45328597	131.096352	50.98868698	65.10766498	395.1332149	1801.717174	4816.831452	482.2664298	294793	294793	0	0	294793	294793	0	17	0	17	0	0	3	44.5	134	611.2	1634	163.6	27.3	17.3	22.1
1150	1	200	105	18	74	743	1567	4314	378	241780	241780	0	0	241780	241780	0	5	0	5	0	0	0.4	43.4	307.3	648.1	1784.3	156.3	82.7	7.4	30.6
1240	16	100	317	40	136	1183	3965	14256	985	395428	395428	0	0	395428	395428	0	12	0	12	0	0	4	80.2	299.2	1002.7	3605.2	249.1	25.3	10.1	34.4
1260	5	77	147	66	126	656	1652	4985	253	159881	159881	0	0	159881	159881	0	3	0	3	0	0	3.1	91.9	410.3	1033.3	3117.9	158.2	48.2	41.3	78.8
1280	60	331	2019.797673	729	549	2861.176727	7840.425526	23413.79054	3133	1129953	1128071	1882	0	1129953	1128071	0	28	0	27	1	0	5.3	178.8	253.2	693.9	2072.1	277.3	29.3	64.6	48.7
1303	4	70	43	12	31	263	1151	4956	240	205403	205403	0	0	205403	205403	0	15	0	15	0	0	1.9	20.9	128	560.4	2412.8	116.8	34.1	5.8	15.1
1320	13.56449946	140.6953854	586.0438354	169.9828949	82.99740122	535.4423352	3695.353626	10353.47823	887.1675989	409041	358524	6473	44044	409041	358524	0	25	0	15	5	5	3.3	143.3	130.9	903.4	2531.2	216.9	34.4	47.4	23.1
1350	4	20	23	6	13	127	646	2306	199	71604	71604	0	0	71604	71604	0	4	0	4	0	0	5.6	32.1	177.4	902.2	3220.5	277.9	27.9	8.4	18.2
1360	6.091663734	50.72699609	148.43739	39	59	401.7581179	1424.793471	5446.450444	400.2600244	203034	196392	0	6642	203034	196392	0	5	0	4	0	1	3	73.1	197.9	701.8	2682.5	197.1	25	19.9	30
1400	0	0	0	0	0	0	0	0	0	185892	0	0	0	0	0	185892	12	12	0	0	0									
1440	70	277	1331	764	827	3379	5155	17274	2832	616999	616999	0	0	616999	616999	0	24	0	24	0	0	11.3	215.7	547.7	835.5	2799.7	459	44.9	123.8	134
1480	7.270406445	63.47635376	222.2457982	67	179.3418182	780.3665574	1802.138122	6034.699413	733.9480165	245672	232361	6255	7056	245672	232361	0	23	0	10	4	9	3	90.5	317.6	733.6	2456.4	298.8	25.8	28.8	77.2
1520	125.7180807	554.6167523	4445.736868	2955.601836	2742.601836	7415.240645	23563.08525	59964.95243	9047.025391	1821400	1471496	170081	179823	1821400	1471496	0	46	0	32	7	7	6.9	244.1	407.1	1293.7	3292.2	496.7	30.5	200.9	186.4
1540	4	59	149	60	84	292.2727273	729	3829.012121	260	177002	177002	0	0	177002	177002	0	4	0	4	0	0	2.3	84.2	165.1	411.9	2163.3	146.9	33.3	33.9	47.5
1560	21	176	648.3291977	304.3291977	446	2440.987593	4591.633581	15823.59636	1690.645988	490080	490080	0	0	490080	490080	0	27	0	27	0	0	4.3	132.3	498.1	936.9	3228.8	345	35.9	62.1	91
1580	1	34	15	4	11	109	383	2580	117	86692	86692	0	0	86692	86692	0	3	0	3	0	0	1.2	17.3	125.7	441.8	2976.1	135	39.2	4.6	12.7
1600	468	0	15870	0	0	18647	27297	93006	19325	8671201	3395535	0	0	0	0	5275666	309	298	11	0	0	13.8	467.4	549.2	803.9	2739.1	569.1			
1620	9	127	176	55	61	665	1840	3951	875	215992	215992	0	0	215992	215992	0	6	0	6	0	0	4.2	81.5	307.9	851.9	1829.2	405.1	58.8	25.5	28.2
1640	91.6073744	726.9201777	2923.598722	913.1233336	602.1644448	2568.842616	12826.9689	38720.75149	3974.513283	1723454	1448628	37420	237406	1723454	1448628	0	111	0	74	10	27	5.3	169.6	149.1	744.3	2246.7	230.6	42.2	63	41.6
1660	13.53768377	100.0881946	238.0450347	100	336	996.2312544	2381.359481	5124.896489	552.634307	217324	188596	27197	1531	217324	188596	0	7	0	4	1	2	6.2	109.5	458.4	1095.8	2358.2	254.3	46.1	53	178.2
1680	140.1915081	812.6989142	5277.616987	2165.05947	830.5669299	3411.335214	18526.93864	40135.25894	9771.53824	2206637	1614595	93987	498055	2206637	1614595	0	113	0	69	7	37	6.4	239.2	154.6	839.6	1818.8	442.8	36.8	134.1	51.4
1720	28.07273842	362.1540897	569.2607993	277	281	1933.874574	3884.581643	13698.61761	1783.242296	590516	587345	0	3171	590516	587345	0	8	0	6	0	2	4.8	96.4	327.5	657.8	2319.8	302	61.3	47.2	47.8
1740	3	37	161	66	68	588	854	3558	271	147399	147399	0	0	147399	147399	0	6	0	6	0	0	2	109.2	398.9	579.4	2413.9	183.9	25.1	44.8	46.1
1760	49	261.7272242	1023.727224	592	927.9087189	3504.453559	5324.99911	17248.17794	2308.363167	601504	601504	0	0	601504	601504	0	19	0	19	0	0	8.1	170.2	582.6	885.3	2867.5	383.8	43.5	98.4	154.3
1800	28.77502419	69.17368097	696.8067906	533.850823	459.4564039	722.5822367	3283.625039	10775.31074	2074.730091	282819	267603	0	15216	282819	267603	0	11	0	8	0	3	10.2	246.4	255.5	1161	3810	733.6	24.5	199.5	171.7
1840	96.53316153	953.1694742	4461.202776	1959.955232	684	2257.545509	20149.58743	51570.53399	7554.668414	1655570	1413923	59589	182058	1655570	1413923	0	66	0	44	10	12	5.8	269.5	136.4	1217.1	3115	456.3	57.6	138.6	48.4
1880	20.99056307	291.0138861	568.0161148	139.8108317	228.6684266	1907.97951	4449.686795	17673.21258	992.1506025	392301	392301	0	0	392301	392301	0	16	0	16	0	0	5.4	144.8	486.4	1134.3	4505	252.9	74.2	35.6	58.3
1890	2.126236728	20.75742037	16.16581204	3.009893828	2.126236728	72.89355093	417.4131577	1884.683972	109.1681951	79314	79314	0	0	79314	79314	0	4	0	4	0	0	2.7	20.4	91.9	526.3	2376.2	137.6	26.2	3.8	2.7
1900	1	25	43	8	29	313	657	1918	126	98759	98759	0	0	98759	98759	0	11	0	11	0	0	1	43.5	316.9	665.3	1942.1	127.6	25.3	8.1	29.4
1920	273.6702215	1186.786678	9544.248702	4919.527965	3655.272611	10493.3322	43631.9816	112325.662	21853.23547	4181840	4181090	0	750	4181840	4181090	0	115	0	113	0	2	6.5	228.2	250.9	1043.4	2686	522.6	28.4	117.7	87.4
1950	9	14	117	75	36	122	737	2038	170	106432	106432	0	0	106432	106432	0	5	0	5	0	0	8.5	109.9	114.6	692.5	1914.8	159.7	13.2	70.5	33.8
1960	3.04389978	51.30601845	231.6462417	57	81	619.4625976	1486.889345	5841.674625	326.8715956	359849	159791	0	3181	162972	159791	196877	27	22	4	0	1	1.9	142.1	380.1	912.4	3584.5	200.6	31.5	35.7	50.7
2000	43.57919735	382.8448549	1332.788375	424	286	1251.373607	8323.068346	23985.12163	3172.694722	934135	760524	13371	160240	934135	760524	0	46	0	34	5	7	4.7	142.7	134	891	2567.6	339.6	41	55.8	37.6
2020	24.17870866	183.972402	788.6054124	270	376	2228.551222	5357.349635	13500.2719	1944.95399	588464	585669	0	2795	588464	585669	0	18	0	17	0	1	4.1	134	378.7	910.4	2294.2	330.5	31.3	46.1	64.2
2030	0.313860907	41.46635816	120.4705565	47	61	193.5626358	1308.412063	3672.218144	319.1935354	150476	146628	0	3848	150476	146628	0	14	0	12	0	2	0.2	80.1	128.6	869.5	2440.4	212.1	27.6	32.1	41.6
2040	0	0	0	0	0	0	0	0	0	108214	0	0	0	0	0	108214	7	7	0	0	0									
2080	83.97065551	1041.280507	2301.531712	930.941311	1377.527933	5417.07383	15536.88858	48925.34381	11549.97348	2361941	2361941	0	0	2361941	2361941	0	38	0	38	0	0	3.6	97.4	229.3	657.8	2071.4	489	44.1	39.4	58.3
2120	9	260	459	112	215	1339	3278	13961	1468	514308	514308	0	0	514308	514308	0	24	0	24	0	0	1.7	89.2	260.3	637.4	2714.5	285.4	50.6	21.8	41.8
2160	484.8296674	1411.014835	9323.265431	4942.356665	5429	20467.44506	36279.27833	82716.24931	32573.44581	4419212	4368108	19923	31181	4419212	4368108	0	130	0	123	4	3	11	211	463.1	820.9	1871.7	737.1	31.9	113.1	124.3
2180	14.48643484	66.33238873	234.2208585	122.1700021	120.0755565	346.997327	1230.947696	3672.755395	351.3513854	145148	139300	0	5848	145148	139300	0	20	0	15	0	5	10	161.4	239.1	848.1	2530.4	242.1	45.7	87.7	86.2
2190	6	84.27579737	140.6547842	68.97686054	151.8042527	721.4696685	929.1707317	3504.428393	287.5053158	150986	150986	0	0	150986	150986	0	10	0	10	0	0	4	93.2	477.8	615.4	2321	190.4	55.8	45.7	100.5
2200	1	24.95938844	27	4	1	414.8781653	712.6751075	1428.766364	106.9593884	92749	92749	0	0	92749	92749	0	3	0	3	0	0	1.1	29.1	447.3	768.4	1540.5	115.3	26.9	4.3	1.1
2240	4.077901402	17	151.0192695	35	43	409.0229294	1686.321345	6663.572851	484.0427186	239550	231383	1588	6579	239550	231383	0	18	0	14	1	3	1.7	63	170.7	704	2781.7	202.1	7.1	15.1	18.6
2281	14.09090223	42.804537	254.9746218	61	101	591.9617818	929.758175	4438.450781	267.1981449	296416	291416	0	5000	296416	291416	0	14	0	12	0	2	4.8	86	199.7	313.7	1497.4	90.1	14.4	20.9	34.7
2290	1	25	15	2	2	116	667	2732	175	156492	156492	0	0	156492	156492	0	10	0	10	0	0	0.6	9.6	74.1	426.2	1745.8	111.8	16	1.3	1.3
2320	20	289	540	122	241	2130	2806	16848	3263	744171	744171	0	0	744171	744171	0	6	0	6	0	0	2.7	72.6	286.2	377.1	2264	438.5	38.8	16.4	32.4
2330	7	58	258.9542006	107	11	37	1899.450407	5020.122506	627.6794043	200179	200179	0	0	200179	91781	0	4	0	4	0	0	3.5	129.4	18.5	948.9	2507.8	313.6	29	116.6	12
2335	3.192530929	15.70400937	45.41824891	9	18	186.8630538	447.8478146	2099.692754	81.00967095	88057	77467	0	10590	88057	77467	0	6	0	5	0	1	3.6	51.6	212.2	508.6	2384.5	92	17.8	11.6	23.2
2340	3	25	23	5	11	119	499	1511	80	57284	57284	0	0	57284	57284	0	3	0	3	0	0	5.2	40.2	207.7	871.1	2637.7	139.7	43.6	8.7	19.2
2360	5	117	313.2	78	49	367.6	1513.4	4195	284.4	278948	270674	8274	0	278948	270674	0	12	0	9	3	0	1.8	112.3	131.8	542.5	1503.9	102	41.9	28.8	18.1
2400	1	94	257	72	96	696	3096	8958	1822	340482	340482	0	0	340482	340482	0	10	0	10	0	0	0.3	75.5	204.4	909.3	2631	535.1	27.6	21.1	28.2
2440	8.527272239	93.00590633	229.4895875	49	16	547.2948981	1741.350284	6838.477455	485.9676639	303861	249193	0	54668	303861	249193	0	8	0	5	0	3	2.8	75.5	180.1	573.1	2250.5	159.9	30.6	19.7	6.4
2520	3	70	37	11	11	236	867	3367	333	189580	189580	0	0	189580	189580	0	6	0	6	0	0	1.6	19.5	124.5	457.3	1776	175.7	36.9	5.8	5.8
2560	28	85	644	314	389	1266	5592	12342	1215	301574	301574	0	0	301574	301574	0	4	0	4	0	0	9.3	213.5	419.8	1854.3	4092.5	402.9	28.2	104.1	129
2580	7	239	112	40	176	881.7142857	2623.714286	8869.142857	604	394072	393459	613	0	394072	393459	0	24	0	23	1	0	1.8	28.4	223.7	665.8	2250.6	153.3	60.6	10.2	44.7
2620	4.152522094	78.48057602	75.67201384	23	54	424.767	809.7450022	4386.17999	199.2590568	133138	118861	10610	3667	133138	118861	0	9	0	5	2	2	3.1	56.8	319	608.2	3294.5	149.7	58.9	19.4	45.4
2640	37.03161043	225.4978643	899.0564002	401	864	2550.283916	5650.060006	9720.076229	1879.706833	440751	439563	0	1188	440751	439563	0	25	0	23	0	2	8.4	204	578.6	1281.9	2205.3	426.5	51.2	91.2	196.6
2650	3.639509645	41.59421638	116.696842	23	32	382.3932608	1277.437313	3678.120766	244.2261549	142786	82422	0	60364	142786	82422	0	13	0	11	0	2	2.5	81.7	267.8	894.7	2576	171	29.1	27.9	38.8
2655	15	64	228	118	306	1002	1639	4766	557	133336	133336	0	0	133336	133336	0	8	0	8	0	0	11.2	171	751.5	1229.2	3574.4	417.7	48	88.5	229.5
2670	4.105309833	107.1700429	59.10530983	18	54.08051465	474.6381585	1214.211928	6168.144601	501.1713358	282097	282097	0	0	282097	282097	0	7	0	7	0	0	1.5	21	168.3	430.4	2186.5	177.7	38	6.4	19.2
2680	105	472	4051	1753	1023	6265	14183	47763	6993	1795143	1795143	0	0	1795143	1795143	0	31	0	31	0	0	5.8	225.7	349	790.1	2660.7	389.6	26.3	97.7	57
2700	47	177	988	468	530	2117	6501	13983	2138	587220	587220	0	0	587220	587220	0	4	0	4	0	0	8	168.3	360.5	1107.1	2381.2	364.1	30.1	79.7	90.3
2710	15	146	483	198	282	1525	3199	8338	758	400314	400314	0	0	400314	400314	0	7	0	7	0	0	3.7	120.7	381	799.1	2082.9	189.4	36.5	49.5	70.4
2720	8.101069109	173.8917417	172.718845	41	174	1114.111026	2066.474558	6100.362813	535.0019387	222716	186305	720	35691	222716	186305	0	14	0	11	1	2	3.6	77.6	500.2	927.9	2739.1	240.2	78.1	22	93.4
2750	4	61	144	40	67	518	1182	4125	363	180091	180091	0	0	180091	180091	0	6	0	6	0	0	2.2	80	287.6	656.3	2290.5	201.6	33.9	22.2	37.2
2760	28.08245602	126.0508209	462.3900091	254	67	376.1722095	2989.243363	10484.42871	951.8951463	524161	454343	0	69818	524161	454343	0	17	0	13	0	4	5.4	88.2	71.8	570.3	2000.2	181.6	24	55.9	14.7
2800	89.35336546	767.2973376	2874.734217	1250.472035	1570.889597	5926.176051	19949.23268	62189.44961	6678.251156	2017385	2017385	0	0	2017385	2017385	0	55	0	55	0	0	4.4	142.5	293.8	988.9	3082.7	331	38	62	77.9
2840	78	214	1548	471	759	3356	8237	23935	6953	1047156	1047156	0	0	1047156	1047156	0	16	0	16	0	0	7.4	147.8	320.5	786.6	2285.7	664	20.4	45	72.5
2880	4.523070026	25.54615399	136.5622965	61.17908257	17.26862385	156.8129964	966.908268	2909.488737	285.7828011	103500	66765	0	36735	103500	66765	0	9	0	7	0	2	4.4	131.9	151.5	934.2	2811.1	276.1	24.7	91.6	25.9
2900	7.04904098	150.2668452	410.812648	159	232	1690.718707	2928.054086	7095.046708	771.0059786	226430	225663	0	767	226430	225663	0	5	0	4	0	1	3.1	181.4	746.7	1293.1	3133.4	340.5	66.4	70.5	102.8
2920	19	169.296898	417.9425151	153.7105062	173.6456171	812.0390816	2788.32847	7324.237359	850.878168	288453	288453	0	0	288453	288453	0	12	0	12	0	0	6.6	144.9	281.5	966.6	2539.1	295	58.7	53.3	60.2
2960	112.2053541	137.1494039	919.3099027	215	136	1091.600149	4926.894511	16070.04374	2818.741477	657285	640043	0	17242	657285	542995	0	25	0	22	0	3	17.1	139.9	166.1	749.6	2444.9	428.8	20.9	39.6	25
2975	5	41	12	1	16	177	376	1947	68	129840	129840	0	0	129840	129840	0	10	0	10	0	0	3.9	9.2	136.3	289.6	1499.5	52.4	31.6	0.8	12.3
2980	19.757371	10.73241929	136.9068729	53	120	373.109471	1689.068667	3477.404159	354.2310995	115119	107779	5209	2131	115119	107779	0	6	0	2	2	2	17.2	118.9	324.1	1467.2	3020.7	307.7	9.3	49.2	111.3
2985	2.039218487	33.60966921	11.22461497	0	2	122.9591352	432.3130718	1972.575214	212.1292437	96813	93284	2256	1273	96813	93284	0	9	0	5	3	1	2.1	11.6	127	446.5	2037.5	219.1	34.7	0	2.1
2995	2.009588351	52.16076468	51.16619808	10	69	368.8607143	721.2807491	3079.52737	323.9633096	137907	134733	2756	418	137907	134733	0	6	0	4	1	1	1.5	37.1	267.5	523	2233	234.9	37.8	7.4	51.2
3000	30.20171605	551.3593255	1096.081501	321.0017368	463.0017368	2871.15015	7713.772808	26482.40959	1795.501688	1148321	1101932	38808	7581	1148321	1101932	0	37	0	31	4	2	2.6	95.5	250	671.7	2306.2	156.4	48	29.1	42
3040	2	8	29	4	41	201	278	2921	141	79880	79880	0	0	79880	79880	0	2	0	2	0	0	2.5	36.3	251.6	348	3656.7	176.5	10	5	51.3
3060	7.024735279	78.65940051	65.10845531	23.05868898	85.39155251	611.170645	1422.449674	4682.052518	548.7660703	247368	242978	0	4390	247368	242978	0	20	0	19	0	1	2.8	26.3	247.1	575	1892.7	221.8	31.8	9.5	35.1
3080	3	90.52698738	89.52698738	32	39	503.7505669	938.9208747	4554.421537	283.6265534	242888	242888	0	0	242888	242888	0	8	0	8	0	0	1.2	36.9	207.4	386.6	1875.1	116.8	37.3	13.2	16.1
3120	113.3615894	388.5374466	2444.836167	871.1778127	812.8972266	4421.69655	17759.6899	37174.54119	4185.720006	1374115	1105032	262565	6518	1374115	1105032	0	40	0	31	3	6	8.2	177.9	321.8	1292.4	2705.3	304.6	28.3	78.8	73.6
3150	14.20128795	37.09090909	320.2824622	168	128	620.8473865	2320.298637	4999.058259	430.7467425	148604	141758	6846	0	148604	141758	0	7	0	5	2	0	9.6	215.5	417.8	1561.4	3364	289.9	25	118.5	90.3
3160	63	384.4868168	1472.356103	772.8286737	1291.14092	5261.510151	11744.90005	29814.36306	4191.512065	1054613	1054613	0	0	1054613	1054613	0	37	0	37	0	0	6	139.6	498.9	1113.7	2827	397.4	36.5	73.3	122.4
3180	7	38	137	53	54	324	679	2338	240	144219	144219	0	0	144219	144219	0	5	0	5	0	0	4.9	95	224.7	470.8	1621.1	166.4	26.3	36.7	37.4
3200	9.747541864	227.0163959	403.2743542	117.8766664	79.83555525	961.5025231	3279.615156	11060.23419	799.408104	359515	335980	2525	21010	359515	335980	0	13	0	9	1	3	2.7	112.2	267.4	912.2	3076.4	222.4	63.1	35.1	23.8
3240	22.26787046	198.8056453	744.9664393	329.7956817	117	1041.264981	2288.082584	10003.89935	600.8357218	653831	635644	8152	10035	653831	635644	0	63	0	54	3	6	3.4	113.9	159.3	350	1530	91.9	30.4	51.9	18.4
3283	46	182	1338	484	206	1364	5236	20945	3616	1006947	1006947	0	0	1006947	1006947	0	33	0	33	0	0	4.6	132.9	135.5	520	2080	359.1	18.1	48.1	20.5
3285	2.89634815	52.09759154	156.6982132	81	26	127.9117339	1060.330233	2605.346715	280.4119689	123779	102935	0	20844	123779	102935	0	6	0	5	0	1	2.3	126.6	103.3	856.6	2104.8	226.5	42.1	78.7	25.3
3290	19.1528117	86.52406588	255.3400903	86	161	681.9120622	3776.813367	8184.245509	973.1661544	365896	207111	156308	2477	365896	207111	0	26	0	17	5	4	5.2	69.8	186.4	1032.2	2236.8	266	23.6	41.5	77.7
3320	19	226	943	91	114	1425	5777	26483	4937	905903	905903	0	0	905903	905903	0	1	0	1	0	0	2.1	104.1	157.3	637.7	2923.4	545	24.9	10	12.6
3350	12	66	134	50	147	785	1037	5666	401	203401	203401	0	0	203401	203401	0	5	0	5	0	0	5.9	65.9	385.9	509.8	2785.6	197.1	32.4	24.6	72.3
3360	465.1362122	1497.45158	14676.39626	7755.300807	5119.246718	19698.25651	51798.4569	132078.1046	29834.17405	5029107	5028559	0	548	5029107	5028559	0	63	0	62	0	1	9.2	291.8	391.7	1030	2626.3	593.2	29.8	154.2	101.8
3400	7.68342235	79.63293278	258.7134413	85	54	345.9671677	2587.507183	5901.378795	723.2339949	312001	262098	23838	26065	312001	262098	0	30	0	17	8	5	2.5	82.9	110.9	829.3	1891.5	231.8	25.5	32.4	20.6
3440	30.03197009	144.5093643	723.7390955	22	49	1045.377778	3620.938262	11020.91528	1671.460181	381972	320279	0	61693	381972	150888	0	12	0	8	0	4	7.9	189.5	273.7	948	2885.3	437.6	37.8	14.6	32.5
3480	134.4175622	641.3748358	4451.672937	2283.999223	1253	5954.273074	17454.83975	47114.42423	9296.729581	1765163	1485620	114065	165478	1765163	1381678	0	37	0	27	2	8	7.6	252.2	337.3	988.9	2669.1	526.7	36.3	165.3	90.7
3500	0	44.09090909	60.18181818	12	2	292.3636364	512.5454545	2271.272727	131.7272727	119017	108191	10826	0	119017	108191	0	4	0	3	1	0	0	50.6	245.6	430.6	1908.4	110.7	37	11.1	1.8
3520	2.060453617	97.95214446	78.02032087	16	59	400.2803507	908.9778409	3291.436476	277.0891616	163839	157380	4187	2272	163839	157380	0	13	0	10	2	1	1.3	47.6	244.3	554.8	2008.9	169.1	59.8	10.2	37.5
3560	68.61284363	223.0118352	1018.854185	675	307	776.3970685	5903.699956	11697.51514	2048.340154	475786	354978	44687	76121	475786	354978	0	19	0	10	3	6	14.4	214.1	163.2	1240.8	2458.6	430.5	46.9	190.2	86.5
3580	12.00651254	48.0097688	283.0455878	197.0260501	272.0911755	611.3353956	1490.439596	3715.022468	697.1204819	113807	113807	0	0	113807	113807	0	5	0	5	0	0	10.5	248.7	537.2	1309.6	3264.3	612.5	42.2	173.1	239.1
3600	136.418223	358.2756643	3491.458319	2160	2407	7235.713254	14725.6855	39904.59911	5883.635079	1265366	1258825	0	6541	1265366	1258825	0	12	0	11	0	1	10.8	275.9	571.8	1163.7	3153.6	465	28.3	171.6	191.2
3605	11	65.31820609	116	43	69	395.7350062	1624.106959	3388.773625	343.780388	152338	151611	727	0	152338	151611	0	7	0	6	1	0	7.2	76.1	259.8	1066.1	2224.5	225.7	42.9	28.4	45.5
3610	1	50	48	8	30	240	816	2520	105	134387	134387	0	0	134387	134387	0	9	0	9	0	0	0.7	35.7	178.6	607.2	1875.2	78.1	37.2	6	22.3
3620	5	47	124.9919694	37	20	193	963.9036329	4265.775143	231.9919694	160629	160629	0	0	160629	160629	0	8	0	8	0	0	3.1	77.8	120.2	600.1	2655.7	144.4	29.3	23	12.5
3640	26	78	1844	440	179	1770	2989	9347	2209	598484	598484	0	0	598484	598484	0	12	0	12	0	0	4.3	308.1	295.7	499.4	1561.8	369.1	13	73.5	29.9
3660	12	153.1781915	200	45	320.1781915	1592.960106	3800.138298	12512.20213	1087.212766	499710	499710	0	0	499710	499710	0	28	0	28	0	0	2.4	40	318.8	760.5	2503.9	217.6	30.7	9	64.1
3680	3.487745793	28.28776794	100.1502643	29	20	336.7723262	792.2849054	2887.421957	251.828821	223929	188664	16993	18272	223929	188664	0	54	0	35	5	14	1.6	44.7	150.4	353.8	1289.4	112.5	12.6	15.4	10.6
3700	5	35	94	25	45	229.0909091	1659.090909	2357.454545	146	89187	87989	1198	0	89187	87989	0	7	0	6	1	0	5.6	105.4	256.9	1860.2	2643.3	163.7	39.2	28.4	51.1
3710	8	66.09090909	110	21	27	503.5454545	1563.545455	5901.727273	642.1818182	170012	168671	1341	0	170012	168671	0	17	0	16	1	0	4.7	64.7	296.2	919.7	3471.4	377.7	38.9	12.5	16
3720	23.09270264	352.5123688	567.215991	160.9982632	396.9982632	1721.852571	4228.322803	12471.43003	1091.890952	456166	450531	2151	3484	456166	450531	0	28	0	24	1	3	5.1	124.3	377.5	926.9	2734	239.4	77.3	35.7	88.1
3740	0	0	0	0	0	0	0	0	0	109475	0	0	0	0	0	109475	11	11	0	0	0									
3760	142.0032544	912.2353526	3549.293854	1524	2530	9184.961575	16840.27904	54387.18123	12069.12851	1923000	1908786	13351	863	1923000	1408214	0	122	0	111	8	3	7.4	184.6	477.6	875.7	2828.2	627.6	47.4	108.2	179.7
3800	3	51	161	62	10	198	1019	3507	313	164301	164301	0	0	164301	164301	0	5	0	5	0	0	1.8	98	120.5	620.2	2134.5	190.5	31	37.7	6.1
3810	18.00896223	153.122516	342.3319479	147.8258601	146.5024574	850.7655412	4194.979588	7986.26457	569.7184687	332939	331863	0	1076	332939	331863	0	13	0	12	0	1	5.4	102.8	255.5	1260	2398.7	171.1	46	44.5	44.1
3840	42	241.7016857	940.7016857	402	773.4033715	2712.177745	7927.487088	20641.94118	2764.74335	769085	767260	1825	0	769085	767260	0	24	0	23	1	0	5.5	122.3	352.6	1030.8	2684	359.5	31.4	52.4	100.8
3850	1	24.00077666	68.00232997	25.00077666	23	184.0007767	703.0869855	2679.222124	150.0155331	100734	100734	0	0	100734	100734	0	5	0	5	0	0	1	67.5	182.7	698	2659.7	148.9	23.8	24.8	22.8
3870	1.075474013	19	31.9251898	2	4	168.8040967	503.1204516	2606.195524	142.2799344	129892	123518	0	6374	129892	123518	0	13	0	11	0	2	0.8	24.6	130	387.3	2006.4	109.5	14.6	1.6	3.2
3880	28.63529433	146.7193287	525.7900724	87	321	2093.471064	3687.328982	11443.33135	1189.626898	407628	333598	9798	64232	407628	333598	0	22	0	9	4	9	7	129	513.6	904.6	2807.3	291.8	36	26.1	96.2
3920	0.553851419	58.66815995	81.79473826	23	11	301.497225	1200.901242	4576.45341	317.8080637	191354	157120	16431	17803	191354	157120	0	6	0	4	1	1	0.3	42.7	157.6	627.6	2391.6	166.1	30.7	14.6	7
3960	35.67129137	147.3417442	293.7103981	27	25	727.6419432	2856.698736	5120.430025	724.9281525	184473	95145	69966	19362	184473	95145	0	7	0	5	1	1	19.3	159.2	394.4	1548.6	2775.7	393	79.9	28.4	26.3
3980	31.16943755	190.9219554	737.2627345	363	412	2080.848207	6319.827024	14423.53687	1632.385715	568435	565785	0	2650	568435	565785	0	15	0	14	0	1	5.5	129.7	366.1	1111.8	2537.4	287.2	33.6	64.2	72.8
4000	13.31140775	107.0991189	394.4987602	121	64	495.1812741	2013.271681	8022.845889	667.7957334	496516	483604	1246	11666	496516	483604	0	42	0	40	1	1	2.7	79.5	99.7	405.5	1615.8	134.5	21.6	25	13.2
4040	20.31812651	248.4650381	393.6315829	115	143	1341.534089	2879.58591	8096.562244	713.9418286	452907	426607	14344	11956	452907	426607	0	26	0	19	3	4	4.5	86.9	296.2	635.8	1787.7	157.6	54.9	27	33.5
4080	13	82	340	95	185	907	2015	10800	1584	237170	237170	0	0	237170	237170	0	2	0	2	0	0	5.5	143.4	382.4	849.6	4553.7	667.9	34.6	40.1	78
4100	9.783021625	95.91344931	123.7144142	14	67	632.4873031	1394.010759	4465.931832	449.1640714	196085	102322	91565	2198	196085	102322	0	5	0	2	2	1	5	63.1	322.6	710.9	2277.5	229.1	48.9	13.7	65.5
4120	175	901	6282	2869	1995	9594	22366	42325	21062	2077940	2077940	0	0	2077940	2077940	0	11	0	11	0	0	8.4	302.3	461.7	1076.4	2036.9	1013.6	43.4	138.1	96
4150	2	59	66	18	41	345	688	4894	230	114212	114212	0	0	114212	114212	0	4	0	4	0	0	1.8	57.8	302.1	602.4	4285	201.4	51.7	15.8	35.9
4200	10	80	187	11	11	815	1619	2960	292	109016	109016	0	0	109016	109016	0	2	0	2	0	0	9.2	171.5	747.6	1485.1	2715.2	267.9	73.4	10.1	10.1
4243	4	39	46	4	4	66	608	1914	110	107169	107169	0	0	107169	107169	0	7	0	7	0	0	3.7	42.9	61.6	567.3	1786	102.6	36.4	3.7	3.7
4280	21.96414748	179.1225279	666.8136123	239	229	1357.392351	3690.697817	11793.37764	980.7200708	522089	464494	32986	24609	522089	464494	0	18	0	13	3	2	4.2	127.7	260	706.9	2258.9	187.8	34.3	51.5	49.3
4320	1.593997208	70.57888546	151.6065095	44	48	251.6356393	1267.56442	3687.919607	274.4603232	152109	107306	26813	17990	152109	107306	0	18	0	10	4	4	1	99.7	165.4	833.3	2424.5	180.4	46.4	41	44.7
4360	7	115	174	54	65	1054	2039	10004	443	269187	269187	0	0	269187	269187	0	2	0	2	0	0	2.6	64.6	391.5	757.5	3716.4	164.6	42.7	20.1	24.1
4400	87	311.0909091	1502	842	1142	3520.090909	9309.506494	23998.79855	2793.303276	631674	627957	3717	0	631674	627957	0	24	0	21	3	0	13.8	237.8	557.3	1473.8	3799.2	442.2	49.2	134.1	181.9
4420	13.03676414	150.8244146	280.8878891	117.6970046	233.1313364	880.6643051	2720.767321	6973.296168	874.1315016	220218	219049	0	1169	220218	219049	0	15	0	14	0	1	5.9	127.5	399.9	1235.5	3166.5	396.9	68.5	53.7	106.4
4480	864	2285.363636	27681.36364	9845	9869	32564.90909	55026.09091	151411.4545	59680.18182	9929814	9905625	24189	0	9929814	9905625	0	89	0	88	1	0	8.7	278.8	328	554.2	1524.8	601	23	99.4	99.6
4520	83.30103999	273.6452395	2261.601765	960	685	2575.170833	10675.59701	29219.46008	4301.871234	1074480	977409	40437	56634	1074480	977409	0	37	0	29	1	7	7.8	210.5	239.7	993.6	2719.4	400.4	25.5	98.2	70.1
4600	15.24053857	115	267.2405386	75	265.4810771	1694.68377	3623.924309	8700.937773	703.7216157	256513	256513	0	0	256513	256513	0	9	0	9	0	0	5.9	104.2	660.7	1412.8	3392	274.3	44.8	29.2	103.5
4640	5	61	119	61	64	361	835.3333333	3592.666667	325.6666667	226369	225117	1252	0	226369	225117	0	8	0	7	1	0	2.2	52.6	159.5	369	1587.1	143.9	26.9	27.1	28.4
4680	35.110458	86.45733488	528.7016219	263	309	1022.319024	4160.878732	11277.50631	1496.249507	347548	334641	11523	1384	347548	334641	0	17	0	13	2	2	10.1	152.1	294.2	1197.2	3244.9	430.5	24.9	78.6	92.3
4720	11.0392488	111.3483396	439.1642349	155	34	628.3394052	3092.803106	10683.40308	790.94842	470621	468331	0	2290	470621	468331	0	23	0	22	0	1	2.3	93.3	133.5	657.2	2270.1	168.1	23.7	33.1	7.3
4800	7.444504546	79.74888401	100.2266883	28	33	147.3338649	1855.654761	4898.437919	191.6109226	171079	155764	2822	12493	171079	155764	0	14	0	10	3	1	4.4	58.6	86.1	1084.7	2863.3	112	46.6	18	21.2
4880	37.0464505	177.5438056	521.1727704	194	236	1723.850997	6723.135506	23195.89631	2856.554091	720595	719118	0	1477	720595	719118	0	19	0	18	0	1	5.1	72.3	239.2	933	3219	396.4	24.6	27	32.8
4890	3.005145438	62.1467804	64.25077242	21	58	384.6594285	983.3891083	4696.820155	388.3589374	199631	199203	0	428	199631	199203	0	11	0	10	0	1	1.5	32.2	192.7	492.6	2352.8	194.5	31.1	10.5	29.1
4900	32.63855576	185.4745542	732.6022374	288	516	2870.420771	4803.871128	12656.12969	1395.140428	538226	528239	0	9987	538226	528239	0	13	0	12	0	1	6.1	136.1	533.3	892.5	2351.5	259.2	34.5	54.5	97.7
4920	159.5736963	598.80075	5392.083508	3356	3499	9391.585464	19491.44595	45366.98868	7554.591612	1222329	1179101	0	43228	1222329	1179101	0	29	0	28	0	1	13.1	441.1	768.3	1594.6	3711.5	618	49	284.6	296.8
4940	17	79	242	57	106	1125	2434	5608	1264	249018	249018	0	0	249018	249018	0	7	0	7	0	0	6.8	97.2	451.8	977.4	2252	507.6	31.7	22.9	42.6
5000	227	720	8790	4291	3072	13791	26410	85710	17020	2361503	2361503	0	0	2361503	2361503	0	34	0	34	0	0	9.6	372.2	584	1118.4	3629.5	720.7	30.5	181.7	130.1
5015	17	106	778	245	100	940	3850	15567.57143	1697	1236440	1235393	1047	0	1236440	1235393	0	61	0	60	1	0	1.4	62.9	76	311.4	1259.1	137.2	8.6	19.8	8.1
5080	110	348	3979.999118	2288.999118	2018	4807.976025	9380.813492	42575.87983	8793.919394	1516093	1516093	0	0	1516093	1516093	0	54	0	54	0	0	7.3	262.5	317.1	618.7	2808.3	580	23	151	133.1
5120	89.61544553	642	4353.708424	1435.072093	1140.760616	6130.092065	20783.53337	81517.07208	9898.629649	3196301	2983675	91552	121074	3196301	2983675	0	122	0	110	4	8	2.8	136.2	191.8	650.2	2550.4	309.7	20.1	48.1	38.2
5140	1	37	42	5	25	243	398	3092	206	102898	102898	0	0	102898	102898	0	2	0	2	0	0	1	40.8	236.2	386.8	3004.9	200.2	36	4.9	24.3
5160	72.04720899	130.8925604	1105.58926	161	163	1023.579179	6311.172943	16481.49708	1995.347661	579038	566199	0	12839	579038	312357	0	24	0	23	0	1	12.4	190.9	176.8	1089.9	2846.4	344.6	22.6	51.5	52.2
5170	27	139	826	250	349	2215	5971	14712	4738	517721	517721	0	0	517721	517721	0	10	0	10	0	0	5.2	159.5	427.8	1153.3	2841.7	915.2	26.8	48.3	67.4
5190	21	103	716	156	105	1235	4049	18048	940	1192315	1192315	0	0	1192315	1192315	0	82	0	82	0	0	1.8	60.1	103.6	339.6	1513.7	78.8	8.6	13.1	8.8
5200	3.580404863	39.59249279	157.0990978	35	41	473.0893121	2435.270631	6735.16936	377.4529614	149144	65579	81475	2090	149144	65579	0	5	0	3	1	1	2.4	105.3	317.2	1632.8	4515.9	253.1	26.5	53.4	62.5
5240	50.15195558	94.85954769	779.487252	37	38	678.1601264	4587.990726	12057.18955	1306.642663	351816	286275	0	65541	351816	84213	0	13	0	9	0	4	14.3	221.6	192.8	1304.1	3427.1	371.4	27	43.9	45.1
5280	1	63	67	28	5	286	756.0254083	2630.185481	189	114292	114292	0	0	114292	114292	0	3	0	3	0	0	0.9	58.6	250.2	661.5	2301.3	165.4	55.1	24.5	4.4
5330	14	145	487	251	448	1733	3630	12041	1520	247229	247229	0	0	247229	247229	0	8	0	8	0	0	5.7	197	701	1468.3	4870.4	614.8	58.7	101.5	181.2
5345	16	61	242	50	75	1044	1485	4216	392	321589	321589	0	0	321589	321589	0	3	0	3	0	0	5	75.3	324.6	461.8	1311	121.9	19	15.5	23.3
5360	97.60057205	541.6034323	2953.201144	1815	2377.804576	8317.413729	10930.03432	38110.68924	4187.206865	1405813	1405813	0	0	1405813	1405813	0	43	0	43	0	0	6.9	210.1	591.6	777.5	2710.9	297.8	38.5	129.1	169.1
5380	54.03519734	205.3115167	2007.738974	612	317	2704.082802	6487.050365	35734.80974	3852.412722	2792682	2790601	145	1936	2792682	2790601	0	39	0	36	1	2	1.9	71.9	96.8	232.3	1279.6	137.9	7.4	21.9	11.4
5483	44.71428571	322.4285714	2609.285714	565	244	3285.428571	7477	32002.71429	5259.142857	1679294	1555260	124034	0	1679294	1555260	0	43	0	42	1	0	2.7	155.4	195.6	445.2	1905.7	313.2	19.2	36.3	15.7
5523	3	51	112	19	9	294	710	2565	236	138644	112754	25890	0	138644	112754	0	7	0	6	1	0	2.2	80.8	212.1	512.1	1850.1	170.2	36.8	16.9	8
5560	292.0609406	315.2677033	2223.046872	1358	1528	5345.164715	12631.26616	28014.04037	6606.112244	1048303	1047597	0	706	1048303	998577	0	18	0	17	0	1	27.9	212.1	509.9	1204.9	2672.3	630.2	30.1	136	153
5600	522	1004	22996	202	122	29025.6	23910.53333	130498.4	14438.53333	9566469	9564318	2151	0	9566469	1344122	0	57	0	56	1	0	5.5	240.4	303.4	249.9	1364.1	150.9	10.5	15	9.1
5640	176	256	3942	1583	813	3691	8542	28407	9895	2065510	2065510	0	0	2065510	2065510	0	109	0	109	0	0	8.5	190.8	178.7	413.6	1375.3	479.1	12.4	76.6	39.4
5660	12	95.2	332	59	71	714.4909091	1653.866667	6741.430303	409	440261	433046	7215	0	440261	433046	0	37	0	35	2	0	2.7	75.4	162.3	375.7	1531.2	92.9	21.6	13.6	16.4
5720	138	523	3062	1847	1034	3598	9917	43296	3997	1649754	1649754	0	0	1649754	1649754	0	16	0	16	0	0	8.4	185.6	218.1	601.1	2624.4	242.3	31.7	112	62.7
5775	251	725	8245	3740	2198	8270	19690	52579	26869	2474091	2474091	0	0	2474091	2474091	0	36	0	36	0	0	10.1	333.3	334.3	795.8	2125.2	1086	29.3	151.2	88.8
5790	14	152	275	171	349	1722	2489	5931	584	322272	322272	0	0	322272	322272	0	4	0	4	0	0	4.3	85.3	534.3	772.3	1840.4	181.2	47.2	53.1	108.3
5800	11.99065149	84.86678368	185.8223782	44.96494307	142.8644466	755.5185516	2178.048498	7024.853352	629.5138773	254045	254045	0	0	254045	254045	0	5	0	5	0	0	4.7	73.1	297.4	857.3	2765.2	247.8	33.4	17.7	56.2
5880	81	522.8217108	1702	882	973.1646489	4008.987893	12871.68224	33168.63615	6093.078206	1174862	1174862	0	0	1174862	1174862	0	39	0	39	0	0	6.9	144.9	341.2	1095.6	2823.2	518.6	44.5	75.1	82.8
5910	6	68	88	21	32	340	1530	5082	748	238675	238675	0	0	238675	238675	0	8	0	8	0	0	2.5	36.9	142.5	641	2129.3	313.4	28.5	8.8	13.4
5920	47	318	942	436	434	2088	5195	21782.71429	4438	777583	776805	778	0	777583	776805	0	16	0	15	1	0	6	121.1	268.5	668.1	2801.3	570.7	40.9	56.1	55.9
5945	77	503	3055	1016	713	4578	12556	43928	8987	3000062	3000062	0	0	3000062	3000062	0	35	0	35	0	0	2.6	101.8	152.6	418.5	1464.2	299.6	16.8	33.9	23.8
5960	146	813	5361	2879	2157	10754	23561	54653	9891	2020346	2020346	0	0	2020346	2020346	0	36	0	36	0	0	7.2	265.4	532.3	1166.2	2705.1	489.6	40.2	142.5	106.8
5990	4.371039581	27.40013955	57.21262283	0	3	114.3705644	507.097841	1769.970112	131.0347269	94104	38402	0	55702	94104	38402	0	2	0	1	0	1	4.6	60.8	121.5	538.9	1880.9	139.2	29.1	0	7.8
6015	8	106	171	54	101	705	1569	4870	400	164360	164360	0	0	164360	164360	0	8	0	8	0	0	4.9	104	428.9	954.6	2963	243.4	64.5	32.9	61.5
6020	4.053548334	45.572086	32.47291811	6	22	187.7267643	840.1509323	2770.360871	203.9648154	147509	146004	0	1505	147509	146004	0	10	0	8	0	2	2.7	22	127.3	569.6	1878.1	138.3	30.9	4.1	15.1
6080	24	204	699	324	303	1973	3601	10225	1081	440445	440445	0	0	440445	440445	0	5	0	5	0	0	5.4	158.7	448	817.6	2321.5	245.4	46.3	73.6	68.8
6120	0	0	0	0	0	0	0	0	0	350296	0	0	0	0	0	350296	30	30	0	0	0									
6160	520.2514806	1553.561832	13920.3981	6054	3821	16102.80616	25969.46572	102256.4659	17803.81341	5191119	5112884	68814	9421	5191119	5112884	0	280	0	264	13	3	10	268.2	310.2	500.3	1969.8	343	29.9	118.4	74.7
6200	342.9031589	1185.194886	7443.298899	3863.902719	3254.877241	11546.13972	40655.21895	118098.7744	35636.73152	4170448	4053129	30823	86496	4170448	4053129	0	28	0	25	1	2	8.2	178.5	276.9	974.8	2831.8	854.5	28.4	95.3	80.3
6240	18	51	279	173	307	634	1888	2788	519	80238	80238	0	0	80238	80238	0	5	0	5	0	0	22.4	347.7	790.1	2353	3474.7	646.8	63.6	215.6	382.6
6280	104.0265766	471.6643601	2794.075709	1112.084077	1076.33631	5257.731548	10495.60607	35990.07001	3976.016656	2286880	2084312	105079	97489	2286880	2084312	0	256	0	189	33	34	4.5	122.2	229.9	458.9	1573.8	173.9	20.6	53.4	51.6
6323	1.139190649	58.7074053	54.79125146	9	18	420.105316	944.6606817	1722.464166	173.1303179	130630	122738	0	7892	130630	122738	0	19	0	16	0	3	0.9	41.9	321.6	723.2	1318.6	132.5	44.9	7.3	14.7
6340	0	23	12	5	20	153	325	2009	108	79346	79346	0	0	79346	79346	0	4	0	4	0	0	0	15.1	192.8	409.6	2531.9	136.1	29	6.3	25.2
6403	3	74	146	32	17	225	1522	5550	363	273627	273627	0	0	273627	273627	0	14	0	14	0	0	1.1	53.4	82.2	556.2	2028.3	132.7	27	11.7	6.2
6440	47.49839639	844.4689935	2181.674404	580	422	3701.919096	11828.4921	54502.31757	10055.12231	2160101	2132132	803	27166	2160101	2132132	0	55	0	51	1	3	2.2	101	171.4	547.6	2523.1	465.5	39.1	27.2	19.8
6483	17	229	731	195	242	1263.545455	4694.545455	17452.27273	3064.181818	976441	968776	7665	0	976441	968776	0	33	0	32	1	0	1.7	74.9	129.4	480.8	1787.3	313.8	23.5	20.1	25
6520	2.021016077	93.16812862	90.02101608	26	14.02101608	238.3993055	1820.674341	10001.75329	727.3240129	488749	476434	12315	0	488749	476434	0	15	0	14	1	0	0.4	18.4	48.8	372.5	2046.4	148.8	19.1	5.5	2.9
6560	7	46	207	43	63	479	1796	5583	645	155852	155852	0	0	155852	155852	0	2	0	2	0	0	4.5	132.8	307.3	1152.4	3582.2	413.9	29.5	27.6	40.4
6580	10	28	73	29	70	522	1149	3365	258	154910	154910	0	0	154910	154910	0	2	0	2	0	0	6.5	47.1	337	741.7	2172.2	166.5	18.1	18.7	45.2
6600	7	30	332	159	65	225	1317	4595	391	197757	197757	0	0	197757	197757	0	7	0	7	0	0	3.5	167.9	113.8	666	2323.6	197.7	15.2	80.4	32.9
6640	67.09495542	316.2627905	2228.71207	610.7181747	344.7907354	3153.117467	13557.868	33317.52679	3676.736914	1470445	953457	464818	52170	1470445	953457	0	42	0	28	10	4	4.6	151.6	214.4	922	2265.8	250	21.5	64.1	36.2
6660	4	106	40	7	23	224	580	2203	149	96364	96364	0	0	96364	96364	0	3	0	3	0	0	4.2	41.5	232.5	601.9	2286.1	154.6	110	7.3	23.9
6680	14.10098196	72.15707596	468.8511642	191	128.3854737	702.1935338	1979.698683	6158.272974	1301.881047	404031	384584	15664	3783	404031	384584	0	41	0	36	4	1	3.5	116	173.8	490	1524.2	322.2	17.9	49.7	33.4
6690	11	119	126	19	48	595	1110	2629	472	180982	180982	0	0	180982	180982	0	3	0	3	0	0	6.1	69.6	328.8	613.3	1452.6	260.8	65.8	10.5	26.5
6720	22	132	666	187	215	1266	3277	10158	1665	404242	404242	0	0	404242	404242	0	3	0	3	0	0	5.4	164.8	313.2	810.7	2512.9	411.9	32.7	46.3	53.2
6740	4	93	101	21	60	376	1325	4704	590	231368	231368	0	0	231368	231368	0	8	0	8	0	0	1.7	43.7	162.5	572.7	2033.1	255	40.2	9.1	25.9
6760	98.02133922	247.1793315	2010.600371	1297	374	1868.372903	6299.981335	23827.47395	3036.142058	1089382	1088899	0	483	1089382	1088899	0	15	0	14	0	1	9	184.6	171.5	578.3	2187.2	278.7	22.7	119.1	34.3
6780	265	1029	6466	1952	1644	11739	33725	74041	24508	4115406	4115406	0	0	4115406	4115406	0	50	0	50	0	0	6.4	157.1	285.2	819.5	1799.1	595.5	25	47.4	39.9
6800	7	85	305	127	101	764	1446	5590.333333	448	239031	239031	0	0	239031	239031	0	5	0	5	0	0	2.9	127.6	319.6	604.9	2338.7	187.4	35.6	53.1	42.3
6820	2	0	81	17	28	165	616	2198	209	139222	139222	0	0	139222	139222	0	2	0	2	0	0	1.4	58.2	118.5	442.5	1578.8	150.1	0	12.2	20.1
6840	58.09404745	257.8782344	1264.158004	528	424	1875.466561	5530.441808	21563.69907	2323.423861	1090598	1084294	1131	5173	1090598	1084294	0	43	0	39	1	3	5.3	115.9	172	507.1	1977.2	213	23.6	48.7	39.1
6880	22	0	634	249	598	1346	2686	6037	667	406381	155713	0	0	0	155713	250668	20	19	1	0	0	14.1	407.2	864.4	1725	3877	428.4		159.9	384
6895	21.11140459	34.44440082	332.1598797	169	171	503.3382887	2146.081416	4417.939639	402.5566303	148194	144593	2308	1293	148194	144593	0	14	0	10	3	1	14.2	224.1	339.6	1448.2	2981.2	271.6	23.2	116.9	118.3
6920	97	525	3699	1243	1223	6142	14499	35197	13457	1901967	1901967	0	0	1901967	1901967	0	14	0	14	0	0	5.1	194.5	322.9	762.3	1850.6	707.5	27.6	65.4	64.3
6960	15.05981502	207.9420866	423.9989795	159	740	1779.214009	3786.27609	6869.805104	753.1051852	396139	387839	6052	2248	396139	387839	0	24	0	21	2	1	3.8	107	449.1	955.8	1734.2	190.1	52.5	41	190.8
6980	1	0	56	13	19	226	653	4158	214	191072	191072	0	0	191072	191072	0	19	0	19	0	0	0.5	29.3	118.3	341.8	2176.1	112	0	6.8	9.9
7000	2.017482517	16.01748252	73	26	22	181.034965	940.0524476	3198.367133	305	101999	101999	0	0	101999	101999	0	6	0	6	0	0	2	71.6	177.5	921.6	3135.7	299	15.7	25.5	21.6
7040	181.8699476	579.8308043	3884.791661	2057	2765	8282.954523	16146.46835	59072.23195	10283.18432	2713283	2090208	5341	0	2095549	2090208	617734	184	70	110	4	0	8.7	185.4	395.3	770.5	2818.9	490.7	27.7	98.4	132.3
7080	4	134	225	50	131	801	2101	10751	1621	390689	390689	0	0	390689	390689	0	17	0	17	0	0	1	57.6	205	537.8	2751.8	414.9	34.3	12.8	33.5
7120	29	123	638	204	247	1401	3020	8043	3364	408059	408059	0	0	408059	408059	0	13	0	13	0	0	7.1	156.3	343.3	740.1	1971	824.4	30.1	50	60.5
7160	49.98350408	650.9539157	1274.116968	426	603.9789839	2978.014884	10788.32167	48044.51566	7287.651866	1514519	1514155	0	364	1514519	1514155	0	33	0	32	0	1	3.3	84.1	196.6	712.3	3172.3	481.2	43	28.1	39.9
7200	1	51	49	7	85	285	1035	3638	253	103887	103887	0	0	103887	103887	0	2	0	2	0	0	1	47.2	274.3	996.3	3501.9	243.5	49.1	6.7	81.8
7240	136	790.1642552	2702.00622	1137	1537	5127.847171	21300.03074	73863.56293	7741.400551	1834808	1834808	0	0	1834808	1834808	0	38	0	38	0	0	7.4	147.3	279.5	1160.9	4025.7	421.9	43.1	62	83.8
7320	107	705	4388	1047	1245	8472	16719.63636	48671.54545	24428.27273	2935792	2935792	0	0	2935792	2935792	0	19	0	19	0	0	3.6	149.5	288.6	569.5	1657.9	832.1	24	35.7	42.4
7360	114	324	4670	1132	514	4147	8899	38599	8905	1680417	1680417	0	0	1680417	1680417	0	32	0	32	0	0	6.8	277.9	246.8	529.6	2297	529.9	19.3	67.4	30.6
7400	46	367	1602	359	382	3565	7900	27631	8781	1724407	1724407	0	0	1724407	1724407	0	16	0	16	0	0	2.7	92.9	206.7	458.1	1602.3	509.2	21.3	20.8	22.2
7460	5	105	92	21	17	692	1330	4516	423	256373	256373	0	0	256373	256373	0	8	0	8	0	0	2	35.9	269.9	518.8	1761.5	165	41	8.2	6.6
7480	10	155	311	47	46	1168	2013	5994	888	397342	397342	0	0	397342	397342	0	9	0	9	0	0	2.5	78.3	294	506.6	1508.5	223.5	39	11.8	11.6
7485	6	80	275	43	29	878	1602	6547	717	246931	246931	0	0	246931	246931	0	5	0	5	0	0	2.4	111.4	355.6	648.8	2651.3	290.4	32.4	17.4	11.7
7490	15.2289852	72.64330555	151.8947403	6	26	490.4427782	3130.861115	2372.022343	247.3197956	163170	86943	73477	2750	163170	86943	0	4	0	2	1	1	9.3	93.1	300.6	1918.8	1453.7	151.6	44.5	6.9	29.9
7500	8	153	270	52	160	1543	2154	6308	932	464218	464218	0	0	464218	464218	0	10	0	10	0	0	1.7	58.2	332.4	464	1358.8	200.8	33	11.2	34.5
7510	43	218	1062	432	621	3248	6614	20452	1923	690730	690730	0	0	690730	690730	0	11	0	11	0	0	6.2	153.8	470.2	957.5	2960.9	278.4	31.6	62.5	89.9
7520	28.20104314	100.6990558	857.4812034	507	263	809.9117695	2896.675283	8587.966033	1410.815926	324109	316951	4639	2519	324109	316951	0	14	0	11	2	1	8.7	264.6	249.9	893.7	2649.7	435.3	31.1	160	83
7560	18.70280873	145.4061383	418.6533987	100	65	1085.786514	2642.428136	10742.84102	852.7136159	613134	485930	78398	48806	613134	485930	0	97	0	66	13	18	3.1	68.3	177.1	431	1752.1	139.1	23.7	20.6	13.4
7600	75.4686381	886.8110872	3256.49406	732.9424033	620.3100382	4429.864823	21514.32663	71181.27235	19289.64678	2601329	2265841	335488	0	2601329	2265841	0	59	0	57	2	0	2.9	125.2	170.3	827.1	2736.3	741.5	34.1	32.3	27.4
7610	0.079066497	26.53296676	52.41173734	23	18	163.8008843	468.7170663	2023.320014	145.0838473	118007	115045	0	2962	118007	115045	0	16	0	14	0	2	0.1	44.4	138.8	397.2	1714.6	122.9	22.5	20	15.6
7620	1	28	34	2	4	81	580	2817	88	115407	115407	0	0	115407	115407	0	6	0	6	0	0	0.9	29.5	70.2	502.6	2440.9	76.3	24.3	1.7	3.5
7640	4	20	44	12	54	236	977	2642	187	119528	119528	0	0	119528	119528	0	9	0	9	0	0	3.3	36.8	197.4	817.4	2210.4	156.4	16.7	10	45.2
7680	44.11143299	179.6037949	672.9480258	370	900	3095.716673	3825.811193	12227.78492	1546.263646	401975	354525	36891	10559	401975	354525	0	13	0	6	3	4	11	167.4	770.1	951.8	3041.9	384.7	44.7	104.4	253.9
7720	2	41	34	7	23	344	664.6507937	2433.47619	171	123280	123280	0	0	123280	123280	0	6	0	6	0	0	1.6	27.6	279	539.1	1973.9	138.7	33.3	5.7	18.7
7760	3.586031976	111.1680058	46.87752616	13	39	280.9341773	813.9472848	3308.293116	298.7135378	205099	198722	2154	4223	205099	198722	0	10	0	6	1	3	1.7	22.9	137	396.9	1613	145.6	54.2	6.5	19.6
7800	10	103	531	229	114	466	2699	8609	750	266662	266037	625	0	266662	266037	0	6	0	5	1	0	3.8	199.1	174.8	1012.1	3228.4	281.3	38.6	86.1	42.9
7840	14	119	496	66	129	1352	3343	11082	2742	450805	450805	0	0	450805	450805	0	7	0	7	0	0	3.1	110	299.9	741.6	2458.3	608.2	26.4	14.6	28.6
7880	0	0	0	0	0	0	0	0	0	206056	0	0	0	0	0	206056	18	18	0	0	0									
7920	7	90	322	105	88	1328	2881	13801	1181	365623	365623	0	0	365623	365623	0	24	0	24	0	0	1.9	88.1	363.2	788	3774.7	323	24.6	28.7	24.1
8003	26.20123737	249.4685117	918.9270374	279	355	2609.06762	4909.785907	12105.25977	2180.983392	614900	602176	1314	11410	614900	602176	0	40	0	31	1	8	4.3	149.4	424.3	798.5	1968.7	354.7	40.6	46.3	59
8050	1.077358106	20.52145094	35.35962688	8	3	89.69715144	421.4855024	2242.211141	75.99560756	141328	138430	0	2898	141328	138430	0	7	0	6	0	1	0.8	25	63.5	298.2	1586.5	53.8	14.5	5.8	2.2
8080	4.353746507	16.68773613	52.4980804	6	8	158.6575233	420.6763144	1615.20793	127.1021963	123812	105878	13817	4117	123812	105878	0	21	0	13	4	4	3.5	42.4	128.1	339.8	1304.6	102.7	13.5	5.7	7.6
8120	45	165	2085	832	751	3759	7486	21744	5185	684406	684406	0	0	684406	684406	0	7	0	7	0	0	6.6	304.6	549.2	1093.8	3177.1	757.6	24.1	121.6	109.7
8140	9	43	146	78	229	1339	1648	3115	448	105369	105369	0	0	105369	105369	0	2	0	2	0	0	8.5	138.6	1270.8	1564	2956.3	425.2	40.8	74	217.3
8160	26	167	580	174	228	1441	3898.545455	12169.45455	903.0909091	729109	722931	6178	0	729109	722931	0	33	0	31	2	0	3.6	79.5	197.6	534.7	1669.1	123.9	22.9	24.1	31.5
8200	25.0313619	346.1889128	1099.187758	306.0575967	638.6899618	2665.726086	7450.446094	21913.13674	6922.944133	776223	770496	5727	0	776223	770496	0	21	0	20	1	0	3.2	141.6	343.4	959.8	2823	891.9	44.6	39.7	82.9
8240	6.545972532	189.9707839	710.1801847	400	369	1738.400317	4059.666022	7305.844638	905.4655163	290774	282235	0	8539	290774	282235	0	8	0	6	0	2	2.3	244.2	597.9	1396.2	2512.6	311.4	65.3	141.7	130.7
8280	143	940	4977	1985	2259	13078	26706	71986	11218	2720592	2720592	0	0	2720592	2720592	0	34	0	34	0	0	5.3	182.9	480.7	981.6	2646	412.3	34.6	73	83
8320	5.283684401	43.45220215	111.3527766	25	7	232.8790498	1348.037455	4858.097791	553.9400605	146269	70080	2236	73953	146269	70080	0	7	0	3	1	3	3.6	76.1	159.2	921.6	3321.3	378.7	29.7	35.7	10
8360	15	67.2	187.2	74	182	886	1291.8	3824	414.8	135211	121884	13327	0	135211	121884	0	9	0	8	1	0	11.1	138.5	655.3	955.4	2828.2	306.8	49.7	60.7	149.3
8400	14.08914821	210.2723268	1326.140287	364	462	2396.212492	7343.021226	19338.40013	2288.289979	609900	527529	51760	30611	609900	527529	0	27	0	17	5	5	2.3	217.4	392.9	1204	3170.7	375.2	34.5	69	87.6
8440	12.0180368	62.65834311	317.6068094	2	16	451.1896904	1745.230975	6992.391997	783.8639858	173074	170710	1008	1356	173074	48825	0	5	0	3	1	1	6.9	183.5	260.7	1008.4	4040.1	452.9	36.2	4.1	32.8
8480	26	43	765	255	183	770	1707	5324	723	365977	365977	0	0	365977	365977	0	13	0	13	0	0	7.1	209	210.4	466.4	1454.7	197.6	11.7	69.7	50
8520	74	383	1717	679	1185	2859	7869	12413	8921	963028	963028	0	0	963028	963028	0	6	0	6	0	0	7.7	178.3	296.9	817.1	1289	926.3	39.8	70.5	123
8560	69	436.0050824	1119.008252	512.0027506	873.9837018	4111.03229	9284.006474	19543.82743	4550.989599	851196	851196	0	0	851196	851196	0	40	0	40	0	0	8.1	131.5	483	1090.7	2296	534.7	51.2	60.2	102.7
8600	16.04796003	64.22406928	380.1463097	209	172.1575657	516.1849385	2263.430998	6188.268978	637.9709719	172266	171678	0	588	172266	171678	0	6	0	5	0	1	9.3	220.7	299.6	1313.9	3592.3	370.3	37.3	121.7	100.3
8640	8.06478539	108.8816909	157.575375	59.93968983	169.0013073	742.2838148	1548.190393	4911.539215	376.0185752	197461	195401	0	2060	197461	195401	0	8	0	7	0	1	4.1	79.8	375.9	784	2487.3	190.4	55.1	30.7	86.5
8680	11.03554277	47.31457397	181.5540771	49	79	641.3857839	1749.16437	5238.572613	287.0324747	296125	291761	2409	1955	296125	291761	0	23	0	21	1	1	3.7	61.3	216.6	590.7	1769	96.9	16	16.8	27.1
8720	37	150	859	300	207	1896.090909	3997	11857	3137.363636	544431	544431	0	0	544431	544431	0	14	0	14	0	0	6.8	157.8	348.3	734.2	2177.9	576.3	27.6	55.1	38
8735	17	140	821	174	160	1142	3436	12226	1629	799872	799872	0	0	799872	799872	0	11	0	11	0	0	2.1	102.6	142.8	429.6	1528.5	203.7	17.5	21.8	20
8750	4	42	74	22	89	284	797	2543	153	86467	86467	0	0	86467	86467	0	2	0	2	0	0	4.6	85.6	328.4	921.7	2941	176.9	48.6	25.4	102.9
8760	11	32	434	67	96	581	1566	4272	298	154137	154137	0	0	154137	154137	0	4	0	4	0	0	7.1	281.6	376.9	1016	2771.6	193.3	20.8	43.5	62.3
8780	38	128	465	166	344	1565	3612	9808	2687	424464	424464	0	0	424464	424464	0	9	0	9	0	0	9	109.5	368.7	851	2310.7	633	30.2	39.1	81
8800	9	163	316.9986971	134.9986971	238	1055.998697	2768.983062	8204.932248	610.9947883	227882	227882	0	0	227882	227882	0	14	0	14	0	0	3.9	139.1	463.4	1215.1	3600.5	268.1	71.5	59.2	104.4
8840	418	1049	11164	3298	1426	11600.75758	22193.84848	109552.0909	26665.33333	5517892	5448129	69763	0	5517892	4859837	0	72	0	69	3	0	7.6	202.3	210.2	402.2	1985.4	483.3	19	67.9	29.3
8920	5	89	85	23	62	420	1236	3083	224	125736	125736	0	0	125736	125736	0	4	0	4	0	0	4	67.6	334	983	2452	178.2	70.8	18.3	49.3
8940	3.119061278	18.11906128	35.15874837	5	3	195.0939735	494.196692	1736.216824	100.9820375	131265	131265	0	0	131265	131265	0	10	0	10	0	0	2.4	26.8	148.6	376.5	1322.7	76.9	13.8	3.8	2.3
8960	96	401	3152	1278	1250	5674	13666	36625	5499	1283806	1283806	0	0	1283806	1283806	0	33	0	33	0	0	7.5	245.5	442	1064.5	2852.8	428.3	31.2	99.5	97.4
9000	2.635829509	42.32064711	55.61493274	4	20	162.9970988	629.8682517	1956.64382	185.8459984	145995	99743	28477	17775	145995	99743	0	25	0	13	8	4	1.8	38.1	111.6	431.4	1340.2	127.3	29	4	20.1
9040	43.03357292	357.0422381	592.1294889	234	1007.816827	2981.049629	5548.436458	18994.62041	2472.965193	570722	560386	7812	2524	570722	560386	0	36	0	25	7	4	7.5	103.8	522.3	972.2	3328.2	433.3	62.6	41.8	179.8
9080	4	33	231	90	55	358.1428571	1788.428571	5110.428571	541.2857143	133550	126065	7485	0	133550	126065	0	7	0	6	1	0	3	173	268.2	1339.1	3826.6	405.3	24.7	71.4	43.6
9140	3	26	66	28	15	78	601	1954	142	117037	110791	6246	0	117037	110791	0	10	0	8	2	0	2.6	56.4	66.6	513.5	1669.6	121.3	22.2	25.3	13.5
9160	33	192	1536	616	550	2860	4895	15519	2063	630412	619360	11052	0	630412	619360	0	15	0	14	1	0	5.2	243.7	453.7	776.5	2461.7	327.2	30.5	99.5	88.8
9200	18.43579614	120.7384218	465.8425126	190	175	735.8824936	3854.190083	8363.739283	1182.915686	286891	280512	1321	5058	286891	280512	0	18	0	12	3	3	6.4	162.4	256.5	1343.4	2915.3	412.3	42.1	67.7	62.4
9260	15	135	214	55	126	535	3095	7696	1885	234592	229629	4963	0	234592	229629	0	13	0	11	2	0	6.4	91.2	228.1	1319.3	3280.6	803.5	57.5	24	54.9
9270	4	70	203	41	22	474	1719	4234	755	189396	189396	0	0	189396	189396	0	5	0	5	0	0	2.1	107.2	250.3	907.6	2235.5	398.6	37	21.6	11.6
9280	16.06035427	100.9068325	456.8409649	174	85	624.1646858	1631.180718	7451.174393	697.117346	420251	406990	11000	2261	420251	406990	0	21	0	19	1	1	3.8	108.7	148.5	388.1	1773	165.9	24	42.8	20.9
9320	56.55624766	167.1452546	672.2964618	246.0171051	251.0025988	1008.730412	4986.240039	11803.8608	1407.186616	575236	487423	44147	43666	575236	477117	0	53	0	34	12	7	9.8	116.9	175.4	866.8	2052	244.6	29.1	51.6	52.6
9340	2	57	129	33	48	577	1383	2901	642	164006	164006	0	0	164006	164006	0	5	0	5	0	0	1.2	78.7	351.8	843.3	1768.8	391.4	34.8	20.1	29.3
9360	13.08056879	53.80410794	115.3200642	35	141	662.4461343	1482.944408	4150.680299	965.5943191	192098	168237	0	23861	192098	168237	0	5	0	4	0	1	6.8	60	344.8	772	2160.7	502.7	28	20.8	83.8
