msa10	mmurd10	mrape10	mrobt10	mrobg10	massg10	massa10	mburg10	mlarc10	mmoto10	mpop10	mpopcm10	mpopg310	mpopl310	mpoprp10	mpopgn10	mpopna10	mct10	mctna10	mctcm10	mctg310	mctl310	mrmurd10	mrrobt10	mrassa10	mrburg10	mrlarc10	mrmoto10	mrrape10	mrrobg10	mrassg10
0	12847.88846	65733.11718	348818.8382	125149.342	124575.7774	656881.2209	1781047.076	5201753.989	666396.3969	249780330	243291303	4147744	1987033	238794127	222864084	354250	7819	71	7007	370	371	5.2	139.8	263.4	714.1	2085.5	267.2	27.5	56.2	55.9
40	4	74	113	26	133	411	1461	3641	206	136651	136651	0	0	136651	136651	0	5	0	5	0	0	2.9	82.7	300.8	1069.1	2664.5	150.7	54.2	19	97.3
80	27.83670743	296.3565364	743.5120382	262	174	1099.455172	6729.269346	14761.93931	1155.301335	703200	649842	10731	42627	703200	649842	0	34	0	23	3	8	4	105.7	156.4	956.9	2099.3	164.3	42.1	40.3	26.8
120	12.93727486	37.08368439	230.9169271	92	182	542.7449836	1996.184262	4029.314431	410.2603769	122863	105157	0	17706	122863	105157	0	5	0	3	0	2	10.5	187.9	441.7	1624.7	3279.5	333.9	30.2	87.5	173.1
160	14.0512156	181.3377331	851.8196033	193	200	1672.59089	4567.629499	18574.54866	928.4872158	920935	915205	3501	2229	920935	915205	0	40	0	38	1	1	1.5	92.5	181.6	496	2016.9	100.8	19.7	21.1	21.9
200	50	395	1096.181818	489	997	4273.727273	7987.545455	22705.18182	3390.181818	870694	862365	8329	0	870694	862365	0	12	0	11	1	0	5.7	125.9	490.8	917.4	2607.7	389.4	45.4	56.7	115.6
220	9.564128321	37.88332253	211.7750594	85	120	728.7847032	1836.198045	4758.624314	322.9567725	131613	123112	211	8290	131613	123112	0	9	0	3	1	5	7.3	160.9	553.7	1395.1	3615.6	245.4	28.8	69	97.5
240	23.08503309	158.427053	754.7694346	260.6298335	85	836.1439986	3323.515555	13414.94007	854.5464646	712481	703939	5193	3349	712481	703939	0	60	0	56	3	1	3.2	105.9	117.4	466.5	1882.8	119.9	22.2	37	12.1
280	1	48.18181818	63.09090909	6	29	195.3636364	537.8181818	1666.090909	88.18181818	127089	120351	6738	0	127089	120351	0	14	0	13	1	0	0.8	49.6	153.7	423.2	1311	69.4	37.9	5	24.1
320	14	112	244	83	219	908	2801	8356	701	241798	241798	0	0	241798	241798	0	5	0	5	0	0	5.8	100.9	375.5	1158.4	3455.8	289.9	46.3	34.3	90.6
380	13	269	465	127	234	1799	1303	8811	867	307506	307506	0	0	307506	307506	0	4	0	4	0	0	4.2	151.2	585	423.7	2865.3	281.9	87.5	41.3	76.1
440	7.165270584	275.0034513	293.9686219	112	188.6459904	1061.368891	3185.27157	9696.183041	762.4999494	625650	619615	0	6035	625650	619615	0	27	0	26	0	1	1.1	47	169.6	509.1	1549.8	121.9	44	18.1	30.4
450	7.24064828	40.83501292	98.44444444	42.41666667	112.0906977	365.3247682	1517.304803	2953.017321	181.8364455	118572	118572	0	0	118572	118572	0	9	0	9	0	0	6.1	83	308.1	1279.6	2490.5	153.4	34.4	35.8	94.5
460	2	77.58433547	60.09090909	19	20	559.8963829	1487.879333	6345.748887	200.7365173	392660	366238	26422	0	392660	366238	0	26	0	24	2	0	0.5	15.3	142.6	378.9	1616.1	51.1	19.8	5.2	5.5
480	5.124412713	48.54741594	205.465584	83	63	363.4509039	1815.609122	4154.611522	490.9936141	259082	247592	9335	2155	259082	247592	0	11	0	5	3	3	2	79.3	140.3	700.8	1603.6	189.5	18.7	33.5	25.4
500	6.067049242	32.28900535	131.620742	47	68	487.6220463	1773.976382	4538.892343	418.9654261	177642	176516	0	1126	177642	176516	0	7	0	6	0	1	3.4	74.1	274.5	998.6	2555.1	235.8	18.2	26.6	38.5
520	330.3206248	1137.070702	8118.10426	4641.788444	2955	12709.47263	51368.20005	113848.178	19904.08124	5110183	4530505	562080	17598	5110183	4360424	0	113	0	101	5	7	6.5	158.9	248.7	1005.2	2227.9	389.5	22.3	106.5	67.8
560	24	69	737	192	132	873	3145	10765	416	371814	371814	0	0	371814	371814	0	32	0	32	0	0	6.5	198.2	234.8	845.9	2895.3	111.9	18.6	51.6	35.5
580	5.506123941	22.51837182	50.95920419	33.55511547	79.44083237	180.1148254	707.2170434	2726.564421	86.79647182	140247	84085	56162	0	140247	84085	0	5	0	4	1	0	3.9	36.3	128.4	504.3	1944.1	61.9	16.1	39.9	94.5
600	48	200	818	482	325	926	6889.962552	15510.70042	2208	533561	526783	6778	0	533561	526783	0	20	0	19	1	0	9	153.3	173.6	1291.3	2907	413.8	37.5	91.5	61.7
640	60	431	1472	605	672	3782	13219.18182	50243.09091	2994	1716289	1714877	1412	0	1716289	1714877	0	42	0	41	1	0	3.5	85.8	220.4	770.2	2927.4	174.4	25.1	35.3	39.2
680	74	164	1221	272	390	3420	9445	15892	5213	839631	839631	0	0	839631	839631	0	12	0	12	0	0	8.8	145.4	407.3	1124.9	1892.7	620.9	19.5	32.4	46.4
720	279	641	5831	974	688	11889	17667	58092	8316	2710489	2710489	0	0	2710489	2089528	0	17	0	17	0	0	10.3	215.1	438.6	651.8	2143.2	306.8	23.6	46.6	32.9
733	3	19	41	12	0	40	863	3657	144	153923	153923	0	0	153923	153923	0	13	0	13	0	0	1.9	26.6	26	560.7	2375.9	93.6	12.3	7.8	0
743	1	79	127	28	33	819	2449	3865	200	215888	215888	0	0	215888	215888	0	15	0	15	0	0	0.5	58.8	379.4	1134.4	1790.3	92.6	36.6	13	15.3
760	92.09533701	122.487278	1307.989971	830	785	2462.829741	8064.482323	19729.62215	1421.696675	699200	697799	0	1401	699200	697799	0	16	0	15	0	1	13.2	187.1	352.2	1153.4	2821.7	203.3	17.5	118.9	112.5
840	21	142	595	324	220	1119	4358	9376	829	388745	388745	0	0	388745	388745	0	18	0	18	0	0	5.4	153.1	287.8	1121	2411.9	213.3	36.5	83.3	56.6
860	5	76	94	15	31	270	1251	4523	239	201140	196456	4684	0	201140	196456	0	7	0	6	1	0	2.5	46.7	134.2	622	2248.7	118.8	37.8	7.6	15.8
870	6.564437727	90.05571595	71.82295528	15.99991379	48.99965517	410.9483386	911.971034	3444.658687	177.3066965	156813	144150	10310	2353	156813	144150	0	20	0	15	2	3	4.2	45.8	262.1	581.6	2196.7	113.1	57.4	11.1	34
875	36	91.6	1495	335	138	1889.072727	4758.181818	16171	1744.272727	1406342	1322206	84136	0	1406342	1322206	0	86	0	85	1	0	2.6	106.3	134.3	338.3	1149.9	124	6.5	25.3	10.4
880	2	30	45	7	32	250	997	4435	429	147972	147972	0	0	147972	147972	0	3	0	3	0	0	1.4	30.4	169	673.8	2997.2	289.9	20.3	4.7	21.6
920	16.3284244	170.9742281	317.9779098	136	112	395.7271023	4572.625069	9591.884293	833.908108	370702	342468	0	28234	370702	327676	0	14	0	13	0	1	4.4	85.8	106.8	1233.5	2587.5	225	46.1	41.5	34.2
960	6	49	122.6	26	39	356.4	1093.892483	4854.157186	98.2	251725	247829	3896	0	251725	247829	0	10	0	9	1	0	2.4	48.7	141.6	434.6	1928.4	39	19.5	10.5	15.7
1000	71.17421395	309.991593	1353.852716	247.9815644	290	2768.642045	10900.69816	27562.26039	3014.147517	994466	691730	278691	24045	994466	546384	0	61	0	53	5	3	7.2	136.1	278.4	1096.1	2771.6	303.1	31.2	45.4	53.1
1010	1	38	19	3	1	197	248	1636	115	108779	108779	0	0	108779	108779	0	5	0	5	0	0	0.9	17.5	181.1	228	1504	105.7	34.9	2.8	0.9
1020	4	46	85	24	6	292	1234	3385	212	137974	137974	0	0	137974	137974	0	3	0	3	0	0	2.9	61.6	211.6	894.4	2453.4	153.7	33.3	17.4	4.3
1040	1	0	121	0	0	411	972	2839	112	169572	165762	0	0	0	0	3810	10	3	7	0	0	0.6	73	247.9	586.4	1712.7	67.6			
1080	10	217	111	34	138	972	2379	9545	471	581288	581288	0	0	581288	581288	0	9	0	9	0	0	1.7	19.1	167.2	409.3	1642	81	37.3	5.8	23.7
1123	192.6781825	1579.502267	6182.068303	1459	1767	18592.37167	31425.19557	98509.08544	10018.77385	6299960	6161971	78407	59582	6299960	6161971	0	301	0	279	6	16	3.1	98.1	295.1	498.8	1563.6	159	25.1	23.7	28.7
1125	7	57	71	16	43	462.4603253	1171.523904	5455.968459	281.8413014	294597	294597	0	0	294597	294597	0	8	0	8	0	0	2.4	24.1	157	397.7	1852	95.7	19.3	5.4	14.6
1145	6.850545741	76.20291062	124.5552755	48.15309253	60.95382019	393.0145531	1651.709486	4573.144128	310.9149169	313166	313166	0	0	313166	313166	0	17	0	17	0	0	2.2	39.8	125.5	527.4	1460.3	99.3	24.3	15.4	19.5
1150	1	164	115	33	34	718	1656	4438	362	251133	251133	0	0	251133	251133	0	5	0	5	0	0	0.4	45.8	285.9	659.4	1767.2	144.1	65.3	13.1	13.5
1240	11	101	316	74	132	916	3572	14254	653	406220	406220	0	0	406220	406220	0	15	0	15	0	0	2.7	77.8	225.5	879.3	3508.9	160.8	24.9	18.2	32.5
1260	7	73	135	60	88	467	1512	5510	241	194851	194851	0	0	194851	194851	0	3	0	3	0	0	3.6	69.3	239.7	776	2827.8	123.7	37.5	30.8	45.2
1280	67	287	1928.727273	623	590	3071.320749	8226.106614	23964.5974	2078.326185	1135509	1126321	9188	0	1135509	1126321	0	28	0	26	2	0	5.9	169.9	270.5	724.4	2110.5	183	25.3	55.3	52.4
1303	2	53	39	8	15	214	1038	4621.4	175.2	211261	211261	0	0	211261	211261	0	15	0	15	0	0	0.9	18.5	101.3	491.3	2187.5	82.9	25.1	3.8	7.1
1320	10.58371013	127.115812	437.9813507	156.9946241	65.99820805	431.8789775	3087.932214	6797.226599	494.9786476	404422	361513	38553	4356	404422	361513	0	25	0	15	9	1	2.6	108.3	106.8	763.5	1680.7	122.4	31.4	43.4	18.3
1350	3	10	24	9	1	108	512	2201	135	75450	75450	0	0	75450	75450	0	4	0	4	0	0	4	31.8	143.1	678.6	2917.2	178.9	13.3	11.9	1.3
1360	4	60	129	46	36	283	1361	4497	307	211226	211226	0	0	211226	211226	0	6	0	6	0	0	1.9	61.1	134	644.3	2129	145.3	28.4	21.8	17
1400	6.2	0	204	0	0	904.1	1452.3	3551	120.2	201081	194256	5328	0	0	0	1497	12	2	8	2	0	3.1	102.2	453	727.7	1779.2	60.2			
1440	41.22119983	181.4531989	827.2299952	496	585	2435.190384	5063.322769	17164.76349	1852.575592	664607	661002	0	3605	664607	661002	0	24	0	21	0	3	6.2	124.5	366.4	761.9	2582.7	278.7	27.3	75	88.5
1480	17.71092873	42.31269211	140.3865787	44	143	747.8757061	1672.670921	4855.249502	427.2236311	248549	224203	14175	10171	248549	224203	0	23	0	9	4	10	7.1	56.5	300.9	673	1953.4	171.9	17	19.6	63.8
1520	111.2198762	477.6577104	2566.399834	1345	1643	5351.889369	17869.21465	46027.33792	4391.201089	1947783	1724184	98997	124602	1947783	1681559	0	48	0	34	8	6	5.7	131.8	274.8	917.4	2363.1	225.4	24.5	80	97.7
1540	4	63	80	25	41	250.0909091	621	3547.090909	197	186539	186539	0	0	186539	186539	0	4	0	4	0	0	2.1	42.9	134.1	332.9	1901.5	105.6	33.8	13.4	22
1560	23	132	624.3598993	382.3598993	453	1924	4821.439597	13472.23909	1402.079698	514031	514031	0	0	514031	514031	0	27	0	27	0	0	4.5	121.5	374.3	938	2620.9	272.8	25.7	74.4	88.1
1580	0	41	23	7	20	119	337	2333	119	91738	91738	0	0	91738	91738	0	3	0	3	0	0	0	25.1	129.7	367.4	2543.1	129.7	44.7	7.6	21.8
1600	555	0	17235.00141	0	0	19365.00282	47048.45954	163623.7847	24256.00282	8586609	8345513	3597	0	0	0	237499	311	26	284	1	0	6.6	206.4	231.9	563.5	1959.8	290.5			
1620	7	92	157	29	24	506	1849	3515	576	220000	220000	0	0	220000	220000	0	6	0	6	0	0	3.2	71.4	230	840.5	1597.7	261.8	41.8	13.2	10.9
1640	86.93364815	561.5085537	3064.818105	1398.195541	609.9462964	1924.679502	14354.31914	41635.4062	2946.048625	1727746	1607885	62147	57714	1727746	1607885	0	112	0	87	13	12	5	177.4	111.4	830.8	2409.8	170.5	32.5	87	37.9
1660	15.04445093	103.6312033	176.5392723	108	241	777.6904055	2180.621525	4441.470962	347.4067005	246286	244668	0	1618	246286	244668	0	7	0	5	0	2	6.1	71.7	315.8	885.4	1803.4	141.1	42.1	44.1	98.5
1680	102.8207346	682.8134379	4191.402509	1674.104776	771.5523881	3388.557607	18780.54114	34763.4969	4951.013631	2178737	1673037	133608	372092	2178737	1673037	0	118	0	72	13	33	4.7	192.4	155.5	862	1595.6	227.2	31.3	100.1	46.1
1720	24.58035928	415.4911101	567.0446799	261	335	1889.201976	4241.10852	14323.04362	1599.3841	622263	592605	612	29046	622263	592605	0	8	0	4	1	3	4	91.1	303.6	681.6	2301.8	257	66.8	44	56.5
1740	4	47	138	49	76	480	743	4007	179	162642	161770	872	0	162642	161770	0	6	0	5	1	0	2.5	84.8	295.1	456.8	2463.7	110.1	28.9	30.3	47
1760	37.91290563	258.6516225	863.5645282	492.8258113	898.5645282	3613.489522	6297.532128	17378.44826	2246.30706	646895	645250	1645	0	646895	645250	0	18	0	17	1	0	5.9	133.5	558.6	973.5	2686.4	347.2	40	76.4	139.3
1800	19.17530388	60.17598209	548.9051799	393.8836205	373.9766025	697.2669788	4299.788984	10861.7185	1215.93337	286123	273287	0	12836	286123	273287	0	11	0	8	0	3	6.7	191.8	243.7	1502.8	3796.2	425	21	144.1	136.8
1840	108.5326019	780.7511641	3905.399794	1777.829992	805.9433307	1915.418492	21148.05987	50815.05088	4972.829978	1749409	1688182	34093	27134	1749409	1688182	0	71	0	48	8	15	6.2	223.2	109.5	1208.9	2904.7	284.3	44.6	105.3	47.7
1880	20.82350073	213.3822526	451.9410044	99.91175037	320.1175037	1797.146758	3554.850317	14525.28815	550.8527548	405027	405027	0	0	405027	401547	0	15	0	15	0	0	5.1	111.6	443.7	877.7	3586.3	136	52.7	24.9	79.7
1890	0	16.5462339	16.35017345	2.030822601	2.77311695	63.1849356	311.2859763	1433.81644	58.7311695	85579	85579	0	0	85579	85579	0	5	0	5	0	0	0	19.1	73.8	363.7	1675.4	68.6	19.3	2.4	3.2
1900	5.080685327	34.50516031	55.61019847	17	25	301.0936997	775.0326378	2234.08988	64.25217303	103299	101748	0	1551	103299	101748	0	11	0	9	0	2	4.9	53.8	291.5	750.3	2162.7	62.2	33.4	16.7	24.6
1920	209.8238301	1187.939112	6249.200993	3259.813961	2699.997239	8204.598993	40378.78563	97860.29394	15163.47549	4301239	4264661	36361	217	4301239	4264661	0	116	0	114	1	1	4.9	145.3	190.7	938.8	2275.2	352.5	27.6	76.4	63.3
1950	13	30	68	34	19	111	801	2036	139	106561	106561	0	0	106561	106561	0	5	0	5	0	0	12.2	63.8	104.2	751.7	1910.6	130.4	28.2	31.9	17.8
1960	7.049246908	63.39861219	308.5635893	68	76	1221.019283	2442.0842	7856.236101	452.0995173	363256	353569	0	3765	165224	161459	5922	26	5	20	0	1	2	86.4	341.7	683.4	2198.6	126.5	38.4	42.1	47.1
2000	46.6784422	296.0857503	1422.047004	546.0699638	326.0699638	1336.894218	9631.651899	21830.61545	1795.343222	937565	899622	3379	34564	937565	899622	0	49	0	42	4	3	5	151.7	142.6	1027.3	2328.4	191.5	31.6	60.7	36.2
2020	17	161	528	177	352	2246	5368	13855	1418	590289	590289	0	0	590289	590289	0	18	0	18	0	0	2.9	89.4	380.5	909.4	2347.2	240.2	27.3	30	59.6
2030	4	27	86	39	59	174	1045	2776	200	153913	125938	27975	0	153913	125938	0	14	0	13	1	0	2.6	55.9	113.1	679	1803.6	129.9	17.5	31	46.8
2040	4	0	140	0	0	382	1700	1852	142	110768	110768	0	0	0	0	0	6	0	6	0	0	3.6	126.4	344.9	1534.7	1672	128.2			
2080	67.9996647	1237.862617	2052.932594	737.9760785	1140.856917	5781.553226	13245.32119	48291.14127	7345.040968	2433772	2431143	2629	0	2433772	2431143	0	39	0	35	4	0	2.8	84.4	237.6	544.2	1984.2	301.8	50.9	30.4	46.9
2120	8	210	273	57	212	1182	3443.454545	11765.45455	1042	543000	539582	3418	0	543000	539582	0	24	0	23	1	0	1.5	50.3	217.7	634.2	2166.8	191.9	38.7	10.6	39.3
2160	403.2320635	1568.51531	7942.47469	4154	5240.35401	18043.62323	35619.54179	73623.52733	20919.35479	4267304	4244414	14416	8474	4267304	4244414	0	130	0	125	3	2	9.4	186.1	422.8	834.7	1725.3	490.2	36.8	97.9	123.5
2180	2.202632803	63.95780287	140.8367235	61.14332505	79.31850011	436.1930169	1385.565893	3409.528629	185.523013	151803	148958	0	2845	151803	148958	0	21	0	19	0	2	1.5	92.8	287.3	912.7	2246	122.2	42.1	41	53.2
2190	6	71.5284199	180.5609411	81.1305285	150.3236295	637.7128745	1131.365612	4111.011876	280.3100607	162310	162310	0	0	162310	162310	0	10	0	10	0	0	3.7	111.2	392.9	697	2532.8	172.7	44.1	50	92.6
2200	0	22.9117792	36	6	11	129.9558896	555.7353376	1397.279694	71.9558896	93653	93653	0	0	93653	93653	0	3	0	3	0	0	0	38.4	138.8	593.4	1492	76.8	24.5	6.4	11.7
2240	4	103	119	23	32	319	1519	6631	304	244385	244385	0	0	244385	244385	0	17	0	17	0	0	1.6	48.7	130.5	621.6	2713.3	124.4	42.1	9.4	13.1
2281	13.77000321	46.07766271	235.3569067	59	54	497.9873952	1111.775133	4484.720444	160.366521	297488	263976	0	33512	297488	263976	0	14	0	11	0	3	4.6	79.1	167.4	373.7	1507.5	53.9	15.5	22.4	20.5
2290	7	44	28	7	11	166.0909091	739.2727273	2446.181818	112	161151	157612	3539	0	161151	157612	0	11	0	10	1	0	4.3	17.4	103.1	458.7	1517.9	69.5	27.3	4.4	7
2320	7	222	530	117	278	2609	2698	16235	1798	800647	800647	0	0	800647	800647	0	6	0	6	0	0	0.9	66.2	325.9	337	2027.7	224.6	27.7	14.6	34.7
2330	2	55	156.9268953	66.92689531	3	20	1503.464801	3406.715704	283.6344765	197559	197559	0	0	197559	197559	0	4	0	4	0	0	1	79.4	10.1	761	1724.4	143.6	27.8	33.9	1.5
2335	4	11	39	13	19	149	399	1431	47	88830	88830	0	0	88830	88830	0	5	0	5	0	0	4.5	43.9	167.7	449.2	1610.9	52.9	12.4	14.6	21.4
2340	2	29	26	7	30	176.5	483.5	1699.5	66.5	60580	59294	1286	0	60580	59294	0	3	0	2	1	0	3.3	42.9	291.4	798.1	2805.4	109.8	47.9	11.8	50.6
2360	12	133	218	116	67	397.7272727	1798.181818	5003.181818	254	280566	279050	1516	0	280566	279050	0	12	0	11	1	0	4.3	77.7	141.8	640.9	1783.2	90.5	47.4	41.6	24
2400	8	137	224	39	67	565	2475	8512	1048	351715	351715	0	0	351715	351715	0	10	0	10	0	0	2.3	63.7	160.6	703.7	2420.1	298	39	11.1	19
2440	7.284566407	88.56109767	167.33644	39	24	486.9103286	1752.489548	6984.632818	371.4334367	311552	292329	0	19223	311552	292329	0	8	0	7	0	1	2.3	53.7	156.3	562.5	2241.9	119.2	28.4	13.3	8.2
2520	2	83	46	3	7	307	746	3651	244	208777	208777	0	0	208777	208777	0	6	0	6	0	0	1	22	147	357.3	1748.8	116.9	39.8	1.4	3.4
2560	22	76	591.0909091	314	347	988.0909091	5917.5	10987.63636	971.9090909	319431	307467	11964	0	319431	307467	0	4	0	3	1	0	6.9	185	309.3	1852.5	3439.8	304.3	23.8	102.1	112.9
2580	3.024553581	270.8183501	79.46827186	22	123	1069.492432	2345.666084	7404.202891	433.282581	424404	418413	5480	511	424404	418413	0	25	0	21	3	1	0.7	18.7	252	552.7	1744.6	102.1	63.8	5.3	29.4
2620	6	60.69993022	61.4	12	25	383.5165387	548.9660851	3899.514864	104.4166085	141546	134896	6650	0	141546	134896	0	9	0	7	2	0	4.2	43.4	270.9	387.8	2754.9	73.8	42.9	8.9	18.5
2640	58.87964253	226.4941353	922.0265514	526	948	2248.386569	6287.501913	8069.143032	1214.624993	425790	380053	37960	7777	425790	380053	0	26	0	20	4	2	13.8	216.5	528.1	1476.7	1895.1	285.3	53.2	138.4	249.4
2650	4.272727273	29.27272727	41.18181818	21	28	195.2727273	528.9090909	2921.545455	125.3636364	147137	76510	70627	0	147137	76510	0	14	0	12	2	0	2.9	28	132.7	359.5	1985.6	85.2	19.9	27.4	36.6
2655	12	34	193	111	139	541	1534	4525	331	136885	136885	0	0	136885	136885	0	8	0	8	0	0	8.8	141	395.2	1120.6	3305.7	241.8	24.8	81.1	101.5
2670	1	110.2809818	83.05431375	32	73	523.1176211	1139.668718	6255.7369	340.7032107	299630	294588	5042	0	299630	294588	0	8	0	7	1	0	0.3	27.7	174.6	380.4	2087.8	113.7	36.8	10.9	24.8
2680	62	432	3099	1056	849	4888	17300	45548	4645	1748066	1748066	0	0	1748066	1748066	0	31	0	31	0	0	3.5	177.3	279.6	989.7	2605.6	265.7	24.7	60.4	48.6
2700	27	136	604	264	391	1560	4949	10348	911	618754	618754	0	0	618754	618754	0	4	0	4	0	0	4.4	97.6	252.1	799.8	1672.4	147.2	22	42.7	63.2
2710	20	116	346	123	156	1060	2964	7515	376	424107	424107	0	0	424107	424107	0	7	0	7	0	0	4.7	81.6	249.9	698.9	1772	88.7	27.4	29	36.8
2720	12.03474019	114.4770215	148.7534542	34	128	822.284702	1961.025149	5484.360895	308.4288145	230083	227705	1655	723	230083	227705	0	14	0	12	1	1	5.2	64.7	357.4	852.3	2383.6	134.1	49.8	14.9	56.2
2750	3	53	114	45	85	493	1168	3832	244	180822	180822	0	0	180822	180822	0	6	0	6	0	0	1.7	63	272.6	645.9	2119.2	134.9	29.3	24.9	47
2760	28.03078179	138.2284657	358.3871437	196	69	487.2130109	3073.93491	9566.996387	480.3310558	529991	458967	0	71024	529991	458967	0	17	0	13	0	4	5.3	67.6	91.9	580	1805.1	90.6	26.1	42.7	15
2800	104.4382069	708.4023144	2364.354972	1142.441459	1460.152154	5576.33299	21067.66502	58829.74147	5513.199836	2135890	2135890	0	0	2135890	2135890	0	55	0	55	0	0	4.9	110.7	261.1	986.4	2754.3	258.1	33.2	53.5	68.4
2840	73	230	1497	522	900	3830	10280	24825	7610	1081315	1081315	0	0	1081315	1081315	0	17	0	17	0	0	6.8	138.4	354.2	950.7	2295.8	703.8	21.3	48.3	83.2
2880	6.981573942	44.20276963	116.1161135	72	46.10874915	313.5991373	934.5403613	2962.720862	201.6725006	104430	104430	0	0	104430	104430	0	9	0	9	0	0	6.7	111.2	300.3	894.9	2837	193.1	42.3	68.9	44.2
2900	12.04820563	130.3198562	299.7405394	112	150	1152.989806	2306.941621	6418.377125	495.3857836	247336	246321	0	1015	247336	246321	0	5	0	4	0	1	4.9	121.2	466.2	932.7	2595	200.3	52.7	45.5	60.9
2920	12.98130685	142.5134045	319.732147	100.7816676	108.3314749	538.2950721	2347.629246	7147.782693	610.6726226	291309	291309	0	0	291309	291309	0	12	0	12	0	0	4.5	109.8	184.8	805.9	2453.7	209.6	48.9	34.6	37.2
2960	81.17867613	141.1259967	824.583047	377	259	1213.540728	5500.617082	15500.17085	2579.029969	660348	652710	3724	3914	660348	652710	0	26	0	23	1	2	12.3	124.9	183.8	833	2347.3	390.6	21.4	57.8	39.7
2975	0	34	14	4	12	139	414	1519	44.5	128923	125548	3375	0	128923	125548	0	10	0	9	1	0	0	10.9	107.8	321.1	1178.2	34.5	26.4	3.2	9.6
2980	8.137575436	6.692017473	154.4116693	90.9666594	256.8221835	427.512963	1914.32713	2977.099104	257.1564013	122623	119855	0	2768	122623	119855	0	6	0	3	0	3	6.6	125.9	348.6	1561.1	2427.8	209.7	5.5	75.9	214.3
2985	1	63	9	3	1	120.6	420.6	1672	107.4	98461	96701	1760	0	98461	96701	0	9	0	7	2	0	1	9.1	122.5	427.2	1698.1	109.1	64	3.1	1
2995	3.067934365	74.22804429	45.17578709	6	47	275.535707	670.3662308	2949.909829	187.4295235	146723	142819	504	3400	146723	142819	0	6	0	3	1	2	2.1	30.8	187.8	456.9	2010.5	127.7	50.6	4.2	32.9
3000	18.1874801	584.1694799	902.6707815	346.0006814	449.0006814	2686.594984	7936.236834	20728.9677	1248.445828	1150019	1139342	3831	6846	1150019	1139342	0	36	0	32	1	3	1.6	78.5	233.6	690.1	1802.5	108.6	50.8	30.4	39.4
3040	4	7	22	2	30	134	349	2533	145	81327	81327	0	0	81327	81327	0	2	0	2	0	0	4.9	27.1	164.8	429.1	3114.6	178.3	8.6	2.5	36.9
3060	3.094764066	70.56338313	80.64743582	26.02392147	88.14308349	544.7493693	1135.893736	4200.466516	342.791861	252795	243641	4428	4726	252795	243641	0	20	0	17	2	1	1.2	31.9	215.5	449.3	1661.6	135.6	27.9	10.7	36.2
3080	2.938400678	87.30203704	67	26	20	293.5424748	928.1758586	3599.29261	146.211128	248007	224207	23800	0	248007	224207	0	7	0	6	1	0	1.2	27	118.4	374.3	1451.3	59	35.2	11.6	8.9
3120	62.18814093	303.0216807	1626.462238	754	884	3720.991465	17076.14943	36304.80893	2703.445817	1421884	1407626	9600	4658	1421884	1380869	0	41	0	35	1	5	4.4	114.4	261.7	1201	2553.3	190.1	21.3	54.6	64
3150	11.3854646	37.00513516	168.4480839	9	18	532.9672393	1844.574708	4349.660942	256.4903076	168148	18855	62308	86985	168148	18855	0	7	0	3	2	2	6.8	100.2	317	1097	2586.8	152.5	22	47.7	95.5
3160	60.03080231	374.9238846	1009.5698	531.5614822	1152.570547	4337.397761	10356.87883	27438.68502	2913.462213	1097224	1094624	2098	502	1097224	1094624	0	37	0	34	2	1	5.5	92	395.3	943.9	2500.7	265.5	34.2	48.6	105.3
3180	0	25	115	41	23	306	692	2152	191	147430	147430	0	0	147430	147430	0	5	0	5	0	0	0	78	207.6	469.4	1459.7	129.6	17	27.8	15.6
3200	6	155.9805346	386.5570275	129.7344953	46.98373984	685.1894543	3316.145232	10427.27415	476.2540776	370830	360376	10454	0	370830	360376	0	13	0	11	2	0	1.6	104.2	184.8	894.2	2811.9	128.4	42.1	36	13
3240	24.10757994	212.5908249	692.6334356	307.8040787	154	973.8833323	2632.698462	10653.8955	519.5852012	683043	674511	4295	4237	683043	674511	0	62	0	58	2	2	3.5	101.4	142.6	385.4	1559.8	76.1	31.1	45.6	22.8
3283	46	182	1094	357	245	1737	4741	19158	2118	1020283	1020283	0	0	1020283	1020283	0	33	0	33	0	0	4.5	107.2	170.2	464.7	1877.7	207.6	17.8	35	24
3285	5	35	72	33	19	77	920	2467	119	130592	130592	0	0	130592	130592	0	6	0	6	0	0	3.8	55.1	59	704.5	1889.1	91.1	26.8	25.3	14.5
3290	13.20054238	64.66420466	192.2570261	65	123	526.0826106	3681.950049	7470.896353	566.1821474	365497	342416	21182	1899	365497	342416	0	24	0	19	3	2	3.6	52.6	143.9	1007.4	2044	154.9	17.7	19	35.9
3320	19	218	891	93	148	1420	5760	22007	3901	953297	953297	0	0	953297	953297	0	1	0	1	0	0	2	93.5	149	604.2	2308.5	409.2	22.9	9.8	15.5
3350	12	46	164	72	135	565	1394	5324	366	208178	208178	0	0	208178	208178	0	5	0	5	0	0	5.8	78.8	271.4	669.6	2557.4	175.8	22.1	34.6	64.8
3360	408.1797339	1308.407591	13715.97727	7515.06524	4686.714705	19914.60936	53695.60963	143101.1827	21101.09437	5287524	5287144	0	380	5287524	5287144	0	64	0	63	0	1	7.7	259.4	376.6	1015.5	2706.4	399.1	24.7	142.1	88.6
3400	3.110844338	70.3043547	255.6910372	83	51	240.0389259	2461.324781	5450.524327	445.67305	315422	305567	5769	4086	315422	305567	0	31	0	23	4	4	1	81.1	76.1	780.3	1728	141.3	22.3	27.2	16.7
3440	22.16144526	115.9649602	564.8707566	17	19	957.039079	4047.709203	9511.341451	1158.728742	417509	414203	0	3306	417509	122984	0	12	0	10	0	2	5.3	135.3	229.2	969.5	2278.1	277.5	27.8	13.8	15.4
3480	107.4273785	607.7643808	3661.059304	1621.998607	963	6593.474367	17762.01014	45050.87872	5558.088139	1834672	1556745	51346	226581	1834672	1556745	0	38	0	29	1	8	5.9	199.5	359.4	968.1	2455.5	302.9	33.1	104.2	61.9
3500	1	49	43	10	10	202	466	1916	111	130882	130882	0	0	130882	130882	0	4	0	4	0	0	0.8	32.9	154.3	356	1463.9	84.8	37.4	7.6	7.6
3520	10.05912497	85.97001903	79.67305187	16	71	436.6602833	802.7423982	2568.551554	136.4117389	160248	157039	1050	2159	160248	157039	0	9	0	7	1	1	6.3	49.7	272.5	500.9	1602.9	85.1	53.6	10.2	45.2
3560	56.79871037	159.84176	1195.411771	886	370	756.7988157	6416.106413	11300.82782	1984.005872	482105	431638	25216	25251	482105	431638	0	19	0	12	1	6	11.8	248	157	1330.9	2344.1	411.5	33.2	205.3	85.7
3580	5	43.02768575	157.1568859	89.09228585	192.378372	549.9320871	1502.218173	3494.990062	360.1568859	115425	115425	0	0	115425	115425	0	5	0	5	0	0	4.3	136.2	476.4	1301.5	3027.9	312	37.3	77.2	166.7
3600	97	416	1991	1120	1634	4957	12359	35751	2482	1318481	1318481	0	0	1318481	1318481	0	12	0	12	0	0	7.4	151	376	937.4	2711.5	188.2	31.6	84.9	123.9
3605	8.5	73.5	101.5	27	32	313.9727469	1511.16109	3806.476255	255.1575823	177772	106884	70888	0	177772	106884	0	7	0	5	2	0	4.8	57.1	176.6	850.1	2141.2	143.5	41.3	25.3	29.9
3610	2	42	65	19	21	202	828	2635	85	134905	134905	0	0	134905	134905	0	9	0	9	0	0	1.5	48.2	149.7	613.8	1953.2	63	31.1	14.1	15.6
3620	4	53	109.0553845	32	6	232	976.3030747	3617.26755	148.9289507	160331	155319	5012	0	160331	155319	0	8	0	7	1	0	2.5	68	144.7	608.9	2256.1	92.9	33.1	20.6	3.9
3640	36	67	1371	306	184	1393	2809	8329	1554	634266	634266	0	0	634266	634266	0	12	0	12	0	0	5.7	216.2	219.6	442.9	1313.2	245	10.6	48.2	29
3660	19	154.1015888	198.1015888	53	276	1421.301589	3953.203178	11214.29789	638.2	508260	506804	1456	0	508260	506804	0	30	0	29	1	0	3.7	39	279.6	777.8	2206.4	125.6	30.3	10.5	54.5
3680	5.259720365	41.09936913	75.70365147	25	26	287.5134826	815.8631675	2696.134145	130.2061885	221421	205752	5440	10229	221421	205752	0	56	0	44	4	8	2.4	34.2	129.8	368.5	1217.7	58.8	18.6	12.2	12.6
3700	5.061456027	44.68303984	59.17205422	16	42	267.0425232	1450.60893	2011.573944	90.52759858	96443	89150	6014	1279	96443	89150	0	7	0	3	3	1	5.2	61.4	276.9	1504.1	2085.8	93.9	46.3	17.9	47.1
3710	3	80	86	20	35	494	1238	4833	470	175518	175518	0	0	175518	175518	0	18	0	18	0	0	1.7	49	281.5	705.3	2753.6	267.8	45.6	11.4	19.9
3720	19.81498164	315.6493172	411.8473361	115.9993186	338.9993186	1544.316266	4023.444699	10392.67702	644.5616343	462735	458173	885	3677	462735	458173	0	27	0	24	1	2	4.3	89	333.7	869.5	2245.9	139.3	68.2	25.3	74
3740	5	0	111	0	0	206	630	2116	83	113449	101249	0	0	0	0	12200	11	4	7	0	0	4.9	109.6	203.5	622.2	2089.9	82			
3760	168.004224	642.968855	2537.567699	1446.500352	2662	6207.454294	15720.68989	48102.68373	7157.98065	1973213	1969770	3265	178	1973213	1969770	0	125	0	117	7	1	8.5	128.6	314.6	796.7	2437.8	362.8	32.6	73.4	135.1
3800	2	52	95	20	4	171	870	3259	176	166426	166426	0	0	166426	166426	0	5	0	5	0	0	1.2	57.1	102.7	522.8	1958.2	105.8	31.2	12	2.4
3810	17.9640984	150.9820492	376.730738	211.7845904	156.820492	1027.648445	3764.168694	7994.585508	427.7486888	385623	384502	1121	0	385623	384502	0	13	0	12	1	0	4.7	97.7	266.5	976.1	2073.2	110.9	39.2	55.1	40.8
3840	41	251.3878056	947	449	619.9640651	2398.208131	8424.741386	20646.04613	1854.49732	790978	790978	0	0	790978	790978	0	24	0	24	0	0	5.2	119.7	303.2	1065.1	2610.2	234.5	31.8	56.8	78.4
3850	3	28.0034827	68.00278616	26.00139308	22	106.0027862	743.0814952	2266.286278	65.00557232	98688	98688	0	0	98688	98688	0	5	0	5	0	0	3	68.9	107.4	753	2296.4	65.9	28.4	26.3	22.3
3870	3.02595992	31.99945691	37.87939228	9	16	151.7430982	582.550544	2382.374106	116.0935571	133665	130797	0	2868	133665	130797	0	13	0	12	0	1	2.3	28.3	113.5	435.8	1782.3	86.9	23.9	6.9	12.2
3880	29.66902303	101.656223	456.6588988	142	289	1978.437098	4197.650082	11337.30703	683.3103086	418895	351877	8139	58879	418895	338612	0	24	0	14	1	9	7.1	109	472.3	1002.1	2706.5	163.1	24.3	41.9	85.3
3920	2	52	75	21	10	294.0909091	1125.090909	4287.181818	310	206004	205393	611	0	206004	205393	0	6	0	5	1	0	1	36.4	142.8	546.2	2081.1	150.5	25.2	10.2	4.9
3960	16.53098833	111.7139404	220.0833279	75	120	928.6084705	3196.078208	4965.375214	450.0193843	192768	184965	0	7803	192768	184965	0	7	0	5	0	2	8.6	114.2	481.7	1658	2575.8	233.5	58	40.5	64.9
3980	30.17653235	129.1713355	531.3739753	215	324	1723.610946	5794.406903	14194.90519	996.7369042	602095	598378	0	3717	602095	598378	0	11	0	10	0	1	5	88.3	286.3	962.4	2357.6	165.5	21.5	35.9	54.1
4000	9	122.6	330	97	79	486.8	1716.552487	7541.857462	314	519445	511643	7802	0	519445	511643	0	42	0	40	2	0	1.7	63.5	93.7	330.5	1451.9	60.4	23.6	19	15.4
4040	14.22253335	227.6509378	363.2969984	148	179.996257	1279.54756	2910.719614	8123.630029	481.6048127	464036	455910	0	8126	464036	455910	0	26	0	25	0	1	3.1	78.3	275.7	627.3	1750.6	103.8	49.1	32.5	39.5
4080	11	82	211	55	251	969	1957	9041	946	250304	250304	0	0	250304	250304	0	2	0	2	0	0	4.4	84.3	387.1	781.8	3612	377.9	32.8	22	100.3
4100	9.331804793	65.06341106	77.5040893	17	110	598.5834637	1790.424558	4312.027783	353.8855483	209233	205389	0	3844	209233	205389	0	5	0	3	0	2	4.5	37	286.1	855.7	2060.9	169.1	31.1	8.3	53.6
4120	152.0909091	832.7272727	4789.909091	1545	1349	10282.81818	19810.45455	35379.27273	9146	2195401	1925913	269488	0	2195401	1925913	0	11	0	9	2	0	6.9	218.2	468.4	902.4	1611.5	416.6	37.9	80.2	70
4150	0	51	63	19	94	355	664	3769	177	110826	110826	0	0	110826	110826	0	4	0	4	0	0	0	56.8	320.3	599.1	3400.8	159.7	46	17.1	84.8
4200	5	65	114	35	144	698.0909091	1885.181818	3537.363636	255	124098	122539	1559	0	124098	122539	0	4	0	2	2	0	4	91.9	562.5	1519.1	2850.5	205.5	52.4	28.6	117.5
4243	3	40	64	8	4	64	486	2036	59	107702	107702	0	0	107702	107702	0	7	0	7	0	0	2.8	59.4	59.4	451.2	1890.4	54.8	37.1	7.4	3.7
4280	24.01766499	135.9651285	773.6117133	321	223	1305.671774	4694.158704	14420.25909	918.2897662	555015	553580	792	643	555015	553580	0	19	0	17	1	1	4.3	139.4	235.2	845.8	2598.2	165.5	24.5	58	40.3
4320	4.368035851	60.01709964	128.1008524	42	71	268.7727396	1343.820161	3212.434761	180.0450461	152280	129773	3757	18750	152280	129773	0	21	0	11	2	8	2.9	84.1	176.5	882.5	2109.6	118.2	39.4	32.4	54.7
4360	2	147	183	44	54	957	1550	8883	360	285407	285407	0	0	285407	285407	0	2	0	2	0	0	0.7	64.1	335.3	543.1	3112.4	126.1	51.5	15.4	18.9
4400	41.64001829	330.4115927	1232.49479	653	1255	3612.762461	9659.067038	22119.75564	2199.047175	671459	605371	3514	62574	671459	605371	0	24	0	19	3	2	6.2	183.6	538	1438.5	3294.3	327.5	49.2	107.9	207.3
4420	18.0348814	100.2830817	184.1713462	84.5355684	215.0711368	780.6390676	1992.763289	5756.143187	675.693137	226670	225526	0	1144	226670	225526	0	15	0	14	0	1	8	81.3	344.4	879.1	2539.4	298.1	44.2	37.5	95.4
4480	617.2727273	2070.454545	21895.27273	6553	6304	25653.72727	49187.27273	140571.2727	43416.36364	9818605	9791210	27395	0	9818605	9791210	0	89	0	88	1	0	6.3	223	261.3	501	1431.7	442.2	21.1	66.9	64.4
4520	62.5896377	321.1264366	1912.681528	1035	647	2611.918417	10862.31417	29355.90639	2795.223296	1124086	1103324	5257	15505	1124086	1103324	0	39	0	29	4	6	5.6	170.2	232.4	966.3	2611.5	248.7	28.6	93.8	58.6
4600	10	133	339.2484848	90	233	1760.49697	3388.739394	9703.969697	588.7454545	278831	278831	0	0	278831	278831	0	9	0	9	0	0	3.6	121.7	631.4	1215.3	3480.2	211.1	47.7	32.3	83.6
4640	9	53	98	40	75	538	873	3865	215	237661	237661	0	0	237661	237661	0	8	0	8	0	0	3.8	41.2	226.4	367.3	1626.3	90.5	22.3	16.8	31.6
4680	34.67461163	83.12160187	476.2035433	216	344	1057.830572	4551.327182	11459.65338	1289.499892	360834	306829	52752	1253	360834	306829	0	17	0	14	1	2	9.6	132	293.2	1261.3	3175.9	357.4	23	70.4	112.1
4720	4.090909091	118	421.0830947	168.7748428	56	728.1860492	2471.38509	10835.53691	548.850123	488073	474149	13924	0	488073	474149	0	22	0	20	2	0	0.8	86.3	149.2	506.4	2220.1	112.5	24.2	35.6	11.8
4800	4.279569847	56.09843631	113.4710102	22	23	104.8516772	1872.38065	4417.268207	146.7482513	168259	154016	0	14243	168259	154016	0	14	0	11	0	3	2.5	67.4	62.3	1112.8	2625.3	87.2	33.3	14.3	14.9
4880	35	220	546	270	329	1633	7699	26119	2548	774769	774769	0	0	774769	774769	0	21	0	21	0	0	4.5	70.5	210.8	993.7	3371.2	328.9	28.4	34.8	42.5
4890	4.064134763	79.01212672	68.31075421	14	58	406.00241	859.9873909	4880.873022	309.6698124	203206	200302	0	2904	203206	200302	0	10	0	9	0	1	2	33.6	199.8	423.2	2401.9	152.4	38.9	7	29
4900	20	172	531	192	415	2472	4273	12187	695	543376	543376	0	0	543376	543376	0	13	0	13	0	0	3.7	97.7	454.9	786.4	2242.8	127.9	31.7	35.3	76.4
4920	109.0909091	600	3600.818182	2153	3020	8750.909091	18231.81818	35864.18182	4971.909091	1239292	1205675	33617	0	1239292	1205675	0	29	0	27	2	0	8.8	290.6	706.1	1471.1	2893.9	401.2	48.4	178.6	250.5
4940	26	72	269	84	150	1081	2347	4944	953	255793	255793	0	0	255793	255793	0	7	0	7	0	0	10.2	105.2	422.6	917.5	1932.8	372.6	28.1	32.8	58.6
5000	202	504	5519	2333	2162	10926	21174	76825	10070	2303278	2303278	0	0	2303278	2303278	0	32	0	32	0	0	8.8	239.6	474.4	919.3	3335.5	437.2	21.9	101.3	93.9
5015	18	98	687	166	71	961	3461	14720	1145	1261651	1261651	0	0	1261651	1261651	0	61	0	61	0	0	1.4	54.5	76.2	274.3	1166.7	90.8	7.8	13.2	5.6
5080	101.1818182	280.1454545	3272.80445	1933.986268	1557	3622.642424	8793.031992	38819.75399	5057.24488	1555908	1409707	146201	0	1555908	1409707	0	54	0	48	6	0	6.5	210.3	232.8	565.1	2495	325	18	137.2	110.4
5120	78.55365116	1283.110128	3044.162792	937	835.6419495	5032.592671	16518.21171	72033.03368	6706.184866	3273048	2936526	325573	10949	3273048	2936526	0	118	0	108	9	1	2.4	93	153.8	504.7	2200.8	204.9	39.2	31.9	28.5
5140	3	34	40	7	28	236	372	2758	131	109299	109299	0	0	109299	109299	0	2	0	2	0	0	2.7	36.6	215.9	340.4	2523.4	119.9	31.1	6.4	25.6
5160	38.23376623	143.2467532	980.9324675	34	115	1829.436364	6655.296104	15853.78442	1756.264935	595257	452307	142950	0	595257	201201	0	24	0	19	5	0	6.4	164.8	307.3	1118.1	2663.4	295	24.1	16.9	57.2
5170	29	135	767	268	246	1741	5400	11782	3596	514453	514453	0	0	514453	514453	0	10	0	10	0	0	5.6	149.1	338.4	1049.7	2290.2	699	26.2	52.1	47.8
5190	22	98	734	133	93	1134	4973	19701	702	1206947	1206947	0	0	1206947	1206947	0	82	0	82	0	0	1.8	60.8	94	412	1632.3	58.2	8.1	11	7.7
5200	16.23082307	38.17976237	119.8179736	30	83	501.9568028	2759.590322	5440.141577	244.5289955	153720	150328	0	3392	153720	150328	0	5	0	4	0	1	10.6	77.9	326.5	1795.2	3539	159.1	24.8	20	55.2
5240	25	76.64536211	450.9360863	15.29072422	38.93608632	502.1628969	3670.459846	9302.053746	897.8721726	363237	305557	57680	0	363237	99793	0	13	0	11	2	0	6.9	124.1	138.2	1010.5	2560.9	247.2	21.1	15.3	39
5280	0	32.00039262	109.0003926	42	9	149.0035336	639.0019631	2135.022379	245.0019631	117671	117671	0	0	117671	117671	0	3	0	3	0	0	0	92.6	126.6	543	1814.4	208.2	27.2	35.7	7.6
5330	9.020493965	124.1346376	418.5772034	210	370	1234.054179	3650.190414	10453.86327	1421.070728	269291	268397	560	334	269291	268397	0	9	0	7	1	1	3.3	155.4	458.3	1355.5	3882	527.7	46.1	78.2	137.9
5345	11	54	204	42	53	752	1199	4344	196	321520	321520	0	0	321520	321520	0	3	0	3	0	0	3.4	63.4	233.9	372.9	1351.1	61	16.8	13.1	16.5
5360	98	626.7906392	2216.516256	1336	2056.339406	7007.260091	13204.34333	36935.18219	2890.790639	1502159	1502159	0	0	1502159	1502159	0	44	0	44	0	0	6.5	147.6	466.5	879	2458.8	192.4	41.7	88.9	136.9
5380	80.03382206	147.2230341	1934.292549	597	293	2512.916827	7481.359185	37653.13113	2737.205122	2832882	2798135	33275	1472	2832882	2798135	0	39	0	37	1	1	2.8	68.3	88.7	264.1	1329.1	96.6	5.2	21.3	10.5
5483	74	266	2227	779	516	3332	7478	29270	3965	1708240	1708240	0	0	1708240	1708240	0	43	0	43	0	0	4.3	130.4	195.1	437.8	1713.5	232.1	15.6	45.6	30.2
5523	5	50	120	19	27	365	745	2437	144	146290	146290	0	0	146290	146290	0	7	0	7	0	0	3.4	82	249.5	509.3	1665.9	98.4	34.2	13	18.5
5560	250	310	1623	1007	1260	3591.714286	9175.714286	25022.14286	4269.714286	1189866	1189150	716	0	1189866	1180616	0	19	0	18	1	0	21	136.4	301.9	771.2	2102.9	358.8	26.1	85.3	106.7
5600	559.0462526	1136.305005	20849.84328	263	136	28912.44292	20676.69636	125932.7674	11139.22372	9535643	9520074	13556	2013	9535643	1344941	0	57	0	54	2	1	5.9	218.7	303.2	216.8	1320.7	116.8	11.9	19.6	10.1
5640	148	285	4152	1750	828	3721	8840	25017	7470	2070701	2070701	0	0	2070701	2070701	0	108	0	108	0	0	7.1	200.5	179.7	426.9	1208.1	360.7	13.8	84.5	40
5660	17.36463338	65.07775818	362.1795045	70	83	666.8280514	1722.465331	7444.973766	271.2901349	430182	372406	45863	11913	430182	372406	0	36	0	29	5	2	4	84.2	155	400.4	1730.7	63.1	15.1	18.8	22.3
5720	113	362	2261	1354	842	2995	10265	45359	3356	1664625	1664625	0	0	1664625	1664625	0	16	0	16	0	0	6.8	135.8	179.9	616.7	2724.9	201.6	21.7	81.3	50.6
5775	197	713	6436	3020	1950	7448	19492	45603	15908	2559296	2559296	0	0	2559296	2559296	0	36	0	36	0	0	7.7	251.5	291	761.6	1781.9	621.6	27.9	118	76.2
5790	9	144	240	121	186	1401	2371	5611	314	331298	331298	0	0	331298	331298	0	4	0	4	0	0	2.7	72.4	422.9	715.7	1693.6	94.8	43.5	36.5	56.1
5800	10	80	180	59	149	1072	2290	6339	434	274002	274002	0	0	274002	274002	0	5	0	5	0	0	3.6	65.7	391.2	835.8	2313.5	158.4	29.2	21.5	54.4
5880	73.90957159	537.5019557	1348.181818	624	730	4991.779075	15227.6443	33504.44708	4823.678117	1235725	1233997	1728	0	1235725	1233997	0	43	0	41	2	0	6	109.1	404	1232.3	2711.3	390.4	43.5	50.6	59.2
5910	4	86	86	7	32	453	2041	5620	424	252264	252264	0	0	252264	252264	0	7	0	7	0	0	1.6	34.1	179.6	809.1	2227.8	168.1	34.1	2.8	12.7
5920	39.12028226	328.3510142	835.7119555	395	456	2069.339821	4843.390692	18272.823	3043.464801	814583	797706	3785	13092	814583	797706	0	17	0	14	1	2	4.8	102.6	254	594.6	2243.2	373.6	40.3	49.5	57.2
5945	67	449	2574	689	468	3817	10919	43862	6066	3010232	3010232	0	0	3010232	3010232	0	35	0	35	0	0	2.2	85.5	126.8	362.7	1457.1	201.5	14.9	22.9	15.5
5960	103	703	3069	1457	1577	9199	21383	50019	5171	2134411	2134411	0	0	2134411	2134411	0	37	0	37	0	0	4.8	143.8	431	1001.8	2343.5	242.3	32.9	68.3	73.9
5990	2	46	28	5	6	53	480	2028	103	96656	96656	0	0	96656	96656	0	2	0	2	0	0	2.1	29	54.8	496.6	2098.2	106.6	47.6	5.2	6.2
6015	12	61	158	59	94	635	1646	5562	342	168852	168852	0	0	168852	168852	0	7	0	7	0	0	7.1	93.6	376.1	974.8	3294	202.5	36.1	34.9	55.7
6020	3.01077609	61.15797525	34.15643867	7	26	309.5339164	573.5290402	1799.830009	88.64556554	148734	144381	3804	549	148734	144381	0	10	0	7	2	1	2	23	208.1	385.6	1210.1	59.6	41.1	4.8	18
6080	35	253	601	318	422	1729	3798	10659	684	448991	448991	0	0	448991	448991	0	5	0	5	0	0	7.8	133.9	385.1	845.9	2374	152.3	56.3	70.8	94
6120	28	0	349	0	0	922	2304.269264	6101.171429	441	360552	323880	343	0	0	0	36329	33	11	21	1	0	8.6	107.6	284.4	710.7	1881.8	136			
6160	426.2532712	1541.385539	11821.87987	4881	3401	15154.43464	25710.11724	101889.594	10901.18642	5325756	5285839	29942	9975	5325756	5285839	0	285	0	276	7	2	8	222	284.5	482.8	1913.1	204.7	28.9	92.3	64.3
6200	223.2778262	1093.584189	5225.931326	2318.998592	2136.998819	9041.28888	33573.49281	101264.6976	14226.56273	4192887	4138255	51795	2837	4192887	4138255	0	29	0	25	3	1	5.3	124.6	215.6	800.7	2415.2	339.3	26.1	56	51.6
6240	9.047281259	53.52549742	171.9017212	88	231	542.0992852	1602.778098	2423.566998	359.9446106	77435	76451	0	984	77435	76451	0	5	0	4	0	1	11.7	222	700.1	2069.8	3129.8	464.8	69.1	115.1	302.2
6280	115.5558724	440.0769015	2261.020797	974.1595758	921	4694.907867	9941.478091	33851.98134	2041.943251	2287344	2236907	35705	14732	2287344	2236907	0	263	0	240	11	12	5.1	98.8	205.3	434.6	1480	89.3	19.2	43.5	41.2
6323	1.117284405	48.30984885	36.47078807	5	39	492.4685364	948.591447	2120.349584	122.4086379	131219	125795	0	5424	131219	125795	0	19	0	16	0	3	0.9	27.8	375.3	722.9	1615.9	93.3	36.8	4	31
6340	1	30	14	4	18	144.6	379.6	1951.6	93.8	82855	68177	14678	0	82855	68177	0	4	0	3	1	0	1.2	16.9	174.5	458.1	2355.4	113.2	36.2	5.9	26.4
6403	8	85	181	26	13	187	1548	5784	216	281674	281674	0	0	281674	281674	0	14	0	14	0	0	2.8	64.3	66.4	549.6	2053.4	76.7	30.2	9.2	4.6
6440	40.23624296	785.1245821	1860.334191	484	385.0150663	3414.960366	10811.33319	52241.42143	6897.394186	2214943	2151515	52731	10697	2214943	2151515	0	55	0	47	6	2	1.8	84	154.2	488.1	2358.6	311.4	35.4	22.5	17.9
6483	26	280	759	193	293	1462	5641	16901	2259	969679	969679	0	0	969679	969679	0	33	0	33	0	0	2.7	78.3	150.8	581.7	1742.9	233	28.9	19.9	30.2
6520	6	127.2472442	78.49448834	22.20603681	20.20603681	240.8131239	1688.840422	9485.405781	391.2664049	516564	516564	0	0	516564	516564	0	16	0	16	0	0	1.2	15.2	46.6	326.9	1836.2	75.7	24.6	4.3	3.9
6560	4	33	162	48	181	718	1968	4194	522	159063	159063	0	0	159063	159063	0	2	0	2	0	0	2.5	101.8	451.4	1237.2	2636.7	328.2	20.7	30.2	113.8
6580	1	23	47	19	31	310	1153	2934	112	159978	159978	0	0	159978	159978	0	2	0	2	0	0	0.6	29.4	193.8	720.7	1834	70	14.4	11.9	19.4
6600	8	32	221	89	51	250	1253	3909	249	195408	195408	0	0	195408	195408	0	7	0	7	0	0	4.1	113.1	127.9	641.2	2000.4	127.4	16.4	45.5	26.1
6640	74.38422415	298.4652104	1650.278843	888	718	2906.471767	13254.04064	30702.70879	2637.165805	1595383	1461908	127484	5991	1595383	1461908	0	44	0	32	8	4	4.7	103.4	182.2	830.8	1924.5	165.3	18.7	60.7	49.1
6660	2	111	62	4	41	328	658	2624	148	100948	100948	0	0	100948	100948	0	3	0	3	0	0	2	61.4	324.9	651.8	2599.4	146.6	110	4	40.6
6680	13	64	442.7127081	179.3701665	140	848.4981434	2163.59348	5891.439914	920.2166774	411442	408565	2877	0	411442	408565	0	41	0	40	1	0	3.2	107.6	206.2	525.9	1431.9	223.7	15.6	43.9	34.3
6690	3	120	138	16	94	1196	1508.090909	2849.090909	425	177223	177223	0	0	177223	177223	0	3	0	3	0	0	1.7	77.9	674.9	851	1607.6	239.8	67.7	9	53
6720	18	104	499	177	147	1150	2762	7870	1087	421407	421407	0	0	421407	421407	0	3	0	3	0	0	4.3	118.4	272.9	655.4	1867.6	257.9	24.7	42	34.9
6740	5	76	95	26	99	417	1163	4475	386	253340	253340	0	0	253340	253340	0	8	0	8	0	0	2	37.5	164.6	459.1	1766.4	152.4	30	10.3	39.1
6760	87	192	1382	887	386	1562	5951	22931.09091	2038.090909	1138844	1138844	0	0	1138844	1138844	0	14	0	14	0	0	7.6	121.4	137.2	522.5	2013.5	179	16.9	77.9	33.9
6780	191	864	4903	1366	1226	9664	31647	65738	16851	4224851	4224851	0	0	4224851	4224851	0	52	0	52	0	0	4.5	116.1	228.7	749.1	1556	398.9	20.5	32.3	29
6800	17	61	200	88	101	592	1353	5604	328	247358	247358	0	0	247358	247358	0	5	0	5	0	0	6.9	80.9	239.3	547	2265.5	132.6	24.7	35.6	40.8
6820	1	65	63	15	25	147	481	2119	133	144248	144248	0	0	144248	144248	0	2	0	2	0	0	0.7	43.7	101.9	333.5	1469	92.2	45.1	10.4	17.3
6840	50.05057225	244.0668239	1035.996746	424	387.1005104	2025.21347	6659.34238	22444.1256	1201.266022	1114402	1100908	11293	2201	1114402	1100908	0	42	0	38	3	1	4.5	93	181.7	597.6	2014	107.8	21.9	38.5	35.2
6880	25	0	572	241	807	1971.727273	3595.363636	8865.545455	630.1818182	402928	389120	2195	0	0	152871	11613	20	2	17	1	0	6.4	146.2	503.9	918.8	2265.6	161		157.6	527.9
6895	15.09090909	33.76729249	253.2964427	126.1655138	214.4436759	600.3893281	1748.882411	3316.895257	281.5291502	152392	100810	51582	0	152392	100810	0	14	0	12	2	0	9.9	166.2	394	1147.6	2176.6	184.7	22.2	125.2	212.7
6920	87	486	3325	1170	1303	5923	15335	36694	9177	1948278	1948278	0	0	1948278	1948278	0	16	0	16	0	0	4.5	170.7	304	787.1	1883.4	471	24.9	60.1	66.9
6960	10	283	311	110	568	1607	3085.333333	6055.666667	369	391569	389482	2087	0	391569	389482	0	25	0	24	1	0	2.6	79.4	410.4	787.9	1546.5	94.2	72.3	28.2	145.8
6980	3	108.4545455	52	16	19	195.3636364	591.6363636	3694.727273	147.0909091	195878	173468	22410	0	195878	173468	0	18	0	15	3	0	1.5	26.5	99.7	302	1886.2	75.1	55.4	9.2	11
7000	6	23	73	20	43	241	1021.028834	2823.173001	212	106492	106492	0	0	106492	106492	0	6	0	6	0	0	5.6	68.5	226.3	958.8	2651.1	199.1	21.6	18.8	40.4
7040	222.0909091	433.7272727	3645.721339	1762	2653.791837	9585.494432	19601.70632	60145.19673	8197.173785	2717079	2636222	43748	0	2084037	2044951	37109	183	13	163	7	0	8.3	136	357.7	731.4	2244.2	305.9	20.8	86.2	129.8
7080	5	108	184	30	70	616	1995	8780	880	390738	390738	0	0	390738	390738	0	17	0	17	0	0	1.3	47.1	157.7	510.6	2247	225.2	27.6	7.7	17.9
7120	44	82	574	233	241	1337	2973	6054	1378	415057	415057	0	0	415057	415057	0	13	0	13	0	0	10.6	138.3	322.1	716.3	1458.6	332	19.8	56.1	58.1
7160	41.00635008	684.8787804	1129.642527	314.7939632	496.7939632	2800.056402	10742.10978	47836.00723	4956.349553	1567370	1559389	7598	383	1567370	1559389	0	35	0	33	1	1	2.6	72.1	178.6	685.4	3052	316.2	43.7	20.2	31.9
7200	2	59	54	14	62	190	1147	3297	165	110224	110224	0	0	110224	110224	0	2	0	2	0	0	1.8	49	172.4	1040.6	2991.2	149.7	53.5	12.7	56.2
7240	98	658.7507518	2662.05939	1432.029695	1526	6536.99196	21844.97666	79241.34514	6547.780447	1997696	1997696	0	0	1997696	1997696	0	38	0	38	0	0	4.9	133.3	327.2	1093.5	3966.6	327.8	33	71.7	76.4
7320	67	675	3350	681	828	7547	14071	41222	12557	3095313	3095313	0	0	3095313	3095313	0	19	0	19	0	0	2.2	108.2	243.8	454.6	1331.8	405.7	21.8	22	26.8
7360	72	312.6	3969.2	980	421	3774	8913.8	38370.4	6380	1776095	1747689	28406	0	1776095	1747689	0	32	0	31	1	0	4.1	223.5	212.5	501.9	2160.4	359.2	17.6	56.1	24.1
7400	25	388	1446	345	297	2818	7226	26094	7128	1781642	1781642	0	0	1781642	1781642	0	16	0	16	0	0	1.4	81.2	158.2	405.6	1464.6	400.1	21.8	19.4	16.7
7460	6	82	93	13	11	536	1533	4329	318	269637	269637	0	0	269637	269637	0	8	0	8	0	0	2.2	34.5	198.8	568.5	1605.5	117.9	30.4	4.8	4.1
7480	11	131	313	58	41	1386	1975	6131	597	423895	423895	0	0	423895	423895	0	9	0	9	0	0	2.6	73.8	327	465.9	1446.3	140.8	30.9	13.7	9.7
7485	14	68	269	69	64	962	1737	5874	656	262382	262382	0	0	262382	262382	0	5	0	5	0	0	5.3	102.5	366.6	662	2238.7	250	25.9	26.3	24.4
7490	9.637323944	44.63732394	93.05457746	24.27464789	33.41725352	432.6443662	3320.565141	2491.419014	238.6038732	162120	162120	0	0	162120	162120	0	5	0	5	0	0	5.9	57.4	266.9	2048.2	1536.8	147.2	27.5	15	20.6
7500	6	126	279	87	97	1465	1902	6273	653	483878	483878	0	0	483878	483878	0	10	0	10	0	0	1.2	57.7	302.8	393.1	1296.4	135	26	18	20
7510	25	177	864	345	505	2504	7028	17801	955	702281	702281	0	0	702281	702281	0	11	0	11	0	0	3.6	123	356.6	1000.7	2534.7	136	25.2	49.1	71.9
7520	22	69	522	316	180	542	3368	8284	827	347611	347611	0	0	347611	347611	0	14	0	14	0	0	6.3	150.2	155.9	968.9	2383.1	237.9	19.8	90.9	51.8
7560	11.37232764	139.7228809	356.4703045	89	86	918.4869808	2837.010885	10646.50854	596.3375841	630926	605407	10855	14664	630926	605407	0	101	0	86	6	9	1.8	56.5	145.6	449.7	1687.4	94.5	22.1	14.7	14.2
7600	51.80211784	837.4917711	3011.051864	690.5170493	538.2942701	4373.478739	20605.30763	69847.24436	11852.17359	2723090	2723090	0	0	2723090	2723090	0	59	0	59	0	0	1.9	110.6	160.6	756.7	2565	435.2	30.8	25.4	19.8
7610	2	29	59	15	32	137	731	1550	72	116638	116638	0	0	116638	116638	0	16	0	16	0	0	1.7	50.6	117.5	626.7	1328.9	61.7	24.9	12.9	27.4
7620	2.090909091	23.63636364	24.81818182	2	0	126.9090909	340.0909091	1983	61	115507	66219	49288	0	115507	66219	0	6	0	5	1	0	1.8	21.5	109.9	294.4	1716.8	52.8	20.5	3	0
7640	11	22	58	14	38	248	854	2611	140	120877	120877	0	0	120877	120877	0	11	0	11	0	0	9.1	48	205.2	706.5	2160	115.8	18.2	11.6	31.4
7680	32.50342839	176.5730784	459.5080687	233	534	1641.345055	3818.157194	10153.03048	813.2398315	413155	405757	0	7398	413155	405757	0	15	0	12	0	3	7.9	111.2	397.3	924.1	2457.4	196.8	42.7	57.4	131.6
7720	0	23	35	10	22	283	717	2760	180	123178	122840	338	0	123178	122840	0	6	0	5	1	0	0	28.4	229.7	582.1	2240.7	146.1	18.7	8.1	17.9
7760	5.041797142	106.7690674	58.36363513	11	67	385.7586114	1272.55066	4134.912145	271.6927842	214296	213060	0	1236	214296	213060	0	10	0	8	0	2	2.4	27.2	180	593.8	1929.5	126.8	49.8	5.2	31.4
7800	7.028759826	81.18124117	413.5445375	215	135	518.9884155	3369.895953	7342.926325	531.5500461	266931	266301	0	630	266931	266301	0	6	0	5	0	1	2.6	154.9	194.4	1262.5	2750.9	199.1	30.4	80.7	50.7
7840	12	147	526	106	78	950	5024	15970	2818	471221	471221	0	0	471221	471221	0	6	0	6	0	0	2.5	111.6	201.6	1066.2	3389.1	598	31.2	22.5	16.6
7880	9	0	368	0	0	1251.586808	2743.082707	6203.211281	301.2909091	210170	197098	4801	0	0	0	8271	23	5	16	2	0	4.5	182.3	619.9	1358.6	3072.4	149.2			
7920	13	145	346	76	77	1308	3335.545455	15142.90909	1222.090909	388798	387326	1472	0	388798	387326	0	24	0	23	1	0	3.3	89	336.4	857.9	3894.8	314.3	37.3	19.6	19.9
8003	26.20950749	273.2640517	863.2908474	259	413	2601.618164	5655.028021	12603.71657	1684.006926	621570	606434	5447	9689	621570	606434	0	41	0	32	2	7	4.2	138.9	418.6	909.8	2027.7	270.9	44	42.7	68.1
8050	0	24	34	9	7	100	360	2047	47	153990	153990	0	0	153990	153990	0	6	0	6	0	0	0	22.1	64.9	233.8	1329.3	30.5	15.6	5.8	4.5
8080	6.391629102	17.67717041	55.28988056	4	5	126.6420808	552.2915065	1710.302619	106.0988572	124454	93562	18736	12156	124454	93562	0	25	0	10	6	9	5.1	44.4	101.8	443.8	1374.2	85.3	14.2	4.3	5.3
8120	63	163	1849	760	997	3449	7666	17303	3327	685306	685306	0	0	685306	685306	0	7	0	7	0	0	9.2	269.8	503.3	1118.6	2524.9	485.5	23.8	110.9	145.5
8140	10.18181818	21	114	64	147	802.3636364	1395.272727	2244.454545	245.5454545	107456	106725	731	0	107456	106725	0	3	0	2	1	0	9.5	106.1	746.7	1298.5	2088.7	228.5	19.5	60	137.7
8160	21.20778047	158.370175	522.3820872	147	229	1325.568155	4349.066649	12401.55308	697.8449943	742603	731178	2382	9043	742603	731178	0	32	0	29	1	2	2.9	70.3	178.5	585.7	1670	94	21.3	20.1	31.3
8200	29.19788216	345.5082289	1083.948136	348.4829507	455.7057299	2358.521261	8053.692366	19868.75564	4178.826412	795225	795225	0	0	795225	795225	0	21	0	21	0	0	3.7	136.3	296.6	1012.8	2498.5	525.5	43.4	43.8	57.3
8240	19.02859093	168.1897078	579.0323199	343	325	1805.366368	4022.89641	7755.609881	513.4150165	321876	321274	0	602	321876	321274	0	8	0	7	0	1	5.9	179.9	560.9	1249.8	2409.5	159.5	52.3	106.8	101.2
8280	119	740	3506	1387	1560	9556	23602	65063	5632	2783243	2783243	0	0	2783243	2783243	0	34	0	34	0	0	4.3	126	343.3	848	2337.7	202.4	26.6	49.8	56
8320	3.04660765	50.14406013	81.9605169	18	2	180.0873384	1435.984126	3979.178811	462.8210589	150950	68697	16212	66041	150950	68697	0	7	0	2	2	3	2	54.3	119.3	951.3	2636.1	306.6	33.2	26.2	2.9
8360	4	55	161	99	223	762	1549	3765	337	136027	136027	0	0	136027	136027	0	9	0	9	0	0	2.9	118.4	560.2	1138.7	2767.8	247.7	40.4	72.8	163.9
8400	24.89072527	188.6475777	1201.810989	376	358	1803.90141	9008.622975	6865.274069	1479.715486	610001	554288	10334	45379	610001	554288	0	32	0	19	5	8	4.1	197	295.7	1476.8	1125.5	242.6	30.9	67.8	64.6
8440	12.0284509	59.85566394	228.5444468	91	156	480.4546475	1916.25554	6321.166606	570.989848	177934	175344	1151	1439	177934	175344	0	5	0	3	1	1	6.8	128.4	270	1076.9	3552.5	320.9	33.6	51.9	89
8480	20	24	684	310	166	927	1871	5253	575	366513	366513	0	0	366513	366513	0	13	0	13	0	0	5.5	186.6	252.9	510.5	1433.2	156.9	6.5	84.6	45.3
8520	79	231	1331	620	1021	2567	7787	12181	4600	980263	980263	0	0	980263	980263	0	6	0	6	0	0	8.1	135.8	261.9	794.4	1242.6	469.3	23.6	63.2	104.2
8560	59.00025175	383.9785633	1482.981021	710.9787311	1015.957043	3603.336541	9627.172352	18719.98898	3112.818616	880832	877767	3065	0	880832	877767	0	42	0	40	2	0	6.7	168.4	409.1	1093	2125.3	353.4	43.6	81	115.7
8600	11	57.59497322	259	148	175.2013453	510.9084358	2486.182938	5245.574321	380.2837516	194656	194656	0	0	194656	194656	0	6	0	6	0	0	5.7	133.1	262.5	1277.2	2694.8	195.4	29.6	76	90
8640	13.05512725	112.7304897	129.2593681	48	189.0704777	620.8276003	1775.227643	5557.474601	401.3663254	209714	207906	0	1808	209714	207906	0	8	0	7	0	1	6.2	61.6	296	846.5	2650	191.4	53.8	23.1	90.9
8680	7.104269354	60.68758753	183.7045131	44	81.881233	507.1325084	1487.975578	5250.158005	191.4665122	299397	283888	10971	4538	299397	283888	0	23	0	19	2	2	2.4	61.4	169.4	497	1753.6	64	20.3	15.5	28.8
8720	37	172	877	374	189	1496	4525	8460	2361	549828	530994	18834	0	549828	530994	0	14	0	13	1	0	6.7	159.5	272.1	823	1538.7	429.4	31.3	70.4	35.6
8735	18	105	628	133	106	997	3047	11852	1126	823318	823318	0	0	823318	823318	0	11	0	11	0	0	2.2	76.3	121.1	370.1	1439.5	136.8	12.8	16.2	12.9
8750	8	44	82	26	109	363	963	2777	135	86793	86793	0	0	86793	86793	0	2	0	2	0	0	9.2	94.5	418.2	1109.5	3199.6	155.5	50.7	30	125.6
8760	10	15	280	88	61	486	1430	3652	191	156898	156898	0	0	156898	156898	0	4	0	4	0	0	6.4	178.5	309.8	911.4	2327.6	121.7	9.6	56.1	38.9
8780	35	100	444	156	338	1496	3934	9649	2174	442179	442179	0	0	442179	442179	0	9	0	9	0	0	7.9	100.4	338.3	889.7	2182.1	491.7	22.6	35.3	76.4
8800	8.997288136	119.0108063	240.9945763	107.9972881	130.9972881	905.013477	2533.002588	6715.110364	365.0107652	234906	234906	0	0	234906	234906	0	15	0	15	0	0	3.8	102.6	385.3	1078.3	2858.6	155.4	50.7	46	55.8
8840	292	1031	10080	4343	1744	10108.54545	22837.81818	106333.4242	16883.09091	5756612	5748288	8324	0	5756612	5748288	0	74	0	71	3	0	5.1	175.1	175.6	396.7	1847.2	293.3	17.9	75.6	30.3
8920	4	63	74	28	53	413	1046	2433	154	131090	131090	0	0	131090	131090	0	4	0	4	0	0	3.1	56.4	315.1	797.9	1856	117.5	48.1	21.4	40.4
8940	0	27.41071242	20.33347682	3.286400769	5	123.59	505.7270718	1800.238286	62.17956951	134063	121386	12677	0	134063	121386	0	12	0	9	3	0	0	15.2	92.2	377.2	1342.8	46.4	20.4	2.7	4.1
8960	83	345	2018	821	983	4546	11534	31827	2812	1320134	1320134	0	0	1320134	1320134	0	33	0	33	0	0	6.3	152.9	344.4	873.7	2410.9	213	26.1	62.2	74.5
9000	2.06184119	34.22549155	38.56936203	3	13	211.5772603	653.1703456	1657.695411	130.5325134	147950	107272	30033	10645	147950	107272	0	25	0	11	8	6	1.4	26.1	143	441.5	1120.4	88.2	23.1	2.8	12.1
9040	18.12728828	334.6052782	508.3721596	234	875	2725.997159	5252.075772	16123.26983	1791.559368	598929	582220	14869	1840	598929	582220	0	35	0	20	12	3	3	84.9	455.1	876.9	2692	299.1	55.9	40.2	150.3
9080	7	47	138	35	36	328	1549	4161	300	140554	140554	0	0	140554	140554	0	8	0	8	0	0	5	98.2	233.4	1102.1	2960.4	213.4	33.4	24.9	25.6
9140	2	28	66	14	19	102	463	1802	72	116111	116111	0	0	116111	116111	0	10	0	10	0	0	1.7	56.8	87.8	398.8	1552	62	24.1	12.1	16.4
9160	47	188.0305298	1606.047491	744.0101766	556.0033922	2517.926732	5222.405703	15215.68862	1602.016961	639587	639587	0	0	639587	639587	0	16	0	16	0	0	7.3	251.1	393.7	816.5	2379	250.5	29.4	116.3	86.9
9200	11.63209071	89.09029003	371.6821307	133	130	698.3692479	3822.865685	8057.763778	754.923196	310098	215911	89537	4650	310098	215911	0	18	0	10	4	4	3.8	119.9	225.2	1232.8	2598.5	243.4	28.7	61.6	60.2
9260	24	105.1818182	233.0909091	88	154	464.3636364	3357.090909	6562.818182	1218.909091	243231	240945	2286	0	243231	240945	0	13	0	12	1	0	9.9	95.8	190.9	1380.2	2698.2	501.1	43.2	36.5	63.9
9270	3	78	141	25	22	290	1291	4110	530	200849	200849	0	0	200849	200849	0	5	0	5	0	0	1.5	70.2	144.4	642.8	2046.3	263.9	38.8	12.4	11
9280	11	100	388	142	106	410	1425	7257	443	434972	434972	0	0	434972	434972	0	21	0	21	0	0	2.5	89.2	94.3	327.6	1668.4	101.8	23	32.6	24.4
9320	32.55949876	117.395316	525.0010162	184.0053759	224.001792	784.4948973	5940.242094	10683.62897	1120.713947	556976	504883	23680	28413	556976	504883	0	54	0	39	6	9	5.8	94.3	140.8	1066.5	1918.1	201.2	21.1	36.4	44.4
9340	7	54	108	19	24	440	1136	2543	495	166892	166892	0	0	166892	166892	0	5	0	5	0	0	4.2	64.7	263.6	680.7	1523.7	296.6	32.4	11.4	14.4
9360	9.682859641	49.19981545	79.77451773	18	96	633.3088839	1525.960569	3389.121853	365.1943118	195751	170246	0	25505	195751	170246	0	5	0	4	0	1	4.9	40.8	323.5	779.5	1731.3	186.6	25.1	10.6	56.4
