msa09	mmurd09	mrape09	mrobt09	mrobg09	massg09	massa09	mburg09	mlarc09	mmoto09	mpop09	mpopcm09	mpopg309	mpopl309	mpoprp09	mpopgn09	mpopna09	mct09	mctna09	mctcm09	mctg309	mctl309	mrmurd09	mrrobt09	mrassa09	mrburg09	mrlarc09	mrmoto09	mrrape09	mrrobg09	mrassg09
0	13175.33755	67592.70916	386012.4017	143736.5812	131966.5052	677838.2138	1806318.068	5312686.862	718136.563	248858431	240514008	3473157	1898004	237765222	222229660	2973262	7798	301	6844	295	358	5.4	157	275.7	734.6	2160.6	292.1	28.4	64.7	59.4
40	7	127	144	38	149	424	1377	3543	286	132845	132845	0	0	132845	132845	0	5	0	5	0	0	5.3	108.4	319.2	1036.5	2667	215.3	95.6	28.6	112.2
80	28.36413696	317.1047342	920.548594	342	187	1266.075161	6140.960365	15609.33347	1409.385986	700932	650009	7049	43874	700932	650009	0	35	0	23	3	9	4	131.3	180.6	876.1	2226.9	201.1	45.2	52.6	28.8
120	8.055444512	61.29108369	239.6731197	108	175	568.3694771	1801.995948	3837.3992	361.8211472	130089	129101	0	988	130089	129101	0	5	0	4	0	1	6.2	184.2	436.9	1385.2	2949.8	278.1	47.1	83.7	135.6
160	24.05165551	162.3145452	893.2097876	238	194	1708.29182	4198.201421	17401.90339	881.6589425	905282	897696	5426	2160	905282	897696	0	40	0	37	2	1	2.7	98.7	188.7	463.7	1922.3	97.4	17.9	26.5	21.6
200	70	428	1263	618	1062	3951	9016	23511	4292	845949	845949	0	0	845949	845949	0	12	0	12	0	0	8.3	149.3	467	1065.8	2779.2	507.4	50.6	73.1	125.5
220	8.751937085	42.12998814	212.2469189	92	96	761.9966495	1783.677122	4694.861291	304.2149755	134750	111029	15084	8637	134750	111029	0	9	0	2	2	5	6.5	157.5	565.5	1323.7	3484.1	225.8	31.3	82.9	86.5
240	23	156.8620929	765.1034882	294.2413953	89	887.3448835	3236.276277	13325.10557	1014.172558	707066	707066	0	0	707066	707066	0	59	0	59	0	0	3.3	108.2	125.5	457.7	1884.6	143.4	22.2	41.6	12.6
280	3	39	58	20	37	254	444	1815	113	125069	125069	0	0	125069	125069	0	14	0	14	0	0	2.4	46.4	203.1	355	1451.2	90.4	31.2	16	29.6
320	12	106	358	100	267	1174	2788	8265	747	237689	237689	0	0	237689	237689	0	5	0	5	0	0	5	150.6	493.9	1173	3477.2	314.3	44.6	42.1	112.3
380	14	289	543	124	262	1760	1724	8570	916	305284	305284	0	0	305284	305284	0	4	0	4	0	0	4.6	177.9	576.5	564.7	2807.2	300	94.7	40.6	85.8
440	8.088757521	259.1998516	260.1477777	116	143	1006.987919	3300.204994	9635.364434	741.5951324	633929	630280	0	3649	633929	630280	0	28	0	27	0	1	1.3	41	158.8	520.6	1519.9	117	40.9	18.4	22.7
450	6	62.86014248	172.0744906	97.80507497	111.0956324	588.49381	1832.283956	3364.558691	269.1175346	114155	114155	0	0	114155	114155	0	9	0	9	0	0	5.3	150.7	515.5	1605.1	2947.4	235.7	55.1	85.7	97.3
460	3.045883482	66.04358535	74.39706997	13	16	501.3393344	1413.534866	6699.298914	260.7810751	384204	381427	0	2777	384204	381427	0	26	0	25	0	1	0.8	19.4	130.5	367.9	1743.7	67.9	17.2	3.4	4.2
480	8.345642951	52.85026501	222.9718408	88	57	355.6088119	1967.124472	4233.115897	502.4851954	252545	242850	7523	2172	252545	242850	0	11	0	6	2	3	3.3	88.3	140.8	778.9	1676.2	199	20.9	36.2	23.5
500	10.14130494	50.83276003	169.2640844	66	68	452.3146648	2231.519669	4642.070761	352.371746	176889	144552	29819	2518	176889	144552	0	7	0	4	1	2	5.7	95.7	255.7	1261.5	2624.3	199.2	28.7	45.7	47
520	317.9838525	1154.36219	9657.329797	5422.534089	2989.060596	12630.1107	53366.32514	116454.5233	21749.4394	5334300	5226646	102619	5035	5334300	4534484	0	112	0	99	8	5	6	181	236.8	1000.4	2183.1	407.7	21.6	119.6	65.9
560	25.05920432	86.26641943	694.5416478	177	98	925.3985189	2821.617519	10267.64195	455.1066352	367692	365255	0	2437	367692	365255	0	33	0	32	0	1	6.8	188.9	251.7	767.4	2792.5	123.8	23.5	48.5	26.8
580	9.084674598	55.42337299	147.7739678	104.7417775	124.6595187	221.6083004	1760.198473	3928.995717	141.4793562	135710	135710	0	0	135710	135710	0	5	0	5	0	0	6.7	108.9	163.3	1297	2895.1	104.3	40.8	77.2	91.9
600	42	213.1818182	997.030303	182	211	837.5454545	6285.19413	15152.57121	2334.786743	515083	498579	16504	0	515083	305421	0	20	0	18	2	0	8.2	193.6	162.6	1220.2	2941.8	453.3	41.4	59.6	69.1
640	41	455	1671	669	773	3909	13403	52200	3043	1705541	1705541	0	0	1705541	1705541	0	42	0	42	0	0	2.4	98	229.2	785.9	3060.6	178.4	26.7	39.2	45.3
680	75	205	1331	343	292	3281	9413	17034	4998	814516	814516	0	0	814516	814516	0	11	0	11	0	0	9.2	163.4	402.8	1155.7	2091.3	613.6	25.2	42.1	35.8
720	300	552	6492	1145	580	12114	18064	61555	9018	2693099	2693099	0	0	2693099	2054344	0	17	0	17	0	0	11.1	241.1	449.8	670.8	2285.7	334.9	20.5	55.7	28.2
733	4	21	56	12	3	43	946	3954	127	148774	148774	0	0	148774	148774	0	13	0	13	0	0	2.7	37.6	28.9	635.9	2657.7	85.4	14.1	8.1	2
743	4	75	140	31	53	844	2714	4060	215	224302	224302	0	0	224302	224302	0	15	0	15	0	0	1.8	62.4	376.3	1210	1810.1	95.9	33.4	13.8	23.6
760	102	141	1554	1022	881	3214	8306.333333	21180.66667	1881	685893	684441	1452	0	685893	684441	0	16	0	15	1	0	14.9	226.6	468.6	1211	3088	274.2	20.6	149.3	128.7
840	19	165	639	284	222	1198	4363	9658	897	377984	377984	0	0	377984	377984	0	18	0	18	0	0	5	169.1	316.9	1154.3	2555.1	237.3	43.7	75.1	58.7
860	7	71	77	11	14	186	1253	5063	252	201195	201195	0	0	201195	201195	0	7	0	7	0	0	3.5	38.3	92.4	622.8	2516.5	125.3	35.3	5.5	7
870	3.039902545	112.6990535	97.43531357	26.99605699	59.99901425	418.3034253	995.051177	3622.523739	174.7974215	158501	156820	0	1681	158501	156820	0	19	0	18	0	1	1.9	61.5	263.9	627.8	2285.5	110.3	71.1	17.2	38.3
875	26	85	1358	305	146	1727	4316	16309	1810	1386172	1386172	0	0	1386172	1386172	0	86	0	86	0	0	1.9	98	124.6	311.4	1176.5	130.6	6.1	22	10.5
880	2	33	76	15	31	218	930	4262	311	143781	143781	0	0	143781	143781	0	3	0	3	0	0	1.4	52.9	151.6	646.8	2964.2	216.3	23	10.4	21.6
920	19.92455392	167.1977114	374.2115206	123	53	488.9013189	4709.173157	9503.688169	793.6049263	347917	307147	13757	27013	347917	235144	0	14	0	12	1	1	5.7	107.6	140.5	1353.5	2731.6	228.1	48.1	52.3	22.5
960	20	46	93.49905123	18	29	325.9981025	940.9905123	5121.489564	122.4971537	244367	244367	0	0	244367	244367	0	10	0	10	0	0	8.2	38.3	133.4	385.1	2095.8	50.1	18.8	7.4	11.9
1000	102.5491402	386.1548622	2118.043764	481	391	2710.966498	13093.96794	30952.85307	3305.047586	996793	849385	121252	26156	996793	622012	0	57	0	41	12	4	10.3	212.5	272	1313.6	3105.2	331.6	38.7	77.3	62.9
1010	3	40	13	2	1	169	310	1776	159	106952	106952	0	0	106952	106952	0	5	0	5	0	0	2.8	12.2	158	289.8	1660.6	148.7	37.4	1.9	0.9
1020	3	52	85	30	19	325	1325	3087	233	130159	130159	0	0	130159	130159	0	3	0	3	0	0	2.3	65.3	249.7	1018	2371.7	179	40	23	14.6
1040	3	0	86	0	0	445	915	2688	112	166312	157547	0	0	0	0	8765	10	6	4	0	0	1.9	54.6	282.5	580.8	1706.2	71.1			
1080	9	202	130	56	138	1120	2583	8901	481	579009	579009	0	0	579009	579009	0	9	0	9	0	0	1.6	22.5	193.4	446.1	1537.3	83.1	34.9	9.7	23.8
1123	152.9435614	1492.718142	6774.485447	1593	1767	17993.80279	28377.79019	99959.59733	10540.71775	6339989	6213890	27490	98609	6339989	6213890	0	301	0	279	5	17	2.4	106.9	283.8	447.6	1576.7	166.3	23.5	25.6	28.4
1125	7	66	117.1482275	10.14822754	43	527.2964551	1370.204617	5467.448969	321.7411377	296808	296808	0	0	296808	196773	0	8	0	8	0	0	2.4	39.5	177.7	461.6	1842.1	108.4	22.2	5.2	21.9
1145	5.939296042	75.78592084	134.5111377	56.72521688	80.15014459	461.7507229	1787.264752	4603.608576	354.5653804	308609	308609	0	0	308609	308609	0	17	0	17	0	0	1.9	43.6	149.6	579.1	1491.7	114.9	24.6	18.4	26
1150	4	166	106	34	49	783	1490	4266	346	242027	242027	0	0	242027	242027	0	5	0	5	0	0	1.7	43.8	323.5	615.6	1762.6	143	68.6	14	20.2
1240	8	95	297	58	97	937	3736	14544	794	399958	399958	0	0	399958	399958	0	13	0	13	0	0	2	74.3	234.3	934.1	3636.4	198.5	23.8	14.5	24.3
1260	4	78	156	62	160	563	1989	6189	287	177971	177971	0	0	177971	177971	0	3	0	3	0	0	2.2	87.7	316.3	1117.6	3477.5	161.3	43.8	34.8	89.9
1280	75	260	2154	725	676	3268.808379	7605.616757	24087.08379	2282	1119104	1119104	0	0	1119104	1119104	0	28	0	28	0	0	6.7	192.5	292.1	679.6	2152.4	203.9	23.2	64.8	60.4
1303	1	59	39	10	20	240	1152	5138	166	209200	209200	0	0	209200	209200	0	15	0	15	0	0	0.5	18.6	114.7	550.7	2456	79.3	28.2	4.8	9.6
1320	22.30711124	136.357411	468.5516645	163.9850711	63.99464334	566.5836872	2860.887526	6752.305769	467.6247206	408946	398271	0	10675	408946	395062	0	24	0	18	0	6	5.5	114.6	138.5	699.6	1651.1	114.3	33.3	41.5	16.2
1350	0	26	16	11	5	121	562	2232	160	74856	74856	0	0	74856	74856	0	4	0	4	0	0	0	21.4	161.6	750.8	2981.7	213.7	34.7	14.7	6.7
1360	1.102085436	65.27504687	120.8195025	45	31	329.730247	1591.132118	4902.800209	309.9272837	210159	201408	2043	6708	210159	201408	0	6	0	4	1	1	0.5	57.5	156.9	757.1	2332.9	147.5	31.1	22.3	15.4
1400	4	0	192	0	0	864	1448	2956	110	194439	92576	86242	0	0	0	15621	12	8	2	2	0	2.2	107.4	483.2	809.8	1653.1	61.5			
1440	36.026266	220.144463	1058.685105	633	743	2767.033705	5122.121662	17190.56562	2062.102898	659704	656400	2952	352	659704	656400	0	24	0	20	3	1	5.5	160.5	419.4	776.4	2605.8	312.6	33.4	96.4	113.2
1480	21.59327214	56.00970135	234.8874031	63.34166667	173	849.4523025	2198.389247	5564.076918	581.8611769	246487	233220	3668	9599	246487	233220	0	23	0	10	2	11	8.8	95.3	344.6	891.9	2257.4	236.1	22.7	27.2	74.2
1520	106.3620287	530.8525089	3303.437242	2097.455743	1920.172107	5868.311879	19052.69879	49471.19037	5509.373309	1943601	1723188	177957	42456	1943601	1723188	0	48	0	41	2	5	5.5	170	301.9	980.3	2545.3	283.5	27.3	121.7	111.4
1540	0	65	121	52	60	228	591	4085	288	182007	182007	0	0	182007	182007	0	4	0	4	0	0	0	66.5	125.3	324.7	2244.4	158.2	35.7	28.6	33
1560	24	122	632.6666667	402.6666667	579	2220	5281	15532	1510.333333	509901	509901	0	0	509901	509901	0	27	0	27	0	0	4.7	124.1	435.4	1035.7	3046.1	296.2	23.9	79	113.6
1580	4	40	30	16	28	106	334	2404	146	89355	89355	0	0	89355	89355	0	3	0	3	0	0	4.5	33.6	118.6	373.8	2690.4	163.4	44.8	17.9	31.3
1600	571.0909091	0	18611.05455	0	0	19764.15887	41616.12857	142436.0242	19690.86407	8721764	6093878	420653	0	0	0	2207233	313	157	137	19	0	8.8	285.7	303.4	638.8	2186.4	302.3			
1620	10	87	187	45	26	648	1733	3765	840	221473	221473	0	0	221473	221473	0	6	0	6	0	0	4.5	84.4	292.6	782.5	1700	379.3	39.3	20.3	11.7
1640	83.00992702	561.992432	3222.125101	1377.691037	622.1947034	2412.120106	13762.62308	40239.51296	2972.21135	1778640	1620500	83798	74342	1778640	1620500	0	112	0	85	12	15	4.7	181.2	135.6	773.8	2262.4	167.1	31.6	85	38.4
1660	20.04563997	94.7880502	187.7632243	108	292	816.6410331	2591.817778	4667.731388	379.9802902	238416	236479	0	1937	238416	236479	0	7	0	5	0	2	8.4	78.8	342.5	1087.1	1957.8	159.4	39.8	45.7	123.5
1680	125.8646256	748.2115085	4730.575604	1923.567862	903	3327.312423	17861.63669	35836.17539	5701.906393	2193950	1695124	96129	402697	2193950	1695124	0	116	0	76	9	31	5.7	215.6	151.7	814.1	1633.4	259.9	34.1	113.5	53.3
1720	22.02607884	428.6689496	555.3415691	223	310	1845.499476	4100.644784	12389.15713	1361.391599	606262	603054	2343	865	606262	603054	0	8	0	6	1	1	3.6	91.6	304.4	676.4	2043.5	224.6	70.7	37	51.4
1740	3	36	174	52	54	445	916	4034	186	156576	155664	912	0	156576	155664	0	6	0	5	1	0	1.9	111.1	284.2	585	2576.4	118.8	23	33.4	34.7
1760	38.90956304	245.8191261	983.8191261	566.8191261	950.5478152	3610.467765	6132.798102	17722.74472	2314.210387	624852	624852	0	0	624852	624852	0	17	0	17	0	0	6.2	157.4	577.8	981.5	2836.3	370.4	39.3	90.7	152.1
1800	15.67031078	63.94674068	683.1060246	487.6884967	366.5688857	715.8107156	4710.925623	11085.09714	1756.602665	280697	240294	26182	14221	280697	240294	0	11	0	8	1	2	5.6	243.4	255	1678.3	3949.1	625.8	22.8	203	152.6
1840	102.3745915	848.9075354	3940.663445	1810.989617	647.9896167	1742.16588	20484.38011	50036.59921	5103.785275	1713380	1668551	31921	12908	1713380	1668551	0	71	0	55	6	10	6	230	101.7	1195.6	2920.3	297.9	49.5	108.5	38.8
1880	14.99040023	248.0936568	504.4048967	114.7908109	345.491224	1919.935356	4029.113124	15033.27474	719.2062487	391994	391994	0	0	391994	391994	0	16	0	16	0	0	3.8	128.7	489.8	1027.9	3835.1	183.5	63.3	29.3	88.1
1890	1	16.28931396	26.51259886	6.676108148	1.257862792	66.0943535	400.9843664	1854.029244	87.7987861	82116	82116	0	0	82116	82116	0	4	0	4	0	0	1.2	32.3	80.5	488.3	2257.8	106.9	19.8	8.1	1.5
1900	2.097838295	37.75216102	47.9466447	8	45	380.9560157	771.882735	1954.674864	67.08021943	99133	97550	0	1583	99133	97550	0	11	0	9	0	2	2.1	48.4	384.3	778.6	1971.8	67.7	38.1	8.2	46.1
1920	241.4573947	1251.293123	7756.020881	4292.447589	2869.856563	8490.910206	42275.53213	106658.7329	18254.6664	4401280	4363444	37061	775	4401280	4363444	0	118	0	115	1	2	5.5	176.2	192.9	960.5	2423.4	414.8	28.4	98.4	65.8
1950	10	13	93	57	35	121	726	2118	106	105723	105723	0	0	105723	105723	0	5	0	5	0	0	9.5	88	114.5	686.7	2003.3	100.3	12.3	53.9	33.1
1960	4	55	355	45	59	1168	2338	8284	479	360389	326795	3007	0	165131	162124	30587	26	12	13	1	0	1.2	107.6	354.2	708.9	2511.8	145.2	33.3	27.8	36.4
2000	52.6564927	363.2744163	1452.440742	518	308.0161459	1409.590006	9001.203372	22656.27351	1922.475445	935940	901637	11681	22622	935940	901637	0	49	0	42	4	3	5.6	155.2	150.6	961.7	2420.7	205.4	38.8	57.5	34.2
2020	22	160	750	260	371	2126	5450	13664	1536	596474	596474	0	0	596474	596474	0	18	0	18	0	0	3.7	125.7	356.4	913.7	2290.8	257.5	26.8	43.6	62.2
2030	2	35	86.4	28	57	279.6	1182.2	3498.2	152.6	151530	110751	40779	0	151530	110751	0	13	0	12	1	0	1.3	57	184.5	780.2	2308.6	100.7	23.1	25.3	51.5
2040	3	0	151	0	0	448	1465	1840	168	107232	99872	0	0	0	0	7360	6	3	3	0	0	3	151.2	448.6	1466.9	1842.4	168.2			
2080	85.98203787	1208.391422	2145.47946	796.8492146	1179.17068	5274.630446	13406.38328	47739.51481	8538.014458	2439190	2439190	0	0	2439190	2439190	0	39	0	39	0	0	3.5	88	216.2	549.6	1957.2	350	49.5	32.7	48.3
2120	7	250	291	72	146	1017	3051	11482	970	537870	537870	0	0	537870	537870	0	24	0	24	0	0	1.3	54.1	189.1	567.2	2134.7	180.3	46.5	13.4	27.1
2160	446.4856245	1454.791966	8693.222631	4826	5375	18715.97719	37455.97951	76902.00324	22550.99874	4372719	4352754	0	19965	4372719	4352754	0	130	0	127	0	3	10.2	198.8	428	856.6	1758.7	515.7	33.3	110.9	123.5
2180	7.024812491	69.19223384	210.7662412	96.07576929	77.01894232	560.9482094	1405.561586	3530.374909	233.5607473	148486	120189	0	28297	148486	120189	0	20	0	16	0	4	4.7	141.9	377.8	946.6	2377.6	157.3	46.6	79.9	64.1
2190	4.42176011	82.24177856	188.8545434	79.08220415	130.2417786	734.022722	1358.681423	4058.76834	250.1740801	159218	159218	0	0	159218	159218	0	10	0	10	0	0	2.8	118.6	461	853.3	2549.2	157.1	51.7	49.7	81.8
2200	2	18	17	3	2	322.9497868	595.4476551	1490.342965	94	92984	92984	0	0	92984	92984	0	3	0	3	0	0	2.2	18.3	347.3	640.4	1602.8	101.1	19.4	3.2	2.2
2240	4.028288563	83.04772456	153.1629743	32	46	360.8749562	1478.654417	6546.623498	396.5821703	240645	233179	4555	2911	240645	233179	0	18	0	16	1	1	1.7	63.6	150	614.5	2720.4	164.8	34.5	13.7	19.7
2281	4.075211377	37.45798356	279.6350843	70	45	591.0841548	887.4179356	4107.303316	165.7331277	294145	271497	19503	3145	294145	271497	0	14	0	12	1	1	1.4	95.1	200.9	301.7	1396.4	56.3	12.7	25.8	16.6
2290	1	39	21	6	2	132	546	2575	128	159822	159822	0	0	159822	159822	0	11	0	11	0	0	0.6	13.1	82.6	341.6	1611.2	80.1	24.4	3.8	1.3
2320	16	231	510	131	304	2515	2785	16940	2138	749958	749958	0	0	749958	749958	0	6	0	6	0	0	2.1	68	335.4	371.4	2258.8	285.1	30.8	17.5	40.5
2330	8	55	155	65	6.949972207	41.84991662	1340.499722	3656.897165	345.8999444	201289	201289	0	0	201289	201289	0	4	0	4	0	0	4	77	20.8	666	1816.7	171.8	27.3	32.3	3.5
2335	4	13	29	11	11	115	384	1533	45	87431	87431	0	0	87431	87431	0	5	0	5	0	0	4.6	33.2	131.5	439.2	1753.4	51.5	14.9	12.6	12.6
2340	2	40	32	12	20	184	595	1857	97	58573	58573	0	0	58573	58573	0	3	0	3	0	0	3.4	54.6	314.1	1015.8	3170.4	165.6	68.3	20.5	34.1
2360	9	121	165	67	78	408	1739	4665	218	279714	279714	0	0	279714	279714	0	12	0	12	0	0	3.2	59	145.9	621.7	1667.8	77.9	43.3	24	27.9
2400	4	114	271	39	92	668	3211	9574	1453	348528	348528	0	0	348528	348528	0	10	0	10	0	0	1.1	77.8	191.7	921.3	2747	416.9	32.7	11.2	26.4
2440	4.632182826	98.11497327	182.5064246	50	9	479.5721854	1733.817071	6854.148104	368.1751344	305307	279292	0	26015	305307	279292	0	8	0	6	0	2	1.5	59.8	157.1	567.9	2245	120.6	32.1	17.9	3.2
2520	2	91	46	9	6	292	1011	3784	323	199348	199348	0	0	199348	199348	0	6	0	6	0	0	1	23.1	146.5	507.2	1898.2	162	45.6	4.5	3
2560	34	119.6666667	648	308	353	1112	6061.333333	12213.33333	1110.5	314288	292734	21554	0	314288	292734	0	4	0	2	2	0	10.8	206.2	353.8	1928.6	3886	353.3	38.1	105.2	120.6
2580	6.039890765	238.3761792	97.73473223	43	92	947.9245497	2454.744479	7881.444997	457.4996145	419095	418402	0	693	419095	418402	0	25	0	24	0	1	1.4	23.3	226.2	585.7	1880.6	109.2	56.9	10.3	22
2620	6.400476698	67.27587321	60.97529372	14	30.28565354	328.2565194	683.2845766	3814.755705	150.6546592	135059	128119	0	6940	135059	128119	0	9	0	8	0	1	4.7	45.1	243	505.9	2824.5	111.5	49.8	10.9	23.6
2640	44.02777777	235.7556706	847.0760453	412	829	2161.655682	5776.653985	9282.805082	1192.481019	426176	417375	7659	1142	426176	417375	0	26	0	23	1	2	10.3	198.8	507.2	1355.5	2178.2	279.8	55.3	98.7	198.6
2650	6	34.4	89.8	33	29	301.4	1199.4	3105.8	134	144517	123225	21292	0	144517	123225	0	13	0	12	1	0	4.2	62.1	208.6	829.9	2149.1	92.7	23.8	26.8	23.5
2655	11	41	204	113	214	694	1586	4588	434	134346	134346	0	0	134346	134346	0	8	0	8	0	0	8.2	151.8	516.6	1180.5	3415.1	323	30.5	84.1	159.3
2670	6	140.20715	107.3401987	40.17942447	62.95362425	549.9676845	1352.646676	6510.405575	398.081032	298107	298107	0	0	298107	298107	0	7	0	7	0	0	2	36	184.5	453.7	2183.9	133.5	47	13.5	21.1
2680	75	432	3340	1118	968	5605	15884	47701	5050	1749470	1749470	0	0	1749470	1749470	0	31	0	31	0	0	4.3	190.9	320.4	907.9	2726.6	288.7	24.7	63.9	55.3
2700	40	121	725	325	453	1675	5858	10844	1238	607216	607216	0	0	607216	607216	0	4	0	4	0	0	6.6	119.4	275.8	964.7	1785.9	203.9	19.9	53.5	74.6
2710	17	114	394	148	215	1176	3363	7770	426	410941	410941	0	0	410941	410941	0	7	0	7	0	0	4.1	95.9	286.2	818.4	1890.8	103.7	27.7	36	52.3
2720	7.233560956	95.64142906	161.7578015	28	109	802.1489166	2155.639409	5610.771211	335.2878829	225714	194237	0	31477	225714	194237	0	14	0	12	0	2	3.2	71.7	355.4	955	2485.8	148.5	42.4	14.4	56.1
2750	5	60	138	53	63	325	1038	3876	262	179103	179103	0	0	179103	179103	0	6	0	6	0	0	2.8	77.1	181.5	579.6	2164.1	146.3	33.5	29.6	35.2
2760	25.86014449	120.6926632	530.0962157	303	65	489.96543	3184.556371	9686.830655	644.704976	527923	480971	0	46952	527923	480971	0	17	0	14	0	3	4.9	100.4	92.8	603.2	1834.9	122.1	22.9	63	13.5
2800	74.56840187	772.0614709	2637.044471	1186.683871	1478.800739	5600.58766	21951.11607	59974.3663	5506.671254	2114799	2114799	0	0	2114799	2114799	0	55	0	55	0	0	3.5	124.7	264.8	1038	2835.9	260.4	36.5	56.1	69.9
2840	74	214	1631	506	740	3524	9126	23479	6043	1069566	1058914	10652	0	1069566	1058914	0	17	0	16	1	0	6.9	152.5	329.5	853.2	2195.2	565	20	47.8	69.9
2880	3	56.48488252	113.1767641	65.27156094	29.2504191	193.4687493	867.2926952	2660.148201	206.0495435	103760	103760	0	0	103760	103760	0	9	0	9	0	0	2.9	109.1	186.5	835.9	2563.8	198.6	54.4	62.9	28.2
2900	5.042435432	149.2599378	375.57294	182	206	1501.445424	2866.306694	7279.303311	688.2169601	241882	241070	0	812	241882	241070	0	5	0	4	0	1	2.1	155.3	620.7	1185	3009.4	284.5	61.7	75.5	85.5
2920	18.97590941	149.4444926	359.7741085	120.3175706	159.8795471	728.2371154	3066.323192	7135.030162	643.9947856	293050	293050	0	0	293050	293050	0	12	0	12	0	0	6.5	122.8	248.5	1046.3	2434.7	219.8	51	41.1	54.6
2960	84.89955676	140.6731211	834.5364125	368	283	1281.90779	4729.355892	14044.92167	2388.811464	659884	642862	0	17022	659884	642862	0	25	0	22	0	3	12.9	126.5	194.3	716.7	2128.4	362	21.3	57.2	44
2975	0	15	11	2	6	111	336	1682	55	129238	129238	0	0	129238	129238	0	10	0	10	0	0	0	8.5	85.9	260	1301.5	42.6	11.6	1.5	4.6
2980	14.17819554	11.89366531	133.7128156	89.97071608	192.9267902	359.6013245	1695.857074	3029.898247	296.937385	113890	110905	0	2985	113890	110905	0	6	0	3	0	3	12.4	117.4	315.7	1489	2660.4	260.7	10.4	81.1	174
2985	0	47	33	11	1	140	438	1759	111	97848	97848	0	0	97848	97848	0	9	0	9	0	0	0	33.7	143.1	447.6	1797.7	113.4	48	11.2	1
2995	2.099491512	74.16477868	69.30309615	18	50	294.699904	822.6881129	3393.863028	292.9088252	146602	143302	0	3300	146602	143302	0	6	0	4	0	2	1.4	47.3	201	561.2	2315	199.8	50.6	12.6	34.9
3000	23.1848081	507.1896788	1037.497479	385	368.0017472	2495.454606	7383.831369	23154.28737	1396.084358	1155155	1147629	0	7526	1155155	1147629	0	37	0	35	0	2	2	89.8	216	639.2	2004.4	120.9	43.9	33.5	32.1
3040	7	16	40	2	33	165	299	2269	133	82193	82193	0	0	82193	82193	0	2	0	2	0	0	8.5	48.7	200.7	363.8	2760.6	161.8	19.5	2.4	40.1
3060	7.176274226	73.25483848	91.10561614	34.8231334	92.87569548	539.7663828	1302.728539	4342.527243	440.5655669	258356	253105	0	5251	258356	253105	0	20	0	19	0	1	2.8	35.3	208.9	504.2	1680.8	170.5	28.4	13.8	36.7
3080	2	97.91171571	91.9705719	29.9705719	22	365	1015.764575	3698.61688	186.9705719	246941	246941	0	0	246941	246941	0	7	0	7	0	0	0.8	37.2	147.8	411.3	1497.8	75.7	39.6	12.1	8.9
3120	59.43860522	369.8192112	2253.246881	1198	984	3889.67815	17911.14787	37162.71824	3112.105515	1405466	1389171	9754	6541	1405466	1389171	0	41	0	34	1	6	4.2	160.3	276.8	1274.4	2644.2	221.4	26.3	86.2	70.8
3150	12.03914209	21.91957105	256.119571	35.91957105	41	585.5978552	2175.636997	4876.698123	238.5587131	158981	77167	81814	0	158981	77167	0	7	0	6	1	0	7.6	161.1	368.3	1368.5	3067.5	150.1	13.8	46.5	53.1
3160	56.04417464	401.969211	1248.579169	652.7043052	1173.719033	4789.194626	9746.436538	26139.18448	2936.127106	1091808	1090297	919	592	1091808	1090297	0	37	0	35	1	1	5.1	114.4	438.6	892.7	2394.1	268.9	36.8	59.9	107.7
3180	2	25	96	27	30	272	625	2057	182	147664	147664	0	0	147664	147664	0	5	0	5	0	0	1.4	65	184.2	423.3	1393	123.3	16.9	18.3	20.3
3200	8.491653108	183.2705667	403.3483048	129.3089626	72.78915073	630.3211032	3332.785191	10936.84599	609.2983268	367392	345549	10721	11122	367392	345549	0	13	0	10	2	1	2.3	109.8	171.6	907.1	2976.9	165.8	49.9	37.4	21.1
3240	35.12938034	182.0573803	753.8960269	353.589385	151	977.4947297	2375.848734	10901.23638	514.7127542	665199	580779	83079	1341	665199	580779	0	62	0	56	5	1	5.3	113.3	146.9	357.2	1638.8	77.4	27.4	60.9	26
3283	46	196	1138	403	245	1615	5049	20356	2429	1007503	1007503	0	0	1007503	1007503	0	33	0	33	0	0	4.6	113	160.3	501.1	2020.4	241.1	19.5	40	24.3
3285	10	55	81	48	33	97	895	2278	136	130577	130577	0	0	130577	130577	0	6	0	6	0	0	7.7	62	74.3	685.4	1744.6	104.2	42.1	36.8	25.3
3290	17.10105153	58.45117374	243.4088693	79	204	683.932311	4078.617519	7526.395032	668.5723522	365928	362544	1877	1507	365928	362544	0	24	0	21	1	2	4.7	66.5	186.9	1114.6	2056.8	182.7	16	21.8	56.3
3320	14	243	869	100	125	1411	5999	23647	3729	907124	907124	0	0	907124	907124	0	1	0	1	0	0	1.5	95.8	155.5	661.3	2606.8	411.1	26.8	11	13.8
3350	14	55	251	99	123	576	1239	5018	391	203180	203180	0	0	203180	203180	0	5	0	5	0	0	6.9	123.5	283.5	609.8	2469.7	192.4	27.1	48.7	60.5
3360	434.1025026	1485.953613	15669.13601	8682.957213	5621.970308	21749.33348	55432.83847	143548.9205	23801.46683	5204864	5204332	0	532	5204864	5173168	0	63	0	62	0	1	8.3	301	417.9	1065	2758	457.3	28.5	167.8	108.7
3400	8.216902466	91.64322751	276.8423788	79	55	310.3058958	2885.168792	6202.411525	477.4383895	311937	270760	34007	7170	311937	270760	0	31	0	21	3	7	2.6	88.7	99.5	924.9	1988.4	153.1	29.4	29.2	20.3
3440	21	128	551	56	85	936	3837	9524.714286	1194	403391	401860	1531	0	403391	223259	0	12	0	11	1	0	5.2	136.6	232	951.2	2361.2	296	31.7	25.1	38.1
3480	110.1314389	611.2306596	4243.567456	2132.99732	1102	6131.857402	19308.95387	45886.8694	5684.742838	1821732	1564001	0	257731	1821732	1564001	0	38	0	30	0	8	6	232.9	336.6	1059.9	2518.9	312.1	33.6	136.4	70.5
3500	2	39	72	17	8	276	488	2130	116	129899	129899	0	0	129899	129899	0	4	0	4	0	0	1.5	55.4	212.5	375.7	1639.7	89.3	30	13.1	6.2
3520	8.053317755	103.9269806	105.8909095	16	79	459.6591652	908.4954138	3062.015912	201.9749207	159695	157503	0	2192	159695	157503	0	12	0	11	0	1	5	66.3	287.8	568.9	1917.4	126.5	65.1	10.2	50.2
3560	42.64360709	203.4133057	1078.017909	770	326	699.622575	6380.344119	11431.72166	2026.116852	484775	472543	1627	10605	484775	446099	0	19	0	14	1	4	8.8	222.4	144.3	1316.1	2358.1	417.9	42	172.6	73.1
3580	16.00306816	35.00306816	193.0552268	105.0245453	210.058295	562.2393162	1512.362043	3812.06465	389.0368179	113615	113615	0	0	113615	113615	0	5	0	5	0	0	14.1	169.9	494.9	1331.1	3355.2	342.4	30.8	92.4	184.9
3600	119	319	2721	1688	2039	5996	14679	38591	3437	1298597	1298597	0	0	1298597	1298597	0	12	0	12	0	0	9.2	209.5	461.7	1130.4	2971.7	264.7	24.6	130	157
3605	11	96	99.15384615	48.15384615	85.15384615	355.3846154	1982.692308	3848.538462	247.1538462	168113	168113	0	0	168113	168113	0	7	0	7	0	0	6.5	59	211.4	1179.4	2289.3	147	57.1	28.6	50.7
3610	1	35	45	5	17	175	667.4545455	2613.909091	60	133112	133112	0	0	133112	133112	0	9	0	9	0	0	0.8	33.8	131.5	501.4	1963.7	45.1	26.3	3.8	12.8
3620	6	40	108.1356701	29	10	244.1587441	861.7161755	3561.843523	180.3853233	161011	150321	10690	0	161011	150321	0	8	0	6	2	0	3.7	67.2	151.6	535.2	2212.2	112	24.8	19.3	6.7
3640	30	73	1367	315	168	1454	2786	8823	1639	593591	593591	0	0	593591	593591	0	12	0	12	0	0	5.1	230.3	244.9	469.3	1486.4	276.1	12.3	53.1	28.3
3660	21	134	218	55	332	1459.53285	4068.59855	11192.21658	715	504472	504472	0	0	504472	504472	0	28	0	28	0	0	4.2	43.2	289.3	806.5	2218.6	141.7	26.6	10.9	65.8
3680	8.133028456	35.37257129	86.02968522	12	10	245.6428763	805.6538078	2717.666068	154.2684764	221201	185674	30890	4637	221201	185674	0	55	0	45	5	5	3.7	38.9	111	364.2	1228.6	69.7	16	6.5	5.4
3700	1.08047228	35.75887231	79.6821871	25	36	236.299741	1530.457694	2164.461336	126.0251963	94212	91206	1608	1398	94212	91206	0	7	0	5	1	1	1.1	84.6	250.8	1624.5	2297.4	133.8	38	27.4	39.5
3710	2	78	83	20	39	452.4	1461.2	5146.8	432.2	174719	174719	0	0	174719	174719	0	16	0	16	0	0	1.1	47.5	258.9	836.3	2945.8	247.4	44.6	11.4	22.3
3720	25.07776725	293.375447	467.8469904	111	261.9982528	1567.47975	4802.264253	11383.08108	759.5125387	458418	455149	0	3269	458418	455149	0	28	0	25	0	3	5.5	102.1	341.9	1047.6	2483.1	165.7	64	24.4	57.6
3740	2	0	116	0	0	224	463	1842	96	113072	78618	0	0	0	0	34454	11	7	4	0	0	2.5	147.5	284.9	588.9	2343	122.1			
3760	162.0041173	689.5847749	2983.184976	1606	2995.515391	6932.76159	15851.4346	47307.72886	7425.561851	1997894	1984754	12981	159	1997894	1984754	0	125	0	115	9	1	8.1	149.3	347	793.4	2367.9	371.7	34.5	80.9	150.9
3800	5	44	120	41	7	171	842	3377	183	166062	166062	0	0	166062	166062	0	5	0	5	0	0	3	72.3	103	507	2033.6	110.2	26.5	24.7	4.2
3810	13	157.9397266	295.4575391	155.7589062	155.0958984	800.2876953	3321.134316	7930.537168	415.3369922	363505	363505	0	0	363505	363505	0	13	0	13	0	0	3.6	81.3	220.2	913.6	2181.7	114.3	43.4	42.8	42.7
3840	36	274.9831796	974.6536541	479.9663592	678.8164614	2481.599282	8362.408861	19643.0914	1665.589974	791852	791852	0	0	791852	791852	0	23	0	23	0	0	4.5	123.1	313.4	1056.1	2480.7	210.3	34.7	60.6	85.7
3850	1	23	43.00535954	15.00267977	33	132	753.1219294	2466.296114	95.01339884	99224	99224	0	0	99224	99224	0	5	0	5	0	0	1	43.3	133	759	2485.6	95.8	23.2	15.1	33.3
3870	1.039230824	36.54390257	37.61282277	7	5	189.1688323	592.7310735	2663.873542	118.0586938	132407	123462	4908	4037	132407	123462	0	13	0	10	1	2	0.8	28.4	142.9	447.7	2011.9	89.2	27.6	5.7	4
3880	25.26727913	139.951357	516.6926243	160	226	2332.154898	4018.781055	12344.02618	945.4973304	416898	301289	56420	59189	416898	301289	0	24	0	9	6	9	6.1	123.9	559.4	964	2960.9	226.8	33.6	53.1	75
3920	0.864149461	50.48918322	102.9248865	29	21	353.7699556	1185.343058	4632.598584	333.0870081	200404	184052	0	16352	200404	184052	0	6	0	5	0	1	0.4	51.4	176.5	591.5	2311.6	166.2	25.2	15.8	11.4
3960	17	113	259	111	150	930	3642	3969	500	187021	187021	0	0	187021	187021	0	7	0	7	0	0	9.1	138.5	497.3	1947.4	2122.2	267.3	60.4	59.4	80.2
3980	25.33911764	186.0772618	605.5699604	290	426	1923.533692	6847.381945	13930.19974	1124.716569	587062	580573	0	6489	587062	580573	0	12	0	10	0	2	4.3	103.2	327.7	1166.4	2372.9	191.6	31.7	50	73.4
4000	12	91.36363636	347.5435461	111	48	391.5454545	1723.632547	7770.041291	433.0909091	507174	486336	20838	0	507174	486336	0	41	0	39	2	0	2.4	68.5	77.2	339.9	1532	85.4	18	22.8	9.9
4040	14.26768334	223.6539332	362.4933663	118	188	1263.410562	2933.765996	8535.046543	475.9738506	452842	441837	0	11005	452842	441837	0	26	0	23	0	3	3.2	80	279	647.9	1884.8	105.1	49.4	26.7	42.5
4080	17	77	310	76	241	991	2282	10310	1524	242446	242446	0	0	242446	242446	0	2	0	2	0	0	7	127.9	408.8	941.2	4252.5	628.6	31.8	31.3	99.4
4100	7.310997728	67.36964656	114.1994926	33	146	658.6079878	1591.037983	4690.542505	404.7366991	205347	201503	1646	2198	205347	201503	0	5	0	3	1	1	3.6	55.6	320.7	774.8	2284.2	197.1	32.8	16.4	72.5
4120	142	855	5495	2145	1542	9572	19136	38594	11328	2148269	2148269	0	0	2148269	2148269	0	11	0	11	0	0	6.6	255.8	445.6	890.8	1796.5	527.3	39.8	99.8	71.8
4150	0	71.6	87.4	30	70	333.8	845.6	4123	172	116602	116602	0	0	116602	116602	0	4	0	4	0	0	0	75	286.3	725.2	3536	147.5	61.4	25.7	60
4200	11	86	182	71	129	862	1603	3442	280	112142	112142	0	0	112142	112142	0	4	0	4	0	0	9.8	162.3	768.7	1429.4	3069.3	249.7	76.7	63.3	115
4243	0	37	58	10	1	67	491	1945	73	107004	107004	0	0	107004	107004	0	7	0	7	0	0	0	54.2	62.6	458.9	1817.7	68.2	34.6	9.3	0.9
4280	16.03343476	169.5773068	702.2916961	272	231	1311.934758	4272.855151	13478.89718	832.1832895	554475	553056	0	1419	554475	553056	0	19	0	17	0	2	2.9	126.7	236.6	770.6	2430.9	150.1	30.6	49.2	41.8
4320	6.625499236	86.5009263	181.5204791	69	78	336.6234539	1624.855036	3497.13194	267.3974832	151823	120553	9716	21554	151823	120553	0	21	0	11	3	7	4.4	119.6	221.7	1070.2	2303.4	176.1	57	57.2	64.7
4360	5	134	198	68	51	856	1710	8495	309	282636	282636	0	0	282636	282636	0	2	0	2	0	0	1.8	70.1	302.9	605	3005.6	109.3	47.4	24.1	18
4400	49.28582132	359.5711741	1242.048249	679	1302	3690.615255	10193.99623	23297.18482	2390.26873	657123	599612	0	57511	657123	599612	0	24	0	22	0	2	7.5	189	561.6	1551.3	3545.3	363.7	54.7	113.2	217.1
4420	23.03921077	98.30239434	263.5015713	115.8949066	232.4528692	908.958261	2749.058079	6786.344353	830.107196	220918	219740	0	1178	220918	219740	0	15	0	14	0	1	10.4	119.3	411.4	1244.4	3071.9	375.8	44.5	52.7	105.8
4480	699	2114	24528	8008	7105	27406	50558	144589	46710	9863786	9863786	0	0	9863786	9863786	0	89	0	89	0	0	7.1	248.7	277.8	512.6	1465.9	473.6	21.4	81.2	72
4520	74.7367978	330.722061	1867.05296	934	560	2482.710622	10231.99455	27578.33437	2528.714627	1095653	1069219	3172	23262	1095653	1069219	0	38	0	31	1	6	6.8	170.4	226.6	933.9	2517.1	230.8	30.2	87.4	52.4
4600	14	118.2510107	325.2510107	85	280.2510107	1851.255053	4241.008085	9552.263139	607.2510107	267182	267182	0	0	267182	267182	0	9	0	9	0	0	5.2	121.7	692.9	1587.3	3575.2	227.3	44.3	31.8	104.9
4640	5	60	111	41	86	487	853	3455	270	234058	234058	0	0	234058	234058	0	8	0	8	0	0	2.1	47.4	208.1	364.4	1476.1	115.4	25.6	17.5	36.7
4680	30.07401955	71.38860261	539.7336486	282	315	980.5892293	4271.194811	11421.05815	1169.402652	354945	290066	63560	1319	354945	290066	0	17	0	12	3	2	8.5	152.1	276.3	1203.3	3217.7	329.5	20.1	97.2	108.6
4720	12	62.93755421	461.0461481	192	53.93755421	625.7732909	2323.613478	10643.02693	530.9443306	488875	488875	0	0	488875	488875	0	22	0	22	0	0	2.5	94.3	128	475.3	2177	108.6	12.9	39.3	11
4800	3.380453512	54.18763067	98.8178372	25	28	160.3383417	1805.092242	4192.530751	124.8218577	168441	149602	5729	13110	168441	149602	0	14	0	9	3	2	2	58.7	95.2	1071.6	2489	74.1	32.2	16.7	18.7
4880	40	212	691	316	396	2093	7935	26750	2626	746767	746767	0	0	746767	746767	0	21	0	21	0	0	5.4	92.5	280.3	1062.6	3582.1	351.6	28.4	42.3	53
4890	2	63	42	11	70	350	713	4432	214	203007	203007	0	0	203007	203007	0	10	0	10	0	0	1	20.7	172.4	351.2	2183.2	105.4	31	5.4	34.5
4900	26	174	598	248	573	2819	4137	12873	965	538696	538696	0	0	538696	538696	0	13	0	13	0	0	4.8	111	523.3	768	2389.7	179.1	32.3	46	106.4
4920	154	551	4516	2902	3383	9385	18845	40168	5236	1223702	1223702	0	0	1223702	1223702	0	29	0	29	0	0	12.6	369	766.9	1540	3282.5	427.9	45	237.1	276.5
4940	26	78	276	75	205	1278	2318	5089	903	249432	249432	0	0	249432	249432	0	7	0	7	0	0	10.4	110.7	512.4	929.3	2040.2	362	31.3	30.1	82.2
5000	185	536	6629	2934	2163	11095	23014	77735	11191	2310927	2310927	0	0	2310927	2310927	0	32	0	32	0	0	8	286.9	480.1	995.9	3363.8	484.3	23.2	127	93.6
5015	15	93	702	191	80	1041	3671	15146	1241	1249958	1249958	0	0	1249958	1249958	0	62	0	62	0	0	1.2	56.2	83.3	293.7	1211.7	99.3	7.4	15.3	6.4
5080	81.06944482	301.0265833	3525.379614	2097.942259	1689	3849.555556	9435.219728	41422.56874	5629.786177	1553875	1539510	10162	4203	1553875	1539510	0	55	0	51	2	2	5.2	226.9	247.7	607.2	2665.8	362.3	19.4	136.3	109.7
5120	55	1308.195353	3246.453239	1053	946.0960892	5136.146484	17691.65641	72768.15658	6626.003126	3260551	3166759	93792	0	3260551	3166759	0	119	0	113	6	0	1.7	99.6	157.5	542.6	2231.8	203.2	40.1	33.3	29.9
5140	1	40	35	13	32	204	403	2300	146	108586	108586	0	0	108586	108586	0	2	0	2	0	0	0.9	32.2	187.9	371.1	2118.1	134.5	36.8	12	29.5
5160	44	106.1272727	1289.509091	243	182	1911.090909	6677.345455	15876.83636	1745.454545	588179	457493	130686	0	588179	211322	0	24	0	18	6	0	7.5	219.2	324.9	1135.3	2699.3	296.8	18	115	86.1
5170	46	122	706	244	280	1847	5748	12428	3401	516191	516191	0	0	516191	516191	0	10	0	10	0	0	8.9	136.8	357.8	1113.5	2407.6	658.9	23.6	47.3	54.2
5190	15	116	708	147	123	1201	4602	18775	699	1220380	1220380	0	0	1220380	1220380	0	82	0	82	0	0	1.2	58	98.4	377.1	1538.5	57.3	9.5	12	10.1
5200	10.18169419	36.73434734	161.530419	61	101	511.4763342	2422.180741	5816.300101	301.7089077	151309	149222	0	2087	151309	149222	0	5	0	4	0	1	6.7	106.8	338	1600.8	3844	199.4	24.3	40.9	67.7
5240	36.93594922	126.4900803	525.3161097	23	48	623.9165534	4060.117274	9909.636376	1101.802875	357238	288300	68938	0	357238	85482	0	13	0	10	3	0	10.3	147	174.7	1136.5	2774	308.4	35.4	26.9	56.2
5280	6	54	134	63	7	240.0204903	783.0307355	2394.120381	186.0076839	114435	114435	0	0	114435	114435	0	3	0	3	0	0	5.2	117.1	209.7	684.3	2092.1	162.5	47.2	55.1	6.1
5330	23.02999697	80.16498333	408.7824209	223	311	1186.096447	3153.009398	10185.71632	1255.986833	266483	263141	2940	402	266483	263141	0	9	0	6	2	1	8.6	153.4	445.1	1183.2	3822.3	471.3	30.1	84.7	118.2
5345	14	51	199	48	75	786	1287	4346	228	320093	320093	0	0	320093	320093	0	3	0	3	0	0	4.4	62.2	245.6	402.1	1357.7	71.2	15.9	15	23.4
5360	104	495.169769	2452	1544	2189.148175	7179.635889	11885.91065	37161.85256	2891.339538	1497399	1497399	0	0	1497399	1497399	0	43	0	43	0	0	6.9	163.8	479.5	793.8	2481.8	193.1	33.1	103.1	146.2
5380	63.52832106	180.2170979	2261.510106	686	317	2737.71356	7133.896248	38678.95745	3214.532143	2874918	2833846	18980	22092	2874918	2833846	0	39	0	36	1	2	2.2	78.7	95.2	248.1	1345.4	111.8	6.3	24.2	11.2
5483	47	299	2613	978	493	3424	7467	31638	4283	1672756	1672756	0	0	1672756	1672756	0	43	0	43	0	0	2.8	156.2	204.7	446.4	1891.4	256	17.9	58.5	29.5
5523	4	58	130	36	27	357	639	2789	159	138611	138611	0	0	138611	138611	0	7	0	7	0	0	2.9	93.8	257.6	461	2012.1	114.7	41.8	26	19.5
5560	252	287	1821	1147	1522	4316	10058	26683.27273	4710	1200570	1199887	683	0	1200570	1199887	0	19	0	18	1	0	21	151.7	359.5	837.8	2222.6	392.3	23.9	95.6	126.8
5600	495.0477574	935.4908086	19833.47322	237	128	28219.22832	21766.48509	129418.7261	11788.33547	9757275	9755278	0	1997	9757275	1354371	0	57	0	56	0	1	5.1	203.3	289.2	223.1	1326.4	120.8	9.6	17.5	9.5
5640	133	278	4038	1557	699	3665	8654	26004	6696	2042258	2042258	0	0	2042258	2042258	0	109	0	109	0	0	6.5	197.7	179.5	423.7	1273.3	327.9	13.6	76.2	34.2
5660	12.20891784	70.27216039	336.3195856	79	56	618.1224726	1446.493827	7219.284824	300.0919249	445312	433513	3063	8736	445312	433513	0	36	0	34	1	1	2.7	75.5	138.8	324.8	1621.2	67.4	15.8	18.2	12.9
5720	134	405	2424	1509	936	3277	10082	45905	3431	1666815	1666815	0	0	1666815	1666815	0	16	0	16	0	0	8	145.4	196.6	604.9	2754.1	205.8	24.3	90.5	56.2
5775	227	753	6948	3049	1850	7518	18839	49314	19260	2506947	2506947	0	0	2506947	2506947	0	36	0	36	0	0	9.1	277.1	299.9	751.5	1967.1	768.3	30	121.6	73.8
5790	12	164	266	125	207	1469	2384	5724	372	335426	335426	0	0	335426	335426	0	4	0	4	0	0	3.6	79.3	438	710.7	1706.5	110.9	48.9	37.3	61.7
5800	9.989465687	87.82091668	304.7015278	136.9051912	214.7858023	958.9922174	2727.808103	6953.00996	543.3995442	264694	264694	0	0	264694	264694	0	5	0	5	0	0	3.8	115.1	362.3	1030.6	2626.8	205.3	33.2	51.7	81.1
5880	88	510.8223128	1547.351996	764.1701783	859	4683.92505	16157.09077	34050.78384	5108.857986	1212474	1186233	26241	0	1212474	1186233	0	43	0	42	1	0	7.3	127.6	386.3	1332.6	2808.4	421.4	42.1	64.4	72.4
5910	5	99	110	41	29	402	1634	5271	527	251133	251133	0	0	251133	251133	0	7	0	7	0	0	2	43.8	160.1	650.7	2098.9	209.8	39.4	16.3	11.5
5920	32.09829449	336.1454235	1033.572712	529	429	1917.003209	5083.080929	20043.12156	2953.711548	797317	774145	15428	7744	797317	774145	0	17	0	13	2	2	4	129.6	240.4	637.5	2513.8	370.5	42.2	68.3	55.4
5945	69	456	2928	809	567	3976	10938	43511	6245	3017883	3017883	0	0	3017883	3017883	0	35	0	35	0	0	2.3	97	131.7	362.4	1441.8	206.9	15.1	26.8	18.8
5960	111	731	3538	1667	1730	9873	22784	54647	6021	2087292	2087292	0	0	2087292	2087292	0	37	0	37	0	0	5.3	169.5	473	1091.6	2618.1	288.5	35	79.9	82.9
5990	2	41	38	12	4	65	593	2286	118	94885	94885	0	0	94885	94885	0	2	0	2	0	0	2.1	40	68.5	625	2409.2	124.4	43.2	12.6	4.2
6015	9	83	170	54	116	728	1725	5108	331	164328	164328	0	0	164328	164328	0	7	0	7	0	0	5.5	103.5	443	1049.7	3108.4	201.4	50.5	32.9	70.6
6020	5.13417806	51.47625914	49.43495145	10	34	161.9943356	765.2693839	2345.522043	150.3373919	147764	141961	4312	1491	147764	141961	0	10	0	6	2	2	3.5	33.5	109.6	517.9	1587.3	101.7	34.8	7	24
6080	18	226	657	353	446	2067	3745	10136	850	453889	453889	0	0	453889	453889	0	5	0	5	0	0	4	144.7	455.4	825.1	2233.1	187.3	49.8	77.8	98.3
6120	17.33333333	0	449.9333333	0	0	846.3333333	2310.066667	5259.333333	442.7333333	353004	176031	80640	0	0	0	96333	32	26	4	2	0	6.8	175.3	329.7	900	2049.1	172.5			
6160	401.3101748	1724.599106	12636.04783	5281	3293	15316.01379	25328.27289	99389.1055	11368.54989	5334535	5276606	46909	11020	5334535	5276606	0	285	0	277	5	3	7.5	236.9	287.1	474.8	1863.1	213.1	32.3	100.1	62.4
6200	231.1583129	1110.994709	6082.921055	2851.833877	2575.8841	9756.662426	36209.83183	102761.9782	18220.61288	4362725	4359379	0	3346	4362725	4359379	0	29	0	28	0	1	5.3	139.4	223.6	830	2355.5	417.6	25.5	65.4	59.1
6240	13.06337624	63.59765266	216.34912	129	226	527.8281807	1888.754216	2496.525169	455.3825044	78057	76956	0	1101	78057	76956	0	5	0	4	0	1	16.7	277.2	676.2	2419.7	3198.3	583.4	81.5	167.6	293.7
6280	111.2915323	418.1687635	2552.002632	1141.250222	1035.166815	4900.188307	10198.65862	34237.62025	2539.756013	2280203	2182682	87359	10162	2280203	2182682	0	263	0	241	13	9	4.9	111.9	214.9	447.3	1501.5	111.4	18.3	52.3	47.4
6323	2.086054782	53.14209662	36.36736104	6	12	468.5406137	953.563028	1885.745449	98.76278342	131299	126324	0	4975	131299	126324	0	19	0	17	0	2	1.6	27.7	356.9	726.3	1436.2	75.2	40.5	4.7	9.5
6340	2	32	14	3	13	161	309	1890	80	81360	81360	0	0	81360	67359	0	4	0	4	0	0	2.5	17.2	197.9	379.8	2323	98.3	39.3	4.5	19.3
6403	6	68	169	29	11	214	1536	5690	252	276627	276627	0	0	276627	276627	0	14	0	14	0	0	2.2	61.1	77.4	555.3	2056.9	91.1	24.6	10.5	4
6440	48	814.1308562	1900.043619	441.0436187	345	3254.152666	9678.67609	48946.66074	6883.479806	2228305	2228305	0	0	2228305	2228305	0	55	0	55	0	0	2.2	85.3	146	434.4	2196.6	308.9	36.5	19.8	15.5
6483	31	269	751	224	305	1447	5342	17706	2277	973103	973103	0	0	973103	973103	0	33	0	33	0	0	3.2	77.2	148.7	549	1819.5	234	27.6	23	31.3
6520	5	107.860745	86.31299818	25	20.54774682	224.4257359	1746.153895	9870.661944	543.3992186	549438	549438	0	0	549438	549438	0	16	0	16	0	0	0.9	15.7	40.8	317.8	1796.5	98.9	19.6	4.6	3.7
6560	6	32	169	46	169	724	1558	2784	389	158754	158754	0	0	158754	158754	0	2	0	2	0	0	3.8	106.5	456.1	981.4	1753.7	245	20.2	29	106.5
6580	3	18	62	14	62	389	1068	2906	177	149640	149640	0	0	149640	149640	0	2	0	2	0	0	2	41.4	260	713.7	1942	118.3	12	9.4	41.4
6600	5	41	267	129	59	278	1468	3936	238	200613	200613	0	0	200613	200613	0	7	0	7	0	0	2.5	133.1	138.6	731.8	1962	118.6	20.4	64.3	29.4
6640	52.32843424	305.9690943	1986.583282	1084	747	2859.67003	13577.10026	32202.66137	2825.721501	1588481	1575404	8179	4898	1588481	1575404	0	43	0	37	3	3	3.3	125.1	180	854.7	2027.3	177.9	19.3	68.8	47.4
6660	3	131	43	6	23	206	513	2598	150	99888	99888	0	0	99888	99888	0	3	0	3	0	0	3	43	206.2	513.6	2600.9	150.2	131.1	6	23
6680	16	54.13790707	460.8984202	202.7586047	123	785.6551165	2158.727539	6487.944045	967.8274424	407999	407999	0	0	407999	407999	0	41	0	41	0	0	3.9	113	192.6	529.1	1590.2	237.2	13.3	49.7	30.1
6690	3	111	130	26	89	1036	1462	2839	339	181512	181512	0	0	181512	181512	0	3	0	3	0	0	1.7	71.6	570.8	805.5	1564.1	186.8	61.2	14.3	49
6720	17	124	534	163	162	1471	3172	9168	1126	413837	413837	0	0	413837	413837	0	3	0	3	0	0	4.1	129	355.5	766.5	2215.4	272.1	30	39.4	39.1
6740	1	108	100	19	112	450	1134	4429	449	242824	242824	0	0	242824	242824	0	8	0	8	0	0	0.4	41.2	185.3	467	1824	184.9	44.5	7.8	46.1
6760	71	180	1636	1034	368	1650	6550	23972	2469	1124949	1124949	0	0	1124949	1124949	0	14	0	14	0	0	6.3	145.4	146.7	582.2	2130.9	219.5	16	91.9	32.7
6780	215.4	928.2	5675	1496	1306	10599.2	32755.2	67830.2	18433.4	4208217	4135756	72461	0	4208217	4135756	0	52	0	51	1	0	5.1	134.9	251.9	778.4	1611.9	438	22.1	36.2	31.6
6800	11	63	214	97	93	540	1404	5866	404	243094	243094	0	0	243094	243094	0	5	0	5	0	0	4.5	88	222.1	577.6	2413.1	166.2	25.9	39.9	38.3
6820	1	71	59	11	25	157	529	2583	138	143601	143601	0	0	143601	143601	0	2	0	2	0	0	0.7	41.1	109.3	368.4	1798.7	96.1	49.4	7.7	17.4
6840	38	257.0927706	1100	464	366	1721.428571	5915.428571	22579.55292	1521.714286	1090476	1086028	4448	0	1090476	1086028	0	42	0	41	1	0	3.5	100.9	157.9	542.5	2070.6	139.5	23.6	42.7	33.7
6880	23.09090909	0	614.4545455	263	625	1476.272727	3085.090909	7209.181818	577.4545455	412372	192926	89721	0	0	157943	129725	20	15	3	2	0	8.2	217.4	522.3	1091.5	2550.6	204.3		166.5	395.7
6895	10.60133167	50	323.5066583	176.803995	217	601.10799	2285.451935	3775.046608	305.2026633	146985	142434	4551	0	146985	142434	0	14	0	13	1	0	7.2	220.1	409	1554.9	2568.3	207.6	34	124.1	152.4
6920	79	559	3509	1172	1105	6177	15064	38024	9513	1939191	1939191	0	0	1939191	1939191	0	16	0	16	0	0	4.1	181	318.5	776.8	1960.8	490.6	28.8	60.4	57
6960	20	221	397	168	671	1693	3332.666667	6347.666667	456	387948	386642	1306	0	387948	386642	0	25	0	24	1	0	5.2	102.3	436.4	859	1636.2	117.5	57	43.5	173.5
6980	2	105	47	8	21	227.5333333	598.3333333	3872.8	153.4	195880	187475	8405	0	195880	187475	0	19	0	17	2	0	1	24	116.2	305.5	1977.1	78.3	53.6	4.3	11.2
7000	4	13	112	35	26	337	1147.117073	2979.331707	213.0390244	106753	106753	0	0	106753	106753	0	6	0	6	0	0	3.7	104.9	315.7	1074.6	2790.9	199.6	12.2	32.8	24.4
7040	226.2124124	530.8683723	4374.954294	2260	2803.775447	9537.728908	17182.5221	57841.21899	8916.882249	2732321	2328968	35522	423	2109773	2107055	367408	182	51	124	6	1	9.6	185	403.3	726.6	2445.8	377	25.2	107.3	133.1
7080	7	130	200	47	82	632	2189	8928	1281	396094	396094	0	0	396094	396094	0	17	0	17	0	0	1.8	50.5	159.6	552.6	2254	323.4	32.8	11.9	20.7
7120	51	125	657	238	214	1285	3151	6245	1808	407403	407403	0	0	407403	407403	0	13	0	13	0	0	12.5	161.3	315.4	773.4	1532.9	443.8	30.7	58.4	52.5
7160	28.00440953	615.2541349	1154.811165	374	440.4522532	2898.947218	10748.71784	49282.32584	5738.313733	1562080	1561708	0	372	1562080	1561708	0	34	0	33	0	1	1.8	73.9	185.6	688.1	3154.9	367.4	39.4	23.9	28.2
7200	9	80	45	5	74	266	1114	3357	170	108410	108410	0	0	108410	108410	0	2	0	2	0	0	8.3	41.5	245.4	1027.6	3096.6	156.8	73.8	4.6	68.3
7240	124	819	2998	1639	1633.007668	5507.166898	22903.15295	81557.18316	6780.860985	1927883	1925465	2418	0	1927883	1925465	0	38	0	37	1	0	6.4	155.5	285.7	1188	4230.4	351.7	42.5	85.1	84.8
7320	75	746	4033	814	850	7921	14522	41278	13938	3010824	3010824	0	0	3010824	3010824	0	19	0	19	0	0	2.5	134	263.1	482.3	1371	462.9	24.8	27	28.2
7360	65	345	4357	1101	491	3859	9547	39513	7526	1768528	1768528	0	0	1768528	1768528	0	32	0	32	0	0	3.7	246.4	218.2	539.8	2234.2	425.6	19.5	62.3	27.8
7400	46	387	1499	300	307	3081	7094	28303	7356	1767336	1767336	0	0	1767336	1767336	0	16	0	16	0	0	2.6	84.8	174.3	401.4	1601.4	416.2	21.9	17	17.4
7460	4	89	106	23	10	495	1433	4169	375	266382	266382	0	0	266382	266382	0	8	0	8	0	0	1.5	39.8	185.8	537.9	1565	140.8	33.4	8.6	3.8
7480	11	123	262	30	66	1501	2290	5937	682	404613	404613	0	0	404613	404613	0	9	0	9	0	0	2.7	64.8	371	566	1467.3	168.6	30.4	7.4	16.3
7485	10	79	222	36	74	904	1732	6480	847	251964	251964	0	0	251964	251964	0	5	0	5	0	0	4	88.1	358.8	687.4	2571.8	336.2	31.4	14.3	29.4
7490	14.80340557	44.80340557	114.5526316	23.80340557	26.35603715	434.130031	3043.662539	2535.239938	289.247678	164171	145984	18187	0	164171	145984	0	5	0	4	1	0	9	69.8	264.4	1854	1544.3	176.2	27.3	16.3	18.1
7500	9	163	318	71	92	1427	1993	6671	786	465831	465831	0	0	465831	465831	0	10	0	10	0	0	1.9	68.3	306.3	427.8	1432.1	168.7	35	15.2	19.7
7510	42	182	947	360	565	2882	6706	19190	1263	693167	693167	0	0	693167	693167	0	11	0	11	0	0	6.1	136.6	415.8	967.4	2768.5	182.2	26.3	51.9	81.5
7520	31	76.16363636	711.7636364	471	216	629.2545455	3589.018182	9218.8	1397.854545	337908	278424	59484	0	337908	278424	0	14	0	12	2	0	9.2	210.6	186.2	1062.1	2728.2	413.7	22.5	169.2	77.6
7560	30.40777798	139.7172155	327.1408513	71	114	1076.190347	2651.746619	10503.38096	676.00532	614671	575573	24884	14214	614671	575573	0	98	0	84	6	8	4.9	53.2	175.1	431.4	1708.8	110	22.7	12.3	19.8
7600	60.83351951	760.6576602	3636.715508	886.5888409	533.4460151	4513.660888	21200.67058	72182.06465	10225.31441	2681971	2345002	336969	0	2681971	2345002	0	59	0	58	1	0	2.3	135.6	168.3	790.5	2691.4	381.3	28.4	37.8	22.7
7610	1	33	61.5	21	35	169	588	1880.5	100	116563	113784	2779	0	116563	113784	0	16	0	15	1	0	0.9	52.8	145	504.4	1613.3	85.8	28.3	18.5	30.8
7620	2	26	32	7	2	99	477	2396	68	114705	114705	0	0	114705	114705	0	6	0	6	0	0	1.7	27.9	86.3	415.8	2088.8	59.3	22.7	6.1	1.7
7640	4	10	67	21	70	262	942	2768	182	119831	118792	1039	0	119831	118792	0	10	0	9	1	0	3.3	55.9	218.6	786.1	2309.9	151.9	8.3	17.7	58.9
7680	38.87147044	181.522193	586.9331549	329	603	2047.386425	3947.099466	10857.00989	962.1310635	407815	395150	2655	10010	407815	395150	0	15	0	10	1	4	9.5	143.9	502	967.9	2662.2	235.9	44.5	83.3	152.6
7720	4	28	43	5	20	319	728.6080586	2434.216117	197	122482	122150	332	0	122482	122150	0	6	0	5	1	0	3.3	35.1	260.4	594.9	1987.4	160.8	22.9	4.1	16.4
7760	2.076229402	152.1761108	48.31580752	15	30	303.6353593	942.114687	4074.506224	331.9928544	225257	223701	0	1556	225257	223701	0	10	0	8	0	2	0.9	21.4	134.8	418.2	1808.8	147.4	67.6	6.7	13.4
7800	17.03265927	81.16966213	447.5640643	202	118	547.049525	3166.623778	7926.823381	614.5906171	267217	266599	0	618	267217	266599	0	6	0	5	0	1	6.4	167.5	204.7	1185	2966.4	230	30.4	75.8	44.3
7840	10	116	538	126	109	1111.2	4071	13738.8	2260	470570	465750	4820	0	470570	465750	0	7	0	6	1	0	2.1	114.3	236.1	865.1	2919.6	480.3	24.7	27.1	23.4
7880	12	0	269	0	0	1086	1733	5340	267	207208	131432	0	0	0	0	75776	19	16	3	0	0	9.1	204.7	826.3	1318.6	4062.9	203.1			
7920	7	152.3636364	329.1818182	81	80	1156	3379.272727	13620.27273	1037.818182	385321	300314	85007	0	385321	300314	0	24	0	23	1	0	1.8	85.4	300	877	3534.8	269.3	39.5	27	26.6
8003	23.15100668	293.0041213	826.9089572	262	369	2389.005941	4686.10256	13191.14227	1639.867156	624885	616155	0	8730	624885	616155	0	41	0	35	0	6	3.7	132.3	382.3	749.9	2111	262.4	46.9	42.5	59.9
8050	2	25	25	2	5	133	384	2256	51	146172	146172	0	0	146172	146172	0	6	0	6	0	0	1.4	17.1	91	262.7	1543.4	34.9	17.1	1.4	3.4
8080	1.379980657	20.06597715	50.86876594	5	11	157.7283928	492.3346653	1705.847027	92.45487618	121343	88676	24377	8290	121343	88676	0	25	0	12	3	10	1.1	41.9	130	405.7	1405.8	76.2	16.5	5.6	12.4
8120	51	148	1759	606	684	3573	7521	17218	3991	682784	682784	0	0	682784	682784	0	7	0	7	0	0	7.5	257.6	523.3	1101.5	2521.7	584.5	21.7	88.8	100.2
8140	14	19	141.5	91	174	540	1301.5	1960	246	104675	103673	1002	0	104675	103673	0	3	0	2	1	0	13.4	135.2	515.9	1243.4	1872.5	235	18.2	87.8	167.8
8160	23.10271315	163.6254497	566.5986287	145	188	1345.943226	4251.958675	12187.71947	615.7325226	722508	718213	0	4295	722508	718213	0	32	0	31	0	1	3.2	78.4	186.3	588.5	1686.9	85.2	22.6	20.2	26.2
8200	32.56648049	355.9423398	1237.666311	415.4111591	594.5539849	2616.284567	7985.456694	23068.58989	3864.812861	799945	793434	6511	0	799945	793434	0	21	0	20	1	0	4.1	154.7	327.1	998.3	2883.8	483.1	44.5	52.4	74.9
8240	12.35756555	151.1902643	581.2537631	331	257	1773.031518	4504.993106	6993.634553	468.6803462	311902	305060	0	6842	311902	305060	0	8	0	7	0	1	4	186.4	568.5	1444.4	2242.3	150.3	48.5	108.5	84.2
8280	99	806	4290	1729	1907	11005	27088	70799	8435	2750962	2750962	0	0	2750962	2750962	0	34	0	34	0	0	3.6	155.9	400	984.7	2573.6	306.6	29.3	62.9	69.3
8320	1.869528966	36.23081982	69.13929045	18	3	164.0796273	1429.184703	3800.018173	441.9073844	149137	84564	2221	62352	149137	84564	0	7	0	4	1	2	1.3	46.4	110	958.3	2548	296.3	24.3	21.3	3.5
8360	14.51826319	72.89110882	227.1702271	121	175	713.7401732	1762.168829	3607.441054	390.228804	136443	123071	0	13372	136443	123071	0	9	0	8	0	1	10.6	166.5	523.1	1291.5	2643.9	286	53.4	98.3	142.2
8400	34.86093931	225.6763111	1328.833836	354	297	2040.537559	9884.177906	9676.302695	1644.066671	609029	566214	13148	29667	609029	566214	0	31	0	19	6	6	5.7	218.2	335	1622.9	1588.8	269.9	37.1	62.5	52.5
8440	12.03578656	59.78488796	313.7318708	170	204	445.0341209	1974.605319	5750.215304	456.09176	175415	172907	1126	1382	175415	172907	0	5	0	3	1	1	6.9	178.9	253.7	1125.7	3278.1	260	34.1	98.3	118
8480	17	63	699	256	145	898	1663	5404	634	366219	366219	0	0	366219	366219	0	13	0	13	0	0	4.6	190.9	245.2	454.1	1475.6	173.1	17.2	69.9	39.6
8520	55	301	1559	694	967	2566	7998	11764	4872	1020210	1020210	0	0	1020210	1020210	0	6	0	6	0	0	5.4	152.8	251.5	784	1153.1	477.5	29.5	68	94.8
8560	74.00072132	392.0093772	1226.02371	618.0014426	988.0079345	3862.990816	9226.586223	21071.12892	2816.96177	872344	871747	597	0	872344	871747	0	43	0	42	1	0	8.5	140.5	442.8	1057.7	2415.5	322.9	44.9	70.9	113.3
8600	11	59	259.1646884	140.1646884	155.0700448	470.0294875	2466.733225	5693.783834	479.7724611	181913	179445	2468	0	181913	179445	0	6	0	5	1	0	6	142.5	258.4	1356	3129.9	263.7	32.4	78.1	86.4
8640	5.069800494	106.6049017	116.6021463	44.93975904	158.1262353	655.5831305	1838.659124	6067.928939	430.0519634	204582	202485	0	2097	204582	202485	0	8	0	7	0	1	2.5	57	320.5	898.7	2966	210.2	52.1	22.2	78.1
8680	8.104841551	61.63841016	196.6731986	57	82	549.0386259	1339.825331	5709.757637	155.8098671	293084	288700	0	4384	293084	288700	0	23	0	21	0	2	2.8	67.1	187.3	457.1	1948.2	53.2	21	19.7	28.4
8720	21	146	903	338	232	1574	4884	9109	2393	541290	541290	0	0	541290	541290	0	14	0	14	0	0	3.9	166.8	290.8	902.3	1682.8	442.1	27	62.4	42.9
8735	29	116	757	136	180	1119	2954	11221	1154	799696	799696	0	0	799696	799696	0	11	0	11	0	0	3.6	94.7	139.9	369.4	1403.2	144.3	14.5	17	22.5
8750	2	60	85	28	150	387	1189	3475	135	87157	87157	0	0	87157	87157	0	2	0	2	0	0	2.3	97.5	444	1364.2	3987.1	154.9	68.8	32.1	172.1
8760	8	29	311	66	92	511	1429	3604	227	157963	157963	0	0	157963	157963	0	4	0	4	0	0	5.1	196.9	323.5	904.6	2281.5	143.7	18.4	41.8	58.2
8780	31	132	488	188	301	1579	4139	9326	2216	431712	431712	0	0	431712	431712	0	9	0	9	0	0	7.2	113	365.8	958.7	2160.2	513.3	30.6	43.5	69.7
8800	14	122.9974093	260	110	123	866.9974093	2537.96114	7391.953368	476.9974093	232320	232320	0	0	232320	232320	0	14	0	14	0	0	6	111.9	373.2	1092.4	3181.8	205.3	52.9	47.3	52.9
8840	330	975.7142857	10462	4683	1921	10657	22531.4	112593.4	18500.33333	5629783	5628643	1140	0	5629783	5622617	0	73	0	72	1	0	5.9	185.8	189.3	400.2	2000	328.6	17.3	83.3	34.2
8920	2	65	156	56	114	574	1013	2543	188	128198	128198	0	0	128198	128198	0	4	0	4	0	0	1.6	121.7	447.7	790.2	1983.7	146.6	50.7	43.7	88.9
8940	2	39	17.33046278	1	1	147.7667207	514.4427176	1670.651163	61.83725074	131469	131469	0	0	131469	131469	0	12	0	12	0	0	1.5	13.2	112.4	391.3	1270.8	47	29.7	0.8	0.8
8960	86	388	2667	1165	1074	4903	13203	35361	3403	1269333	1269333	0	0	1269333	1269333	0	33	0	33	0	0	6.8	210.1	386.3	1040.2	2785.8	268.1	30.6	91.8	84.6
9000	4.410463345	51.53829752	59.2660952	6	16	225.6414588	653.0507235	2077.913436	152.3035822	144342	117503	16910	9929	144342	117503	0	25	0	15	4	6	3.1	41.1	156.3	452.4	1439.6	105.5	35.7	5.1	13.6
9040	27.03042634	326.9173262	565.2904319	278	1018.822768	2863.909137	5192.360773	17079.95764	1924.587664	584618	560779	22664	1175	584618	560779	0	36	0	19	15	2	4.6	96.7	489.9	888.2	2921.6	329.2	55.9	49.6	181.7
9080	11	49	164	50	76	358	1495	4358	353	136139	136139	0	0	136139	136139	0	7	0	7	0	0	8.1	120.5	263	1098.1	3201.1	259.3	36	36.7	55.8
9140	2	32	71	20	11	106	446	1640	83	116606	116606	0	0	116606	116606	0	11	0	11	0	0	1.7	60.9	90.9	382.5	1406.4	71.2	27.4	17.2	9.4
9160	35	176.0846231	1430.22002	642.1353969	635.0846231	2661.609286	4698.133949	15062.65572	1652.152322	635820	635820	0	0	635820	635820	0	16	0	16	0	0	5.5	224.9	418.6	738.9	2369	259.8	27.7	101	99.9
9200	8.371885731	99.66039122	406.8650225	164	171	799.8659759	3938.635875	8762.415347	785.9083831	304000	297663	791	5546	304000	297663	0	18	0	13	2	3	2.8	133.8	263.1	1295.6	2882.4	258.5	32.8	55.1	57.4
9260	17.42857143	114.7714286	226.7142857	31	58	426.5714286	3250.971429	6056.285714	1523.914286	237299	149883	87416	0	237299	149883	0	13	0	10	3	0	7.3	95.5	179.8	1370	2552.2	642.2	48.4	20.7	38.7
9270	7	68	171	39	17	310	1357	3844	559	200326	200326	0	0	200326	200326	0	5	0	5	0	0	3.5	85.4	154.7	677.4	1918.9	279	33.9	19.5	8.5
9280	19	118	464	181	95	418	1468	7003	453	430605	430605	0	0	430605	430605	0	21	0	21	0	0	4.4	107.8	97.1	340.9	1626.3	105.2	27.4	42	22.1
9320	31.19180595	129.6744206	632.7417839	296.0149289	282.0053567	862.373421	5412.558498	10844.80118	1108.050319	554869	482412	31481	40976	554869	482412	0	55	0	37	9	9	5.6	114	155.4	975.5	1954.5	199.7	23.4	61.4	58.5
9340	4	48	100	22	30	443	899	2309	409	167852	167852	0	0	167852	167852	0	5	0	5	0	0	2.4	59.6	263.9	535.6	1375.6	243.7	28.6	13.1	17.9
9360	10.51315562	49.23681616	110.7192716	28	114	659.5130126	1772.082954	3254.073491	526.8375856	196196	169974	0	26222	196196	169974	0	5	0	4	0	1	5.4	56.4	336.2	903.2	1658.6	268.5	25.1	16.5	67.1
